alpha_1,alpha_2,alpha_3,alpha_4,alpha_5,beta_11,beta_22,beta_33,beta_44,beta_55,beta_12,beta_13,beta_14,beta_15,beta_23,beta_24,beta_25,beta_34,beta_35,beta_45
-0.383284377632663,-0.143186253262684,-0.417284045834094,-0.484734027646482,-0.239619278348982,-0.281591122224927,0.272755873482674,-0.119850566284731,0.23610511883162,0.224156416067854,-0.31122927297838,-0.299522570567206,-0.918547891778871,-0.657877432415262,-1.41271853120998,-1.31688873725943,-0.025733734248206,-0.676447820384055,0.860324304085225,-1.45322119561024
0.250813407357782,0.13806819729507,0.170440646121278,-0.0167665164917707,-0.0217247193213552,0.254708606377244,-0.0119370129425079,0.239965355722234,-0.0174659080803394,0.243292482756078,0.349168102489784,-0.422176563413814,-1.49554385407828,-1.33145320485346,-0.0760359596461058,-0.411038485821337,0.770367179531604,0.27296584029682,-0.909495229599997,-0.735579202417284
-0.40931016462855,-0.19113908521831,0.176049381261691,0.14970277599059,-0.2927774367854,-0.00626283902674912,-0.0122851262334734,0.0472039529588074,0.0871590446680784,0.0569848235696554,1.09399971202947,-0.471245639026165,-0.83265074598603,1.40333281760104,0.844959326321259,-1.16726593323983,-1.02549059386365,1.24163223174401,-1.14083800278604,0.774036655901
0.45126854069531,0.469540731282905,0.00090169720351696,-0.369018419180065,-0.490626089042053,-0.115052240760997,-0.297949136048555,0.276245301682502,0.0702691031154245,-0.133443547412753,-1.17093501565978,1.39372522872873,1.31201406684704,-0.303897162666544,0.0142528102733195,-0.973561904160306,0.340937094530091,-0.565373407909647,0.779638346051797,0.392131322063506
0.191536870552227,-0.374282098608091,-0.245279698632658,-0.127430043648928,0.294683445245028,-0.0298484031111002,0.143764735059813,0.256444761715829,0.0847524745389819,-0.0467788852751255,-0.167569229146466,1.02052635513246,-0.713316761422902,-0.729111959924921,1.38361560017802,-0.936967968475074,-0.279218198731542,0.292609874624759,0.85168100008741,0.813947083661333
0.14895409764722,-0.16185576072894,0.303897762205452,0.359008888248354,0.486075996886939,0.20080538559705,0.00225049112923442,-0.227275653602555,-0.202772921556607,0.262309350678697,-1.44489932991564,-1.23620307818055,-0.0936663213651627,0.6907147038728,0.510971518233418,-1.0889438346494,-1.45637968252413,-0.276902634417638,-1.1804806322325,1.00080561311916
-0.0371111989952624,-0.3479237803258,-0.113632135791704,-0.0795394128654152,-0.123571275034919,0.286561928736046,0.103491795575246,-0.0130444456357509,-0.190610245149583,-0.14384034764953,-0.506672669900581,-0.314950618660077,1.48956033959985,1.22912985482253,1.04023926076479,-0.558589500607923,-0.876493743387982,-0.250549004646018,-1.10684411320835,-0.652243682881817
0.315600395668298,0.330137956421822,0.19098892994225,0.179990553995594,0.281460710568354,0.234143188549206,0.280486133135855,-0.0633971824776381,-0.0649694133549929,0.281717889010906,0.918266592314467,-0.360210382612422,0.919512736843899,1.01967985765077,1.19277590559795,-1.0071220274549,-1.18431086512282,-0.0430738124996424,0.612503874348477,-1.47926122765057
0.118546067504212,0.406103200279176,0.201677223667502,-0.344049867242575,0.428736118599772,0.13535948577337,-0.0984375934582204,0.250874998653308,-0.123312971228734,0.226956093125045,-0.285230877343565,-1.31092638359405,0.421591182472184,-0.0885258957277983,0.103985967580229,-0.762592257466167,0.198886873433366,-0.0995219685137272,0.610146598191932,0.588926268741488
0.370382214197889,-0.169918852858245,-0.230636210879311,0.0795866725966334,0.272165732225403,-0.115301723498851,-0.0243182516656816,-0.273541205003858,0.229909427231178,-0.196845531184226,0.029848953941837,-0.545147951692343,-0.413336606696248,0.768111148383468,-1.36834687320516,-0.257748156320304,-0.955425207735971,-0.055356542346999,-0.944510264089331,-1.29956177040003
0.313416859600693,-0.154101033695042,-0.365436039166525,-0.498894630931318,0.111489196540788,-0.00530602256767454,-0.249536546319723,-0.0727595475967973,0.0783245822880417,-0.0105750045273453,0.821634940803051,1.31184991705231,0.0250196931883693,-0.801193688297644,0.521537957014516,0.270840045064688,-0.155115973670036,-0.171047240495682,-0.302248298423365,1.34050925052725
0.153967365855351,0.143742864252999,0.0658384894486517,0.449693826260045,-0.466401164419949,0.113826187234372,-0.101449067657813,-0.0136297252960503,0.0461162160616368,0.0153850117698312,0.263264147099108,0.896476573543623,-0.997893415158615,-1.07267094939016,0.687815057812259,0.421666481299326,-1.16796779748984,0.0362820366863161,0.972135175019503,0.743924809154123
0.333762042457238,-0.485360878985375,-0.144640038954094,-0.208639498101547,-0.454792395466939,-0.183237254060805,0.229790488723665,-0.19027962195687,-0.169150791596621,0.282493823440745,1.35450524627231,1.40927250590175,0.435546674765646,0.349658175604418,-1.09828866273165,1.03277717088349,-1.49502298166044,-0.886323760729283,0.894158104201779,0.00195706472732127
-0.348797317361459,-0.141523951897398,-0.460210610879585,-0.0491162037942559,-0.0161282140761614,-0.00681087174452844,0.20079935551621,0.212366149853915,-0.213845763215795,-0.180203436641023,-0.00364938494749367,-0.699976169737056,0.828811874147505,-1.18337092618458,-1.11811075243168,1.37218273803592,-1.48887921287678,0.110411818837747,0.209779230644926,0.342723190085962
-0.473264537286013,-0.496081483317539,-0.188342603389174,-0.131725725485012,-0.151568957604468,-0.000415403209626686,-0.0865172551944852,-0.0616588665638119,0.172075479291379,-0.284002331178635,0.311415212927386,-0.220137052936479,-1.3583426491823,0.276971118757501,1.17775482544675,-0.00566875305958092,-0.947138283401728,-1.08875069464557,-0.817964222515002,-0.703816322609782
-0.266575817484409,-0.230460560182109,0.187169315526262,0.442343999631703,0.37934131687507,-0.0332500359043479,0.10948871425353,-0.0849534903187305,0.0697454209439456,-0.280203262483701,-1.2396619473584,0.795931328320876,0.552190327551216,0.577959878370166,1.47548466199078,0.0134375221095979,0.675739945610985,-0.0875099294353276,-0.501056585926563,-1.11820072098635
-0.298048881348222,-0.407358223339543,-0.259985755663365,0.226407964946702,0.423640661872923,0.00222817696630956,-0.0927878097631037,0.258132051117718,-0.124209786532447,0.0336422877386212,1.4401221871376,-0.112093714764342,-1.42012409423478,-0.91947061358951,1.09933874756098,0.429919764166698,1.05907041812316,1.34369226917624,-0.962277447804809,-0.583447043783963
0.0321713150478899,0.173629644559696,-0.405130985891446,0.12974604498595,-0.188637325773016,-0.0959053329192102,-0.0413639933802187,0.0588312744162977,0.140645705536008,0.0718045078217983,-0.488518486032262,-0.365498477825895,0.567719860235229,1.2662067823112,0.798475146526471,-0.770379033638164,1.3557536622975,0.59408337646164,-0.190654892474413,0.00369666516780853
0.162640875671059,-0.109661015449092,-0.232298973482102,-0.240790806012228,-0.313942019129172,0.210237783752382,0.142903799889609,0.262069927761331,0.0541224120184779,-0.147761219087988,-0.374972478719428,-0.013470372185111,0.436021288856864,1.20009149797261,1.23353558708914,-0.0288433644454926,-0.175267717335373,0.210415573557839,0.418475191108882,0.538535865722224
-0.142209051875398,0.328428601380438,-0.0914172001648694,0.431409396696836,-0.190713534597307,-0.0312185355462134,0.0692102677188814,0.193922621151432,-0.0731733284890652,-0.292358922120184,0.791742355562747,-1.01545154233463,-1.38755369419232,-0.417207796359435,0.400108486879617,0.714824829949066,-0.329051541164517,1.21282780473121,-0.188506059581414,1.38379555474967
-0.418118986766785,-0.0453261763323098,-0.28870178735815,-0.13382302923128,-0.26287528546527,0.126686314819381,0.16489261072129,-0.162056235736236,0.0936558017972857,-0.14753556791693,-0.559660975355655,0.532551299314946,-0.281016403343529,-0.779560490744188,0.715186164015904,-1.08574832906015,-0.0715068415738642,0.591217832872644,-0.958641504636034,-1.42723054764792
-0.10463220695965,-0.193125944817439,0.0484436666592956,0.111414134502411,-0.311061282409355,-0.260086080338806,0.181972736958414,0.284793942561373,-0.110099835321307,0.0377120275050402,-0.247348624281585,-0.754391423659399,-1.40247343853116,1.04844568879344,0.53960717911832,0.857422451488674,1.2836507409811,0.633029297925532,1.11034113261849,1.2335588496644
0.0333449323661625,0.0698171963449568,0.0824502247851342,0.0507033271715045,0.267515946179628,-0.260471572168171,-0.261917283665389,-0.0543677468318492,0.245727664791048,-0.270403169095516,0.48124394682236,0.00391467427834868,-0.195037973346189,0.720019621308893,-0.717296761460602,-0.727824599482119,0.409182882634923,1.48672405793332,-1.44861222035252,-0.956843371270224
-0.263717954978347,-0.155136278597638,0.0448992850724608,-0.0495522930286825,-0.441735185217112,0.00915036918595435,-0.0382697315420956,-0.135270292824134,-0.199583367118612,-0.278215071978047,1.25314339832403,0.986385611817241,-0.597023419104517,-0.0997720258310437,-0.0707677497994155,-0.230672879610211,-1.05246267118491,-0.100225741043687,0.784815563354641,-0.511863029329106
-0.165502906544134,-0.418138134526089,-0.135961943073198,-0.115001269849017,-0.0766035600099713,-0.216690199216828,0.108676523482427,-0.254482159204781,0.281212459690869,-0.258079747064039,-0.280794259859249,0.525366581277922,1.41031387983821,-0.999915463384241,1.10279655572958,-0.589263953268528,1.42683770530857,-1.05051335901953,-0.713382380548865,0.875366767169908
-0.278312263078988,-0.00994961964897811,0.0204067977610976,-0.391289522638544,-0.234992692014202,-0.139734201086685,-0.228093498386443,0.126389661664143,-0.0817258232273161,0.255902285361663,0.549595613032579,0.31394803058356,-1.14439121098258,0.794223273172975,-0.00783284730277956,-0.744129779515788,-0.661934569012374,-0.0577615743968636,1.2473581074737,0.336785996099934
-0.480444279033691,0.0415384317748249,-0.291854406474158,-0.0154817549046129,-0.443804840091616,0.0275116465520114,0.0220772157423198,0.0352617528755218,0.231852919002995,0.246273168828338,0.523675653152168,0.158229050925002,0.455465539824218,-0.27423873427324,-1.13129157107323,-0.356013137614354,1.26687597460113,-0.888064971892163,1.39831203175709,0.658188773319125
0.170472890138626,0.29679371509701,-0.180962749058381,0.366777068004012,-0.220565685071051,-0.269196423143148,-0.160362140228972,0.0190004887059331,0.286616786615923,0.240065650781617,0.476884097093716,0.0281122578307986,0.754409256856889,-1.24515327019617,-1.41168866702355,1.13491156697273,-1.18015691265464,0.674573593307287,-0.405988076236099,0.998425446683541
-0.133675472578034,0.113124134251848,0.0314683753531426,-0.252051036572084,0.381168555701151,0.193758774921298,-0.0880571855697781,0.157809100532904,-0.249317320436239,-0.139613059675321,-1.01013955101371,0.990335997892544,1.16949273250066,0.57620359165594,-1.0552049735561,-0.536010412266478,1.3390690383967,-1.25695612141863,-1.10146900964901,0.773919987492263
-0.068882595282048,-0.205129139591008,0.478357789572328,0.147383782546967,0.417038342915475,-0.0305606032256037,-0.268335755076259,-0.182368194591254,0.293902413826436,0.129150878218934,-0.462227592011914,0.223578091012314,-0.788654442876577,-0.942992275580764,0.331219240324572,0.727785442024469,0.919302130350843,-0.323082101298496,-1.31012031272985,-1.21927055669948
0.157812765566632,-0.306618075584993,0.157308501889929,-0.25431723264046,0.141998074017465,0.13499715984799,0.255816664360464,-0.226662732800469,-0.222650840738788,-0.254897096101195,0.303732399595901,-1.01509181829169,-0.0263307660352439,-0.940014821710065,-0.451556372456253,0.954336105845869,0.648760962998495,1.47086541471072,0.337997329887003,-1.20408202847466
-0.280266019282863,0.221971741411835,-0.327569348970428,0.194809501059353,-0.105996430153027,0.180843487288803,0.139673097571358,-0.243614517431706,0.23512737932615,0.0231170766055584,-0.882813576143235,0.891859970754012,0.092601963551715,0.387081087101251,1.21578468801454,0.594139178982005,0.0206489120610058,1.38607082306407,-1.21997167845257,-0.969985206378624
-0.241551565006375,-0.111433095065877,-0.294917374150828,-0.177911415230483,0.164325775811449,-0.106256930809468,0.0390584098175168,0.156225412013009,0.190719379205257,-0.137172448402271,1.01749289757572,-0.968293681042269,-0.0165843113791198,1.07023746985942,0.471166683593765,1.46511523635127,-1.05173120065592,0.030106119113043,-0.0803927346132696,0.21290475083515
0.341421908000484,-0.153296963311732,0.299791801488027,0.11058863485232,-0.0896890971343964,0.208866484975442,0.185839773248881,0.239443091209978,0.0951250436715781,0.280252558551729,0.193630167050287,0.914368299068883,-0.75963522051461,-0.41355342278257,0.00783354300074279,-0.528948141261935,0.84562356909737,-0.674208901589736,-1.35085992445238,1.2763771363534
-0.378344057360664,0.144490906503052,-0.305233472026885,0.499758700607345,0.143722759792581,-0.166480022901669,0.14411391033791,0.0759880018886179,0.192929775780067,-0.288379005622119,1.16900762775913,0.535191527567804,0.445367241511121,0.57637358782813,0.916350648505613,-0.993283625459298,-1.48095165006816,-0.348743062466383,0.0471959221176803,-1.41282018483616
0.150979374535382,0.259810645831749,0.127774040447548,0.308698659297079,-0.226424491032958,0.11542257447727,0.283391140820459,-0.237497565848753,0.0235531033482402,-0.17409680178389,-1.15817483863793,1.49323798064142,1.08996717631817,-1.10645365901291,0.756482434691861,-0.394469630671665,1.34703392372467,-0.0832488213200122,1.07263538008556,0.776704836403951
0.0138501680921763,0.395930069964379,-0.466439528157935,0.372359624831006,0.406335691455752,-0.0631207227241248,0.0647132119629532,0.0562155538704247,0.122786534484476,-0.128216897556558,1.4365057060495,-1.34787020017393,-0.838457378558815,0.333558599464595,-1.28544505010359,-0.949378942837939,0.88967552036047,1.27842368767597,-1.4176654019393,0.52970473933965
-0.367745952913538,0.217971097677946,-0.266427438473329,0.24598941556178,0.421918499516323,0.254526990093291,0.279483045637608,-0.0266104178968817,0.262049232842401,0.135567084979266,0.848578817211092,1.44083865755238,-0.531361097004265,0.323781097540632,0.570305534871295,0.556344087934121,0.214941600803286,-0.526856085984036,1.2939875414595,1.05779898399487
0.0437903602141887,0.485665264772251,-0.0879838883411139,0.455467811785638,0.190952898468822,-0.041644559148699,0.180873240670189,-0.261638190457597,0.206842022482306,0.0309230856131762,0.977391738910228,-0.204903323203325,-1.20069068809971,0.280197473941371,-0.320194252766669,0.84828846110031,0.317291600396857,0.484436202328652,0.381120893871412,-0.528047063620761
0.443278353661299,0.284090996021405,-0.478980197571218,0.474653817946091,0.391198203200474,0.271332215331495,0.155802109278738,0.140350438049063,0.190842792950571,0.111639741668478,-1.28473693854176,-0.644584203371778,0.639534558635205,-0.646332572679967,0.933651919243857,-0.978478227742016,1.12368627497926,-1.18839217652567,0.724042230052873,-1.23989819409326
0.457885619485751,0.0969819955062121,-0.242104338249192,0.149777197046205,0.217509996611625,-0.0125295365229249,0.166859684698284,0.0648648918606341,-0.12860963428393,-0.222402770770714,-0.84462586347945,0.47445474145934,0.172973009292036,-1.14877098170109,-1.01199066778645,0.340971164172515,0.277636221377179,0.882123938994482,-1.17927219998091,0.00516921118833125
0.140487928176299,0.357581625925377,-0.343505914323032,-0.182023990200832,-0.185706586809829,-0.217861530650407,-0.0291966525837779,0.29355526054278,0.138435732387006,-0.262263501388952,0.347761288052425,-0.532553695142269,0.0342685889918357,0.024125445401296,0.965983955422416,0.155338932294399,-0.524153561331332,1.43094907980412,1.43999523622915,-0.1049897542689
-0.0466613902244717,0.190151842311025,0.231063212268054,-0.03517623571679,0.316623565042391,0.0589545491617173,-0.112042593257502,0.12565990188159,-0.215881842467934,-0.111061196727678,0.521127846557647,0.292874186066911,0.407479230081663,-0.508126631844789,0.0223668830003589,0.107958960346878,-0.732396231265739,-0.109545436687768,0.289341373834759,-1.28786202147603
-0.22683262755163,0.379780078073964,0.412968896329403,-0.0914601082913578,0.27131780795753,-0.257509315526113,0.196807264862582,0.246801958372816,0.0165920119732618,-0.115995285054669,1.0457084889058,0.824644512729719,-1.15297008049674,-0.295925279147923,-1.06599258701317,1.28936949628405,-0.117553208721802,0.667558453744277,-0.48575147241354,0.513720834162086
0.443795759230852,0.197064649080858,0.408329799305648,0.277058782521635,0.317719508893788,-0.0908889662940055,0.0712088478729129,-0.0579427644610405,0.0487543668597937,-0.185236711101606,0.596996879205108,0.125111263711005,0.523532746592537,-0.250693614128977,1.10668478161097,-0.0231208722107112,-0.0447862304281443,-0.486100844107568,-1.48644179943949,0.8507082934957
-0.0100050482433289,-0.0357339563779533,0.179457519669086,0.307140515185893,-0.455216347705573,-0.277687334502116,-0.223610760178417,0.0370118474587798,-0.0385078393388539,-0.0374428168404847,-1.06929817493074,1.25533522618935,0.713860319461673,1.29472682601772,-0.48849983420223,0.824744594050571,-0.624265468446538,-0.790818521752954,-1.35395544650964,0.184755549067631
0.375053722411394,-0.238981515634805,-0.19630284467712,-0.498482208931819,-0.444153639255092,-0.030015628086403,-0.0916358716785908,0.0604087407700717,-0.234485339233652,0.137682772334665,0.223824034212157,0.372341193258762,-1.41132855811156,0.118654922582209,0.554301785537973,-1.02144058537669,0.637469523819163,0.0303248260170221,-0.00286617362871766,-0.794819584814832
0.213568376377225,0.481825134484097,0.461732931202278,0.460945874452591,-0.365392057225108,0.257349149789661,0.184618795244023,-0.0571278189774603,-0.287210949417204,0.212016562465578,-0.1945497142151,0.947006647009403,0.892057824879885,-0.945008200826123,0.907308293972164,-0.725819044047967,0.421725747641176,-0.84558200603351,-0.631151862675324,-1.30475423438475
-0.246870730537921,0.0767204035073519,-0.121246414026245,0.485304772853851,0.453117160825059,0.108164770714939,0.173958314443007,-0.277798430761322,-0.116521843196824,-0.0154407173395157,1.0506063841749,0.950893200002611,1.18618228356354,-1.36112923314795,-0.402461299672723,-0.352757962653413,0.320132202934474,-1.02236474957317,0.2320272247307,-0.611281873192638
0.296430275309831,0.0900903390720487,0.129481184761971,0.389916115207598,-0.339972334215418,0.17949240161106,0.107423613080755,0.0754711668938398,0.0520404524635524,-0.116363520082086,-1.28203227720223,-1.17841369612142,-1.1973708467558,-0.862521019298583,0.410269918385893,0.793086596997455,-1.34785522101447,1.3353701045271,-0.173177068820223,0.450925378594548
0.470694947056472,-0.159741768147796,0.2251044169534,-0.216713467612863,0.304163358174264,0.0315407250076533,0.043975689355284,-0.0151570538990199,0.128851951193064,0.134683626517653,-1.05215102573857,1.05078531336039,0.0583032667636871,-0.588842185679823,0.0928396058734506,1.37543386383913,-0.590451147174463,0.878327978309244,-1.29633127734996,0.485335308127105
0.453407288528979,0.340177103411406,-0.129461638629436,0.0899115784559399,-0.422170612961054,-0.22948872288689,0.149793889420107,0.250221564760432,-0.215827283542603,-0.14697675537318,-0.861761164851487,1.43113552615978,-1.17388316709548,-0.0714695756323636,-0.705828994978219,-1.44072168739513,-0.93550392659381,-1.02424828754738,0.218984699808061,-0.109847659477964
0.388484009774402,-0.20317265111953,-0.16360422805883,-0.379421059507877,0.32389073097147,0.148152728704736,-0.166037017805502,-0.267744047334418,-0.0995118107646704,0.0307103914674371,-0.341594964265823,-1.12093724193983,0.612702642101794,0.702712441328913,1.37810464482754,0.401193351717666,-0.0401338487863541,-0.894686127081513,0.312954827444628,-1.30187783553265
-0.335633789887652,-0.447728432249278,-0.00343828974291682,0.327447313582525,0.274491648655385,0.148540939483792,-0.188771362043917,-0.179669681238011,0.293845199653879,0.161013200227171,-0.176558652659878,-1.30685352254659,0.634278093231842,0.4269302431494,-0.25613033794798,0.508692731615156,0.230812047841027,1.3372915070504,0.0932462762575597,-0.254361738217995
0.290647780522704,0.0195493891369551,0.143162721535191,-0.00197903160005808,0.135659936117008,0.161289196461439,-0.0238334831781685,-0.273338259989396,-0.282153996638954,0.111348506296054,-0.862010566983372,0.391471845796332,0.478891652310267,0.418946754187346,1.24435400683433,0.182515125721693,0.504844462266192,-0.945173881016672,0.650605831062421,1.33549071801826
-0.33235977916047,-0.39704470266588,0.0475018681026995,-0.429457864025608,-0.284932781942189,-0.227745605958626,-0.0678755373694003,0.260220266506076,-0.298022906575352,0.189817380812019,0.281730820192024,-1.05380061082542,-0.684083114610985,0.900676485383883,0.863267846172675,0.26111282967031,0.476646554656327,-0.620687929680571,1.15684916032478,-1.16121779498644
0.0872103211004287,-0.330239166505635,0.473442593589425,-0.24405397567898,-0.405924655497074,-0.123675443558022,0.132376015931368,0.278741881996393,0.0281624092720449,0.0123446315992624,0.424052554182708,-0.721475085709244,1.14559769304469,-0.307687100255862,-1.31699083023705,0.392791883088648,-0.0234455403406173,-0.161395885515958,0.398485245415941,-1.40217800368555
0.381630109390244,0.456704503390938,-0.00178059283643961,-0.315445733023807,-0.0411467244848609,-0.223036249587312,0.0696795007679611,0.116075667785481,0.294264554930851,-0.251401790510863,-1.28058003773913,-1.17609697929583,-0.811629261821508,-0.446331011597067,0.403678208123893,-1.13271879055537,-1.26187498611398,-0.720952470554039,0.310973580926657,-1.0910781940911
-0.128195566823706,0.474563126685098,-0.136494502890855,-0.141784574370831,-0.49372011423111,0.0778829871676862,0.268748684087768,0.210927039105445,-0.187515832995996,-0.0760061126668006,1.14296050742269,0.558771144831553,-0.509555936325341,1.27908036368899,-1.49176919949241,-0.667424515122548,0.204852975904942,0.982751764124259,-1.34562834561802,1.14065769198351
-0.238119510700926,-0.26840604422614,-0.208828733535483,-0.475256237201393,0.15670715062879,0.289972674613819,-0.151362054795027,-0.041301047662273,-0.134534123679623,-0.0144196371082216,-0.196820420678705,-0.117892498383299,-0.794901341898367,-1.07737152418122,0.087132090004161,-1.33982646279037,0.702970237936825,-0.844257795251906,0.503422221634537,0.429501300444826
0.0630464234855026,0.191889348439872,-0.0411422881297767,0.147231341572478,0.040634683566168,0.176647086068988,-0.117759153619409,-0.116836585197598,-0.180805617012084,-0.110622322233394,-0.268954626051709,0.351167984073982,0.769398393575102,0.646231640595943,1.2158515539486,-1.18200169270858,1.11618508701213,-1.3599542803131,-0.315461585763842,1.48639534483664
-0.0369948078878224,0.102694479282945,0.216271995799616,0.420575421303511,0.232709320494905,-0.0151409170590341,0.195514504238963,0.278984859539196,-0.147187648946419,0.135379849746823,0.363278664182872,1.00690906355157,0.886620189528912,-1.11017893371172,1.0628525018692,-0.986833106260747,0.391987688373774,0.896702593658119,0.740427436307073,-1.06566754658706
-0.344996423460543,-0.325534855714068,0.254685036838055,-0.0422247785609215,0.0714101386256516,-0.100436797225848,-0.244453202560544,-0.203828652156517,0.217597868386656,-0.12225062479265,-0.402476036455482,0.396090247202665,-0.859813978197053,-0.698600039351732,-1.28254596353509,0.522769374540076,0.442851087078452,-1.43499939632602,0.314201583852991,-0.606348853558302
-0.106092190137133,0.178805734030902,0.108060242375359,0.410702682100236,0.33296707412228,-0.207169748470187,0.136585292872041,0.0151789552532137,0.0456410062965006,0.25974577255547,-0.543860231526196,-0.0341724387835711,-0.612914005061612,0.905061446595937,0.374752382514998,-1.23313522338867,-0.209393349476159,-0.144135414389893,-1.48734361398965,0.904768496286124
-0.160903583513573,0.385376578196883,-0.0450526166241616,-0.00385212851688266,0.428262083092704,0.296890787221491,-0.269834993267432,0.00316402246244252,0.293383560748771,0.120619002263993,0.539687845157459,-0.878823146224022,-1.31775084603578,-0.160468109417707,-0.442406092537567,1.22915050922893,-0.596408387180418,-1.22627696092241,0.772745404858142,-0.347962779225782
-0.0810836255550385,0.0622368678450584,-0.446103275520727,-0.453121532686055,-0.16178232897073,-0.0652996833901852,0.132324587507173,0.26590630360879,-0.115822690073401,0.106495340634137,-1.35612364648841,-0.187353360000998,-0.317746310960501,-0.32150560291484,-0.970226496923715,0.902608275180683,0.426974301226437,-0.5745722965803,-1.36661399924196,1.06223884178326
0.345598078100011,0.367456740466878,0.408132837619632,0.258337013656273,0.401615496026352,0.260195690067485,0.130434259911999,-0.203242544364184,0.293067844351754,-0.26343334489502,-1.02956667705439,0.521092256298289,-0.732221071142703,-0.185084996977821,1.42442955099978,-1.46293074125424,-1.31274113059044,-0.409659794066101,0.837610302027315,1.39029816049151
0.149190713884309,-0.160224717110395,0.399274022784084,0.0765718661714345,-0.0307870605029166,0.176427629683167,0.088651778222993,-0.0704364173579961,-0.297988001536578,0.0437980175949633,0.776352108456194,0.537869574967772,-0.908310579601675,0.14523047930561,0.965025156503543,0.157468805322424,0.533296462381259,-0.99678706121631,0.167837409535423,0.0618792660534382
-0.111899216193706,0.0196732515469193,0.383396161021665,-0.303507017437369,0.0144945613574237,0.280551390023902,-0.271265002386644,0.0956386928446591,-0.202303996682167,0.221018775785342,0.618104819208384,-0.893917465349659,1.40106904925779,-0.978050363017246,-0.842262366553769,-1.35316530475393,-0.869759667897597,0.168903403915465,0.246069949585944,-0.71222786908038
0.0114120438229293,0.0968969252426177,0.411949562840164,-0.276146480347961,-0.0768946458119899,0.230569227458909,-0.271080837026238,0.113722480321303,-0.213707618834451,0.186766482889652,0.116764689562842,0.71866265963763,-1.20016860309988,-0.0648799790069461,-0.3757701034192,0.383158604381606,1.49058709200472,-1.07654810207896,0.961681231856346,-0.0458074053749442
0.0627084383741021,-0.361133441561833,0.0955714620649815,-0.21742358757183,-0.0991666389163584,-0.242137668840587,-0.0158306116238237,-0.0891915764193982,-0.0346812004689127,0.284550048876554,-0.233881043968722,-0.957350982818753,0.147500948980451,-1.33016269211657,-0.294388103764504,0.972720532910898,-0.789955840213224,-0.907150762388483,-1.29415346961468,-0.293173104291782
0.423515910515562,-0.290319425752386,-0.497171460883692,-0.2566371653229,-0.30723285023123,-0.242258337792009,0.0808131257537753,0.267068222304806,0.0550738773308694,0.104789767647162,-1.21664426056668,0.835091308923438,-0.0551898500416428,0.377847000025213,0.957812799839303,-0.281038045417517,-0.422620160272345,1.31575494026765,0.658610331360251,-1.46033857064322
-0.4442105719354,0.22381474962458,-0.443784089991823,-0.015288335736841,0.252455903915688,-0.115437925653532,0.148501835111529,-0.245534220524132,0.28233626880683,-0.182538876961917,0.290223406394944,-1.36091074487194,0.799311370588839,-0.693712147884071,-0.840537608368322,-0.135240669362247,-1.0330474502407,0.703253906685859,0.586754476418719,-0.713056636042893
-0.498348546680063,0.318335548741743,0.0191123045515269,-0.324914147378877,0.314564891159534,0.192767578270286,0.162286824546754,-0.0348666599951685,-0.118221085472032,0.0817364919930696,0.329799287253991,-1.08552627777681,0.453699727077037,1.0043983021751,-1.16999372164719,0.507311831228435,0.114476084941998,0.839302342850715,1.21006637066603,1.24419155297801
-0.235603440320119,-0.0894323494285345,0.212723952718079,-0.164414141094312,-0.272476749029011,0.172125038830563,0.246513291634619,0.174056166876107,0.212432948173955,-0.155124177597463,1.23448203457519,0.602983819786459,0.200953926192597,1.30349243106321,-0.76771262451075,-1.42870908044279,0.0804465820547193,-0.473966332152486,0.609014433575794,0.348357606679201
-0.307047830661759,0.428503128234297,0.371664389036596,-0.11241208598949,-0.0550915617495775,0.1263671413064,-0.0563498533330858,-0.281510043796152,-0.121431102091447,0.271331701800227,-0.377387525746599,0.382859787438065,-0.0854046971071512,1.27212410001084,-0.301642739446834,0.389428903581575,0.776468781055883,0.780519793974236,0.861613641260192,-1.15442813700065
-0.44656815356575,-0.380198226310313,-0.0121128577739,-0.0428021706175059,-0.346942466450855,-0.284917235607281,0.157441653963178,-0.20393464746885,-0.02814687830396,0.230302974907681,-0.028806178830564,-1.49823338538408,-0.783573125721887,-1.41607415140606,-0.129344221204519,-1.14491472230293,1.48777404846624,-1.3177744068671,1.0720662761014,0.500049230642617
-0.252782529918477,0.316126623190939,-0.260420902166516,0.0467159412801266,0.218940180027857,0.197671990469098,-0.0977650692220777,-0.218155416101217,-0.174712352408096,-0.212128543574363,-0.497102176537737,0.18904596241191,-0.180165486875921,-1.49543484812602,-0.935456269886345,-1.25959419063292,1.2315760916099,0.523032059893012,1.2846268163994,-0.926594522316009
-0.253156448481604,0.410697869723663,0.0298235893715173,-0.00489657954312861,0.246262191096321,-0.264483828283846,0.133632434718311,0.230295077338815,0.0226369329728186,0.0658116837032139,-0.37373780971393,1.25881713582203,1.1753437332809,-0.220226816833019,-0.188058039871976,-1.32487179664895,-1.20829086983576,0.748706330079585,-1.00414514914155,0.159388339379802
-0.338797783479095,-0.329958359943703,-0.372770510613918,0.071200379403308,0.267773548839614,0.197533941362053,-0.20154092554003,-0.0836859037633985,0.182687411271036,-0.212395285489038,1.29616627260111,0.797303901286796,0.963977989275008,-1.33326210617088,-0.0118621350266039,-0.272444844944403,0.8568713106215,-1.07156112324446,-0.487961104139686,-0.0487378193065524
-0.40960655012168,0.285528489854187,-0.118784123333171,-0.189661611802876,-0.412337199086323,-0.0609201058745384,-0.0795032552909106,0.266002790210769,0.0290249121375382,0.131014074571431,-0.603911546291783,0.935292832553387,0.821278582792729,0.560092354891822,-0.991649714531377,0.875020684674382,0.582337877713144,1.01315115694888,0.0432074221316725,-0.19081482058391
0.442409767070785,-0.043238629354164,0.0120172442402691,-0.46575364889577,0.273315506521612,0.0110857893247157,-0.246760205319151,0.0156840689945966,0.0335146277211607,-0.266925375675783,-0.0612176957074553,0.195168594131246,-0.693329177331179,-0.825656427070498,-1.26373442052864,-0.106348228175193,-0.511990557191893,-0.50626118760556,0.0497201811522245,-0.916430298937485
-0.236851081019267,0.171704536071047,0.198281926568598,-0.0994790873955935,-0.375598879065365,-0.130566213978454,-0.113142158696428,-0.236866689054295,-0.149434836348519,0.196607310231775,-0.951317238388583,1.05587755423039,0.491500224452466,-0.0174638468306512,-0.209651351440698,1.3555591092445,-0.678380405064672,1.04960681777447,0.320188894635066,0.754218381363899
-0.4348846655339,0.0534157652873546,0.23836063942872,-0.393745338078588,-0.0555964738596231,-0.0712440894450992,0.20053630261682,-0.268504793895408,-0.167526758881286,0.177692117029801,0.208365622675046,-1.45175992464647,-0.775456211529672,1.41036366554908,0.472861403832212,1.10217818291858,-0.751316249370575,0.754634623182938,-0.784556015627459,1.32271322328597
-0.35631857230328,0.24837537528947,-0.151444532442838,0.261112160747871,-0.408411633456126,0.220573781523853,0.208803164027631,-0.168044122075662,-0.0633946762885898,-0.126712762378156,1.14850355009548,0.449076631804928,0.667616872815415,-0.651372955413535,1.38016291265376,0.0213369217235595,0.534668614855036,1.25331106572412,-1.37827172898687,-1.24963492853567
0.0982910692691803,0.331655591027811,-0.334232801571488,-0.432636438636109,0.190297812689096,-0.188346587307751,0.0281898242421448,0.0714415559079498,-0.0550870784092695,-0.292450630338863,0.465623872820288,-0.022526980843395,1.44264918146655,-1.49527042242698,-0.561574058141559,1.46685480885208,-0.606391978450119,-0.0567297488451004,-0.850501119391993,-0.870842609088868
0.0777253448031843,0.104256147518754,-0.144929619506001,0.0886957244947553,-0.133479091571644,0.170938097918406,0.245422666752711,0.156699390616268,0.228872641129419,-0.286606082366779,1.30152606242336,-1.34381298464723,0.985129883978516,-1.27824770752341,1.09059133403935,-0.90987954265438,0.784623617772013,0.655385699355975,0.170490170828998,-0.111925058299676
-0.0110020926222205,0.300495199626312,0.0690322041045874,-0.275475626578555,-0.427856530994177,-0.0607283479068428,0.0157624165993184,0.161054384848103,0.0525051342789083,0.163620608299971,-0.649825517088175,0.0158472277689725,-0.631578079657629,1.31620113342069,1.44857856631279,-1.19605194451287,-0.662537763593718,1.0483348199632,0.352999422932044,0.810994241852313
0.0423747720196843,0.263153141597286,-0.302302137250081,0.0635127492714673,-0.418512688716874,-0.210303269326687,-0.208139108028263,-0.0888916814234108,0.0244483182672411,0.0968278310727328,1.14515853859484,-1.40260740718804,-1.07304545212537,0.0417776510585099,-0.0697298822924495,-1.11964316270314,-0.857871075393632,-0.365125332958996,-0.441404425771907,-0.0471477617975324
-0.194436128484085,-0.2023879152257,-0.494028365472332,0.226728488691151,0.0834440586622804,0.122100195335224,-0.176447839150205,0.191356795281172,0.150502158282325,0.242634749785066,-0.79677651473321,-0.485213043401018,-0.64732034644112,-1.05384234222583,0.786694439593703,0.563218593131751,-0.487633020384237,0.340204884996638,0.143614095635712,1.12173300446011
0.0919655186589807,-0.279243032913655,0.226461743935943,-0.476366797694936,-0.466317115817219,-0.0965434388257563,0.249250532314181,-0.108916425146163,0.111459440365434,0.217181723657995,1.05353899626061,0.180046994704753,-0.466448111459613,1.14868064853363,0.549115043599159,0.0533189994748682,-0.930904496228322,0.509157930733636,0.731519713299349,1.36086100596003
-0.488712366903201,0.40725539252162,0.276281195692718,-0.0807734332047403,-0.354698211653158,0.214385422831401,-0.0274671577848494,-0.094987175334245,0.254038329329342,0.136777644976974,1.49614610569552,-0.530908396700397,0.324517220724374,-0.975023926002905,-0.340370229911059,0.261195588391274,-0.233355847885832,0.634971478488296,0.0919519532471895,-1.08877047104761
0.268284398131073,-0.34446662501432,0.324282390996814,0.0919184465892613,0.302873608656228,-0.263933437876403,0.0234674643259495,0.107624739501625,0.224936424382031,-0.115794382570311,-0.510963787324727,-0.930435535730794,-0.658419302199036,1.38223130023107,0.949260936118662,1.07468482316472,-0.109196998178959,-0.481777714798227,-0.555164739489555,-0.502346217166632
-0.333649988751858,0.476687903981656,0.0595739425625652,-0.414247913751751,0.431392026366666,-0.0494290234521031,-0.251275310246274,-0.0900650380644947,-0.146165072126314,0.0115269355941564,-1.2437035033945,-0.154202717822045,0.666386890690774,1.47976377792656,1.4199989719782,-1.25409755576402,0.487803855445236,0.616405474254861,-0.302389609627426,0.201298012398183
-0.113775234902278,-0.181726354174316,-0.090678246691823,0.24000631342642,0.145313734654337,0.281317860027775,0.0834306362550706,0.268086515413597,-0.26638589752838,0.0110583670902997,-0.606129496358335,1.0306409667246,0.85515691456385,-0.497186706634238,-1.04535599774681,1.34585840650834,-1.42899607261643,-0.0410365511197597,-1.27319355751388,-1.17844563047402
0.359916412271559,0.37815757910721,-0.126543825026602,0.129507663659751,0.148242654977366,-0.216850639740005,-0.276226125564426,-0.101671135565266,-0.0695693758316338,0.258203969663009,-1.27560575050302,0.742189263459295,-0.997740652877837,-1.06744966632687,1.01309918495826,-0.975637730676681,1.131394127151,0.47659884695895,1.26360837346874,-0.952409711200744
-0.138973972061649,-0.00313001032918692,0.278829797636718,0.0295539472717792,0.168131986167282,0.238455129554495,0.181695531355217,0.0638948663603515,0.211166488565505,0.226345510175452,0.618897750740871,-0.991460804594681,0.0687316081020981,1.35347379581071,1.45557516580448,-0.959722461411729,0.651796479709446,-0.343387725530192,-0.676140990341082,-1.37872016779147
-0.012290001148358,0.0424471581354737,0.28616497037001,-0.49932969128713,0.140600770246238,0.247570990584791,-0.160263668233529,-0.253136487817392,-0.290998159255832,0.0520759267732501,0.639471470145509,0.495783899445087,-0.0870841364376247,0.510652587516233,-0.991549330065027,0.877203389536589,1.38030626066029,-0.384528692811728,1.08947684476152,0.190070890355855
-0.0497972294688225,0.0972808534279466,0.403985135024413,-0.298812616849318,-0.116073899669573,0.175168235879391,-0.0630563283339143,0.29801862956956,0.116770002851263,-0.119060057401657,0.27026708680205,-0.616492823464796,0.892464345088229,-0.567571187624708,-0.0366774222347885,1.33141521527432,-0.928521569352597,0.198807443724945,0.627614793134853,0.560208802577108
-0.0422491563949734,0.00210538972169161,0.298378774663433,-0.0521816555410624,0.0347393827978522,-0.0247794010676444,0.212040822487324,0.191034970292822,-0.0893081410322338,0.258325621811673,0.0840183547697961,-0.224950650008395,1.18791547673754,-0.613113784231246,-0.681110999314114,-0.671735075069591,-0.912128365365788,1.45039853523485,0.41723681660369,-0.69806257635355
-0.320946207270026,0.347679941449314,0.20549200149253,-0.250070019392297,-0.217745676869527,0.0141665630042553,0.14717875267379,0.0011895419564098,0.016650687949732,-0.267809352697805,-0.885224930243567,0.0089217103086412,-0.333791660377756,-0.667895530583337,-1.00181232928298,-0.345759313786402,0.855713822180405,1.24723626952618,-0.781587824458256,0.0695822874549776
-0.189193003345281,0.0962276651989669,0.471352745778859,0.0319717989768833,-0.284996897913516,-0.167140985559672,-0.00494857784360647,-0.180618616193533,-0.128420803556219,0.183309220522642,-0.976667908485979,0.440057771746069,0.831122259842232,-1.07924496126361,-1.4637267049402,0.495118401478976,1.44047159934416,-0.870461077429354,1.17436689231545,-0.418436968931928
-0.338781053666025,-0.25996650592424,-0.113446918083355,-0.496226584305987,-0.180599525105208,0.174828775087371,0.192768115969375,0.0657337778247893,-0.116991530824453,-0.110125145455822,1.17199624772184,-0.364077525213361,0.615972386905923,-0.626687469659373,-1.20459351525642,0.925017069093883,-0.491156766191125,1.21657302835956,0.327056122245267,-0.944321932503954
-0.40412704530172,-0.473455500788987,-0.207827714271843,-0.277778091607615,0.0111243329010904,-0.221590356342494,-0.267943255836144,-0.252911110594869,-0.247034478373826,0.292383317090571,1.25872336607426,0.905188423348591,0.379435741575435,-0.797127325320616,-1.08523570583202,0.340082129230723,1.46937842667103,0.0123210120946169,-1.35373501083814,0.285723075270653
0.00588413001969457,-0.140340961283073,0.429841864155605,0.0438113117124885,0.15153088979423,-0.271345741627738,-0.019068729551509,-0.115993869910017,-0.136834414489567,0.0454582165461034,0.327016387833282,1.16952061071061,-0.168845633044839,-0.420068224193528,0.894372175913304,-1.42035925900564,0.727824317989871,1.04008099855855,0.191383314086124,-1.03676826856099
0.0468108782079071,0.416819182457402,-0.0637532367836684,0.489779144292697,-0.330543775111437,-0.0658022315707058,-0.228869355004281,0.195302278501913,0.287739531230181,0.199041523039341,-0.42124508600682,0.975150193087757,-0.242827306268737,0.228137534111738,0.970789583399892,-1.31807392789051,-0.164981116075069,-0.592247511260211,0.404871307080612,0.563191262539476
0.0606106978375465,0.338818873511627,0.369053967297077,0.335325059713796,-0.270604783901945,-0.0193998084403574,-0.0436556323897094,0.148726991051808,-0.0858378878328949,-0.257278511300683,0.580008852761239,-1.49680151534267,0.943263037595898,0.982659656088799,-0.5038235723041,-0.701966148801148,0.0688241757452488,-0.379909723531455,0.482376638101414,1.08270155475475
0.343350090784952,-0.295305907493457,-0.229593758704141,-0.369924753205851,-0.160997920902446,-0.166415686486289,0.163640786474571,0.00193125614896417,0.258119638217613,-0.105933031719178,1.38249246496707,-0.358878044877201,1.05754881701432,0.141252052271739,1.4919367460534,-1.05834083422087,0.545139044523239,-1.02891328535043,-0.129512893036008,0.453444102080539
0.168217662256211,0.346890272339806,-0.100981908617541,0.179747860180214,0.132450707722455,0.0351125499699265,-0.194888257747516,0.0104311956558377,-0.22203526943922,0.21184486085549,0.0923652579076588,0.21628875285387,1.36148713552393,0.824432862689719,-0.573920388473198,-0.490339855430648,1.48775658477098,-0.651892057154328,0.384815226076171,-0.458211631514132
-0.328417025739327,0.121131638763472,-0.344194390345365,0.415478858631104,0.21577751962468,0.220388642884791,-0.105336865922436,-0.055683809844777,0.131056846445426,0.165202615410089,-0.162428668001667,1.09450721251778,1.18466805084608,-0.764856782276183,-0.606093917274848,-0.915543900802732,1.02628197264858,0.848397627007216,1.2053016226273,-0.997188324574381
0.268653844017535,0.038268978940323,-0.100179365603253,0.271048882044852,0.0352725991979241,-0.132242931984365,-0.10947482152842,0.297603669762611,-0.277563402615488,0.158657014137134,0.188707285327837,-1.02670036163181,-0.219999248161912,0.603540612151846,-1.24233437818475,0.857055167667568,-1.23195248097181,0.965300430078059,0.300284816650674,-0.948050133185461
0.30686290957965,0.311238292837515,0.0501295670401305,-0.0316312150098383,0.386692258995026,0.0853473518975079,-0.261335388338193,0.0613608978688717,0.111786672938615,-0.0764382067602128,1.28943516360596,-0.382426582742482,1.40777368261479,-0.843070977833122,1.35842928662896,1.08180156885646,-0.330241950927302,-0.322175759123638,-1.42967157927342,1.48764121485874
-0.316393440822139,0.0347180906683207,0.32010421808809,0.446991403354332,-0.346490722848102,-0.29261217629537,-0.0451547892764211,0.10054947277531,-0.222431726753712,-0.130312292324379,0.600897654192522,-1.38064516615123,0.250201254850253,0.192873951047659,0.358438164694235,-1.3781375514809,0.418056292226538,1.33022283716127,-0.743510268861428,-0.330891424091533
0.16542181558907,-0.264900004258379,0.297787179239094,0.0855134266894311,-0.387214945629239,-0.219502619840205,-0.0465936907567084,-0.236641593882814,0.295367852272466,-0.101791349099949,0.184264069190249,-0.394449150189757,-1.17643198021688,-1.47009442001581,-1.47233000630513,0.244657387956977,-0.123021461768076,-0.713201792445034,0.683176795486361,0.984633528627455
-0.0578089766204357,0.268175223609433,-0.380451180040836,0.445848278934136,-0.151001076446846,0.298924036743119,0.158935351716354,0.127939009387046,0.240424975147471,0.140278437780216,-0.81948177376762,-0.546844554366544,-0.612736859824508,-1.30536612519063,-0.734945776406676,-1.23945545358583,-0.0437702124472708,-1.17406424065121,1.117345147999,1.09030585619621
0.0353033987339586,-0.0471461615525186,0.463866750942543,-0.17628337838687,-0.291956728091463,0.00708097480237485,-0.239045215258375,0.133453989587724,-0.21939164372161,-0.272404219955206,0.340224743122235,-0.94572482840158,-1.11400282080285,-0.536127477418631,0.497551394859329,-1.15351546299644,-1.07080081966706,0.0994288183283061,1.11379008949734,0.801887350855395
-0.238454773556441,0.466053813230246,-0.261069365544245,-0.423068808857352,0.0915592196397483,-0.0303513627033681,0.139326838217676,-0.068443749519065,0.125721940817311,-0.0583657528739422,0.687098371563479,-1.39478563447483,0.321311499690637,1.33837633626536,1.17293099686503,-1.40426810528152,0.589036487275735,1.05579273146577,0.169927905779332,-0.86039538262412
-0.307263479102403,-0.196780430618674,-0.267790167359635,0.0451566041447222,-0.360427589854226,0.179564919183031,0.0327635491266847,0.10145300142467,-0.153252295637503,0.236313818860799,0.430616982048377,1.27109841420315,-1.45478883571923,1.19834539107978,1.37684090458788,0.601704626809806,-0.624923462513834,-1.28305864543654,-1.37916444917209,1.34459929796867
-0.316102453740314,0.129996914649382,0.305162357632071,0.434048862429336,-0.246590613853186,0.151787374075502,0.226655556075275,0.129463477386162,-0.11803760281764,0.297750898869708,-0.856643974548206,1.44327070796862,0.0382031828630716,-1.33728632214479,1.24575790227391,-0.873122243676335,-0.860209233826026,-0.966979497112334,1.11990695307031,1.46667764545418
0.463930505793542,-0.468914423603565,0.22171506495215,-0.471860432066023,0.490659275790676,0.297273414814845,0.118772631743923,-0.257329438906163,0.256660879729316,-0.160246552107856,-1.43719081906602,0.688035913277417,-0.885413597105071,-0.28270598477684,1.1738333737012,0.375591494143009,-0.989126566099003,-0.513882801868021,-0.796616443432868,0.0193780423142016
0.41001636441797,0.44999388162978,-0.128325819503516,-0.29015106940642,0.310777825536206,0.14324847869575,0.228963690530509,0.129470953904092,-0.240125396987423,0.154987219395116,-0.72022782638669,0.848857688019052,-0.159433813299984,-0.355062439106405,-0.328406256856397,-0.686350689735264,-0.0773556958884001,-0.683376682922244,-0.00367414159700274,0.518209950998425
0.25775075238198,-0.15894555230625,-0.480846491409466,0.423195970943198,-0.286692798370495,0.0814872404560447,0.219925931235775,0.0106265783775598,0.0498749034013599,-0.195964273810387,1.06435915455222,-0.759871932445094,-1.49389443732798,-0.0170045765116811,-1.26684526680037,-0.290434381691739,-1.2795849647373,1.16754981223494,-0.195182904833928,-0.971277765696868
0.0521335494704545,0.147851893445477,-0.0774517103563994,0.157829374540597,-0.176187705714256,-0.242653227131814,-0.151626993343234,-0.226998724043369,0.254187325481325,-0.0757565247360617,-0.951752769062296,-1.10476374649443,0.190838623791933,-1.02084788074717,1.01982643827796,0.00670912466011941,-1.1634415271692,1.29774807044305,0.180861894506961,1.32289019040763
0.391875740606338,0.0281498022377491,-0.404922369401902,-0.0238531383220106,0.0959890051744878,0.272852788539603,-0.272191249486059,0.0261771214194596,0.00977235389873388,0.252585289254785,0.0750832369085401,-0.929267828352749,-0.951297343242913,-0.410414102487266,-1.07217299309559,-1.20769029250368,-0.680396896786988,-0.0277228457853198,0.357839717762545,0.114753091474995
-0.178656824631616,-0.00327654252760112,-0.123691134853289,0.0465852520428598,0.451993914786726,-0.00730877746827902,-0.209191196411848,-0.0498366792686283,-0.049906662851572,-0.114680468570441,-0.289615790359676,-0.053855903679505,0.331324259983376,1.46114100306295,0.424691383028403,1.03440379654057,0.181822762358934,-0.946363631403074,-0.531948937335983,-0.673659164691344
-0.109725662972778,0.344366901786998,0.0715223636943847,-0.189853899180889,0.0549578198697418,0.222052322980016,-0.0607332949060947,0.258154132124037,-0.029054131032899,-0.160609101969749,-1.09995211847126,-0.887823274824768,-0.144284230889753,-1.24542470206507,-0.300888010533527,-1.02515212143771,-0.532594012096524,0.623990002786741,-0.0269791872706264,1.13960223156027
0.239730757893994,-0.210686716949567,0.300631320802495,-0.408512335503474,-0.0245567003730685,-0.147395041398704,-0.204981853952631,-0.143410881282762,-0.118332743318751,-0.239854645589367,1.36425292817876,-0.727140298811719,0.0651576512027532,-0.702807047171518,-0.185763354180381,-0.536138703580946,1.38825899502262,0.614940293133259,-0.975934831425548,0.808509400812909
-0.401104470016435,-0.0888794653583318,-0.419740086654201,0.028384824981913,0.414231150876731,0.00888106296770275,0.12542426045984,-0.167478878237307,0.0909969967324287,-0.275830935174599,1.21631931583397,-0.212440401082858,-1.49553515296429,0.145997451385483,-1.18831442808732,-0.520570568740368,-0.385404418688267,-0.854260626481846,0.436926069203764,1.24504034640267
0.429633356397972,-0.387635772349313,-0.355784080689773,0.462650552392006,-0.414474627468735,-0.0683134444523603,-0.0486743593588471,-0.0888265186920762,-0.0986838973592967,0.0499945082701743,-0.666561962105334,-0.787682756083086,-0.789327314822003,-0.297758588567376,0.728551262291148,-1.26472238777205,-1.17099390900694,-0.15637815836817,1.14500951673836,0.101186355343089
0.493905988754705,-0.481089350068942,-0.0501241178717464,-0.356605763547122,-0.241762135177851,0.0307912019547075,0.0297735173720867,-0.260268392739818,-0.273844708269462,-0.217192231072113,-1.43764890125021,-0.0450449322815984,0.613036680500954,-1.06237813644111,1.18072861083783,1.30954297003336,0.199575017206371,-1.01565542374738,-0.11908547161147,0.983834314858541
0.447921383660287,0.457282468909398,-0.34730998496525,-0.229872140102088,0.400212944019586,0.139929726999253,0.00890910462476313,-0.0893807823769748,-0.262256678380072,-0.142031714133918,-0.556555206421763,-0.924428628059104,1.29945808695629,-1.20110867545009,-0.557095805648714,-0.314561225473881,-0.176660874858499,-0.206226876704022,-0.392849582713097,-0.467416062019765
-0.203330900752917,0.390994489192963,0.29915902717039,0.317303345305845,0.484351880149916,-0.00342140025459231,-0.126828106027097,0.117271363874897,-0.0218405066058039,0.2138452867046,-0.606513983337209,-0.715548942564055,-1.18949684291147,-1.0416618171148,-0.339856470236555,-1.25199821731076,0.186832845909521,-1.27428318676539,0.662074194755405,1.38831990980543
-0.485955395968631,0.300482819322497,-0.0966870929114521,-0.166576090967283,0.0273619063664228,-0.176174863614142,-0.121803438523784,0.039168922835961,-0.229626907641068,0.229019509674981,-0.852884632302448,-0.232164139626548,1.13349033636041,-0.558965830598027,1.37643356644548,-0.164059855509549,1.18631570320576,-0.407561883330345,0.637090696720406,-0.0631623119115829
-0.489927463699132,-0.101407946553081,-0.0969181903637946,-0.371376579161733,0.189523028908297,0.219215797679499,0.249253861606121,0.232613555062562,-0.0752912716940045,0.22991410153918,1.1336231790483,0.723409848287702,-0.247028158977628,-0.898041372187436,0.0954312735702842,1.37113751471043,1.47490760846995,0.575463607208803,1.33537923241965,-0.741284096147865
-0.459562870673835,0.0454907962121069,0.138144225347787,0.322033754084259,0.402835667831823,0.0567814632318914,0.297560116415843,-0.199118605395779,-0.114522309042513,-0.164944402361289,-1.47830888489261,0.61334413010627,0.20735278702341,0.780734015861526,-1.38706807885319,0.736691419500858,-0.458273137919605,0.136035074712709,0.728961573215201,0.515100153163075
-0.402861828682944,-0.23310241359286,0.202313381247222,0.459757691249251,-0.132613558089361,0.299482698272914,-0.0511618420947343,-0.272485988633707,0.269582046428695,-0.0396085670683533,-1.09253318561241,0.617781869368628,0.2503047126811,-1.42061521927826,0.658018955262378,0.956575236283243,-1.25448044389486,-0.496659426949918,0.166027517756447,0.864999506156892
0.368387804133818,-0.109979830915108,0.29088638513349,0.454227834474295,0.135480568511412,-0.0176597270183265,0.189816560922191,0.252236251579598,-0.191382923349738,-0.24916869699955,0.652605769922957,-0.160922062117606,-1.03971555107273,0.997673789737746,-0.306267329491675,-0.979554003803059,-1.08874275838025,0.492986782919616,0.504772996762767,-0.204001957084984
-0.358623906271532,0.12150028697215,0.103951518889517,-0.326733449706808,0.225052209338173,0.281882424931973,0.0206769646145403,0.156045923475176,0.254438812471926,0.09968112395145,-0.612386206397787,1.16657446394674,0.226674368139356,-1.47327110753395,0.75963170430623,-1.32850684784353,1.13339445646852,-1.25793058192357,0.103614152641967,0.996695641195402
0.184861165471375,-0.132805064320564,0.30845746374689,0.481396726332605,-0.0298002911731601,0.0938177130650729,0.162752717128023,-0.162122260127217,-0.068798505468294,-0.115761376451701,0.40762848383747,0.779392609605566,-1.25285468436778,-0.512894737534225,-0.77284083282575,0.83448358043097,1.40629263804294,-0.587147509446368,0.701439937809482,1.27898835553788
-0.31657918705605,0.116112269693986,0.43798095267266,-0.382988694123924,-0.364480406045914,-0.121261348575354,0.219451336702332,-0.0331036535091698,0.252442269818857,0.13451960538514,-0.965358112938702,-0.282246687915176,0.402698093326762,-0.261605463456362,0.0727867064997554,0.000613320618867874,-0.408749541733414,-0.449910367839038,-0.600580797996372,1.15735499002039
-0.454883126076311,-0.467951075872406,0.37734758737497,0.140616807388142,-0.0278529403731227,0.14777490561828,-0.0944314463529736,0.233631822885945,-0.27920741206035,0.177317876089364,-1.31714295828715,1.35987304500304,-1.16905556875281,1.46815359732136,0.217759433202446,1.03156486200169,-1.49244345654733,0.551859157858416,0.290138689102605,-1.32866193330847
-0.246667046332732,0.49634656868875,0.126103265909478,-0.142789682839066,0.0561385655310005,0.11527624251321,-0.0074728407897055,-0.244988626800478,-0.0606951150577515,0.206219481490552,-0.0798291731625795,0.667076241457835,-0.105269524035975,-1.36855236953124,0.992862608050928,-1.41990861296654,1.18649667548016,-0.895119335968047,-0.262282122625038,0.145602606469765
-0.138312004739419,0.455231757834554,0.392172652063891,0.358142731012776,0.417272841790691,0.234586312109605,-0.260240929992869,0.296822777017951,0.202917773555964,-0.205925102066249,0.632330947788432,-1.27758835279383,0.17530494555831,-0.45335580362007,0.454251212300733,1.03237256035209,0.988421254791319,1.07168162357993,-0.943385928869247,1.44185439473949
0.298847632482648,-0.0559229196514934,-0.187423435039818,-0.0462822699919343,0.256346622016281,0.28370944596827,-0.215093303471804,0.0451975889503956,-0.133158287778497,0.144096402917057,0.573480283375829,-1.38277606386691,-1.12138375989161,0.915892855497077,0.74377980013378,0.364259435562417,-0.330788961611688,0.424603692255914,-0.381706417305395,-0.254891232121736
0.476678829872981,-0.101841446245089,0.152823007432744,0.1194431274198,-0.47504806285724,0.114145646011457,0.017517889291048,0.0747746613342315,0.173936935979873,0.207118050567806,-0.799049397697672,-1.31498758192174,-0.823933017672971,-1.05581470252946,-0.1556775290519,-0.619428835110739,-0.157156386645511,1.26659014401957,1.41369829257019,0.425516339018941
-0.350080442382023,0.448287480743602,0.40400169766508,-0.335469268495217,0.360089620575309,0.0484060360584408,0.222058488568291,0.10685196868144,0.268248187657446,0.153514376236126,-0.995956206461415,0.552076138788834,0.968351565068588,1.26947526354343,1.03426060709171,1.20801744027995,0.785415115300566,-0.996061518089846,1.31149282422848,1.37765120412223
-0.19531932589598,0.321646704571322,-0.491618396015838,0.154590720543638,-0.419823233038187,0.18007693416439,-0.0497448732610792,-0.168463202286512,0.165642077475786,0.10389527301304,-0.999859568662941,-0.142172260209918,0.58729242766276,0.0128080942668021,0.0684656007215381,-1.4154170723632,1.04782772460021,0.596656715730205,-0.697881279280409,1.13639423134737
-0.0493952187243849,-0.327512305928394,0.237542524235323,0.311803835211322,0.113740844419226,-0.193554629758,0.148618954187259,-0.124185903836042,-0.0504990118090063,0.0711599509231746,-0.821769878966734,-0.386196354171261,0.47667266568169,-1.49414388765581,0.270821825601161,-1.37081332015805,0.317570911254734,-0.560547082219273,0.221357313450426,0.201364474603906
-0.355247291969135,0.28312781942077,-0.285568264080212,0.467342746444046,0.431584709789604,-0.197392600262538,-0.0851215987466276,-0.0356886190362274,-0.236746741365641,-0.278942500753328,-0.193250653333962,-0.546090170508251,0.418677566573024,-0.371095785638317,-0.352567969355732,-1.33020804449916,1.25412227888592,0.656109709991142,-0.47105469298549,0.0834468940738589
0.395972057012841,0.230591736966744,0.263961608055979,0.342492814175785,0.150796411326155,0.0109033280052245,0.0926057583186776,0.0315319375600666,0.247974917152896,0.246817267220467,-0.0548828181345016,1.05038325721398,1.23158729611896,-1.41537955566309,-1.39428997901268,1.07608004333451,1.3131665205583,0.00859915232285857,0.228705907473341,0.607645160285756
-0.212652511894703,-0.332145239692181,-0.333143074065447,-0.311809388222173,-0.205583604751155,-0.276264226483181,-0.141923311538994,-0.28193876654841,-0.272819296270609,-0.254566474724561,1.08595728571527,0.119155250955373,-0.679298460949212,-1.18868018779904,0.0124971563927829,0.92069774447009,-0.730818310752511,-0.851940894965082,-1.49329288001172,0.891683922847733
-0.323917599162087,-0.354681234108284,-0.276556774275377,0.286015972029418,-0.0348323904909194,-0.0387694399338215,-0.00469727609306575,0.178652504598722,-0.0453760638367385,0.0679571184329689,1.23293913784437,1.36016577878036,1.00220001954585,1.21990744024515,-0.0527939717285335,1.28259552153759,-0.803712027613074,-0.0900221199262887,-0.385013931663707,1.35018147574738
0.399961260380223,0.0199357673991472,-0.133613481651992,0.422420268878341,0.310704379575327,-0.0246465986128896,0.0375021095853299,-0.099554516421631,0.158520194515586,0.126021603774279,1.35077160154469,-1.03405953082256,-0.900460698176175,0.56436978885904,0.898118116194382,0.385921825887635,1.11484314710833,-1.36052768211812,-1.12661659321748,-0.138273874064907
0.351023813476786,0.232859231065959,0.302463958971202,0.40294920746237,0.240462218644097,-0.0145912396721542,-0.216627444606274,-0.157541337562725,0.20085436985828,-0.273401435790583,1.29763158853166,-0.942156675970182,-1.38032824639231,-1.22187715535983,-0.358157539274544,1.01996887126006,-0.503858371870592,-0.435862336540595,-0.566259061452001,-0.297722849529237
-0.408678934210911,-0.205360541353002,-0.390883914427832,-0.0231330504175276,-0.34772324305959,0.214241576101631,0.248069023853168,0.0840311521198601,0.0130689674522728,-0.172043918631971,0.696522668469697,0.382907211547717,-1.18457406596281,0.114894414553419,-0.062738936394453,0.202884049387649,0.0794106968678534,-0.226037406362593,0.70507509727031,0.271245283540338
-0.356184955919161,0.331494636368006,0.477549531962723,-0.0810770876705647,0.384361608186737,0.105972598074004,0.24437287193723,0.19513042056933,-0.0479006603825837,-0.213781270338222,1.45441522705369,-0.654362926259637,0.292674467666075,0.913802506634966,-1.21454028971493,1.46482791868038,-1.17604763363488,1.25298451236449,0.317839276744053,0.79409415833652
-0.401609770022333,0.0172011009417474,-0.290813113562763,0.262516811490059,0.469577910378575,-0.0622548687737435,0.057239801902324,-0.0185212911106646,0.276004965277389,0.145046417741105,-0.802025965182111,-0.531011159531772,-1.24554544338025,0.0169501996133476,-0.751635283464566,1.14648971613497,-0.929365161107853,-0.473930497420952,1.37335218256339,-0.733586576767266
0.402125875931233,0.218444841913879,0.0147947669029236,-0.438109547598287,-0.284673207206652,-0.256342805083841,0.286502241482958,0.238374400511384,-0.21038450198248,0.243492800323293,0.447829248849303,-0.251428226474673,-1.13571373606101,-0.572799107758328,-1.42014075675979,1.32758962386288,0.331054584123194,1.4717348346021,-1.34341934812255,-0.473109062528238
0.493583471514285,0.366330859484151,0.324048202252015,0.408036263193935,-0.219802677631378,0.0490868354681879,0.0132773160003126,0.0633078251034022,0.227158162230626,-0.266796739585698,1.33878746931441,-0.846998134860769,0.842514340532944,-0.893883983837441,0.443460166454315,1.37426572828554,0.00514389923773706,0.0559334456920624,-0.597925541689619,0.55115650780499
-0.187775158556178,0.331983579555526,0.490478384075686,-0.179774863645434,0.259514927165583,-0.269594753254205,0.241850132821128,-0.0121342617552728,-0.14085820033215,-0.00769073981791735,0.618015772663057,-0.709333218634129,-1.41807160503231,0.717983114300296,-1.13023164239712,1.24185079685412,0.263069628970698,-1.10484921885654,-0.456122113857418,-1.10314589878544
-0.133495719404891,0.210776001447812,0.273478908231482,0.293975858716294,0.104617701843381,0.00341894896700978,0.00439971517771481,0.0052770879585296,0.0387444888241589,0.146414335817099,1.19869164610282,-0.428837740095332,1.09634209354408,0.114154481096193,-0.470766749465838,-0.851834373548627,0.519695922732353,1.24981831340119,0.912668145261705,0.27636952442117
-0.309025793336332,0.0951008903793991,-0.437498230021447,-0.366506905294955,0.0641085675451905,-0.0378282980527729,-0.21135831316933,-0.288136986969039,0.00293512847274541,0.145024845656008,1.34537289105356,-0.896357306744903,1.24470549845137,-0.218422282487154,0.341968892142177,0.719939849339426,0.128306281752884,0.59653677069582,0.453816730063409,1.03772055753507
0.318987112026662,0.144792901352048,-0.336124491179362,-0.459642859641463,-0.434805745491758,0.000566793093457807,-0.0466489392332733,-0.121991603029892,-0.176837733853608,0.00397751983255146,-0.0798486932180822,-0.0149518169928342,0.445222867419943,-1.20956250163727,0.796926149865612,-0.857913352316245,-1.12112477025948,-0.424118640599772,-1.40052741207182,-1.46291936351918
0.294653779361397,-0.325620574411005,-0.438482631463557,0.260284315096214,0.330997639335692,0.119361581560224,-0.275926071591675,0.0854599131736904,-0.219578537112102,-0.0455350039992481,1.2567752469331,0.923318417742848,-1.47565967822447,1.12330580432899,-1.24949149251916,-0.623458912828937,-1.04778033052571,1.18541301065125,0.195582347223535,1.44643172621727
-0.218250566162169,-0.0988272605463862,-0.379194007255137,-0.10517124296166,0.0528809514362365,-0.217930164467543,-0.118670572852716,-0.182699570897967,-0.248637138772756,0.136326256440952,-0.215642997762188,-0.903951424872503,-0.298621274298057,0.613603693200275,-0.433814289746806,-0.171541751129553,-0.612108581000939,1.10544645530172,-1.11685698945075,-1.29150684457272
0.327657560352236,0.39333652285859,0.142028897535056,-0.22587472689338,-0.0215068561956286,0.289238640200347,0.246870250348002,-0.242362219747156,0.0301102308556437,-0.128867712663487,-0.271327497437596,0.106866212328896,0.921620256034657,0.591791362501681,0.800132954958826,0.134396658511832,1.23845662549138,-0.71905368170701,-0.357123902533203,-0.817233017412946
-0.322955990210176,-0.448087437544018,0.217483258573338,-0.267537257866934,-0.292737527983263,0.263295189617202,0.294702011486515,0.0182071988470852,-0.192698204051703,-0.251402943301946,1.23366330494173,0.955678976839408,-0.814064681064337,0.0167512893676758,0.491063034161925,-0.744812509277835,0.393151475116611,-0.447320032166317,-0.18317503714934,0.598911473527551
-0.273064997280017,0.23622888349928,0.393446053378284,0.371468621306121,-0.0814807179849595,0.0755142792128026,-0.0855710988398641,0.151660036621615,-0.239838645374402,-0.172717799758539,0.94523686892353,-0.448119669221342,0.125160993542522,0.401318073039874,-0.987705294974148,1.32661556638777,-1.19810610450804,-0.21856445283629,0.925144118489698,-0.815408411202952
-0.411248249933124,0.482029432198033,0.428610557923093,0.0882781366817653,0.404461137484759,0.278480081353337,0.0439859577454627,-0.138668422261253,0.266187412105501,0.24784392574802,0.0499225866515189,1.15872707334347,-0.95159669383429,-0.326357086189091,0.480955010047182,-0.634764159796759,0.968805663054809,0.858479416463524,-1.44487105635926,0.262583306757733
0.269224265357479,-0.223394555971026,0.368662445573136,-0.293388274265453,0.168304523453116,-0.156385575374588,0.110977421281859,-0.0617786385118961,0.114475751342252,0.183364914776757,0.761265078093857,0.848104150034487,0.666101281531155,-0.380973486928269,-0.832872660364956,1.17332732118666,1.43639317899942,0.522640597773716,-0.246464892989025,-0.535151933552697
0.411046070046723,0.420597578398883,0.234127360163257,-0.470466377912089,-0.405225726542994,-0.0399316895753145,0.0281207961961627,0.0814700956922024,0.241123086819425,0.10272966446355,0.438713163603097,1.22387139801867,-0.951236155349761,0.478296706918627,0.26144484244287,-0.493812621803954,0.00235285679809749,0.569098606472835,-0.314556075492874,-0.0605322425253689
-0.292097699828446,0.446314688306302,-0.106884386390448,0.0439505374524742,-0.438464079983532,0.108693351689726,-0.251543325791135,-0.202945832815021,-0.284078424749896,0.137298974767327,-0.534996009198949,-0.230400643777102,1.02462939103134,-1.19046217063442,-0.88929352001287,-0.866830696351826,-0.687707024859264,1.19121822807938,0.0714980398770422,0.837940910831094
-0.179596829926595,0.0463666354771703,-0.16663979832083,-0.137476727366447,-0.433311352739111,0.0451045820955187,-0.180221908958629,-0.150503812311217,0.186774881975725,0.100693481834605,0.921571763930842,-0.479167024372146,-1.45149462693371,0.000997396884486079,0.793055268237367,-0.424516830593348,-0.422172432532534,0.826901275897399,-0.70042074797675,-0.00348548521287739
-0.423349138582125,-0.170834602089599,-0.260760080534965,-0.0634911523666233,-0.0151110989972949,-0.0694250560831279,0.139252357324585,0.062391841225326,-0.208781001716852,0.203909618966281,0.501641324255615,0.484233273658901,0.182362317340448,0.565651824697852,1.25839455937967,-0.302709154319018,-1.07637609005906,1.03049065405503,-0.109985214890912,-0.409155971836299
-0.0437186099588871,-0.0933594545349479,-0.102909104665741,-0.0597930289804935,-0.00831125327385962,-0.0814919453579932,-0.0149825348518789,0.268905792105943,-0.176010970026255,0.204095620382577,-0.116332464851439,0.0236771071795374,-0.361036787275225,0.89209476322867,-0.304885477060452,0.915551513666287,0.749498825054616,-0.753831225447357,-0.749019189504907,0.0093180863186717
0.10115381795913,0.205183267593384,-0.13613208453171,0.191146765137091,-0.40686725708656,0.20178313725628,0.0941996451001614,0.26122988476418,-0.192970855068415,0.178980112960562,0.0819477976765484,-0.473477519815788,-0.00262799626216292,0.188552565872669,-0.97024516412057,1.14025283488445,0.619274548720568,-1.20718410308473,0.515434926375747,1.19957365421578
0.0498212671373039,0.195735692046583,-0.225917309289798,0.191842486383393,-0.284975585294887,-0.0600003178697079,-0.104030788689852,0.196611373079941,-0.0888862245250493,0.0869658689014614,0.265721417265013,-0.65675352467224,-0.671415525488555,0.136678011389449,-0.251724832691252,-1.31793889822438,0.75052308733575,-1.20489843771793,0.926091434899718,0.26672634598799
0.484240328660235,0.35279298434034,0.0576426028274,0.36077833478339,0.0709892665036023,0.070930635323748,-0.01283361450769,-0.0542347576003522,0.149351542722434,-0.296491705952212,0.206996843218803,1.09047709079459,0.587204082403332,1.09938401612453,1.12476301915012,-1.24072093307041,-0.840290465857834,-0.396113824797794,-1.33426185278222,0.798848176142201
-0.0323094706982374,0.285237042233348,-0.180872110417113,0.476790012791753,-0.200120194815099,0.0698165867943317,-0.200450892141089,0.00168241322971879,-0.224217409780249,-0.0686057096812874,0.273111751070246,1.30094962357543,-0.94340311945416,-0.171494013397023,-1.05060430406593,-1.13972518150695,1.42524711205624,0.981735200621188,-0.520084329647943,0.805690695997328
-0.4852168422658,-0.167953758034855,-0.364461041521281,0.136247731978074,0.11088240868412,-0.150579604553059,0.207358868932352,-0.297456952370703,-0.0537453671917319,-0.163214331585914,1.22938496922143,1.18843736127019,-1.19023362058215,0.498819125583395,-0.991113856667653,-0.868645819136873,1.27283358830027,-0.988608386367559,1.29741743160412,-1.30528759304434
0.170977855334058,0.324193469947204,0.197118320502341,-0.480633701197803,0.206534737255424,-0.122020469326526,-0.125599199021235,0.112268392648548,0.273210274474695,0.237865768466145,-0.392891218420118,0.340740712126717,1.41905416175723,1.33681318745948,1.26955336332321,-0.791585076833144,0.551105237798765,0.875247336924076,-0.826366206631064,-1.43110278923996
-0.198007622733712,0.247680812841281,0.268614928703755,-0.270847741514444,0.269339713733643,-0.0617422289215028,0.037082497542724,0.0509100849274546,-0.0338543600868434,-0.122249310370535,0.540897141443565,0.541041806805879,0.899325867416337,-0.673811646876857,-0.654299625428393,-1.44329780316912,0.268412370700389,-1.19499929342419,-0.31241761520505,0.658543707802892
0.0362483758945018,0.396116579882801,-0.29096794850193,-0.23733290610835,0.201254117302597,0.104990058392286,-0.258548526512459,-0.21057924865745,0.0495911818463355,0.298586622392759,-1.44156174897216,-0.122484032297507,-0.328639648156241,0.547972208121791,-0.65423844801262,0.256273282226175,-0.386840419610962,1.18449302553199,1.4513673952315,-0.72681110794656
0.485174919711426,-0.244113869266585,0.0505298189818859,0.201888354960829,-0.220180499134585,0.250226041954011,-0.0474264522548765,0.0624567822553218,-0.282769015710801,0.00997149758040905,0.49812718690373,-1.14309490425512,1.44282954954542,-1.12880469672382,0.877930681686848,0.987898465711623,-0.531638961983845,0.895028935745358,-1.2263937627431,-0.892128983745351
0.154097926104441,0.259489086689427,0.405999499140307,0.110447185579687,-0.226430213078856,0.135438383510336,0.045797033328563,0.264078200329095,0.065360871842131,0.158762298803777,0.709603182272986,-0.721914286259562,1.20621437067166,0.95520135294646,0.206218177685514,1.30805873963982,-0.307438642485067,-0.852002520114183,0.259211481548846,-1.29213150520809
-0.447691373759881,-0.119911569403484,0.366840483387932,-0.116175337461755,0.41713531082496,-0.294400940090418,0.0674980591982603,-0.0984970791265369,0.127720567770302,0.278536697477102,-0.149928583530709,1.3346914651338,0.677604264579713,1.04730394366197,0.251493530580774,-0.445050026290119,0.449138782219961,-0.45626262598671,0.742677774745971,-0.214534746017307
0.270521777449176,-0.371821367880329,-0.376993294106796,-0.244694601511583,0.178653746144846,-0.140709234075621,0.23977343221195,0.254240853711963,0.0788153966423124,0.11882585696876,0.263190414290875,0.179109757533297,0.774854395072907,-1.48073888663203,-1.46511429618113,0.582250746432692,-0.0153836058452725,0.225877703167498,-0.974013665691018,0.106900417478755
0.410366732627153,0.325140914181247,0.120003076968715,-0.359192446107045,-0.281748895999044,0.265483229560778,-0.0445902109611779,-0.241602884698659,0.290450722631067,0.260723043652251,-0.790153814479709,0.0923894250299782,-0.60076886205934,0.788391717011109,0.811898048501462,0.352431873092428,-0.142110322136432,-1.33493471913971,0.134979542344809,-0.428473638603464
0.339508623583242,0.376652417471632,0.121858323458582,-0.285019843606278,0.168145501753315,-0.0111662740353495,-0.0500258472282439,-0.132011995045468,0.182437855890021,0.084093046747148,-0.640931962989271,-0.450924782082438,-1.02345048263669,0.234183582477272,0.864459678065032,-0.530580900376663,-0.889681218657643,-0.286011947086081,-0.35861972020939,-1.19785214681178
0.251569549320266,0.492802459280938,0.0670298701152205,0.484402518253773,-0.00694307778030634,0.228445083880797,-0.0413975031115115,-0.035284428158775,0.0920936051756144,0.229589112941176,1.19880054937676,-0.636018866440281,0.126700564054772,-0.154024760937318,-1.22426448273472,0.173876856453717,-0.134735288796946,-0.232721023494378,-0.560484070563689,1.34037883440033
-0.452278003795072,-0.12676141737029,0.0318685506936163,0.428258307045326,0.111265665153041,-0.178892690129578,-0.0547996000852436,-0.147889388725162,-0.032417829008773,-0.220917246490717,-0.292732389410958,-0.958972247550264,-1.26889011869207,-0.0767741950694472,-0.192462190054357,-1.10461081238464,1.07409711694345,0.711231269873679,0.519110247027129,-0.24825570685789
0.480449246475473,0.352839023806155,0.253893906250596,-0.275137221207842,0.151611179346219,0.0934549903962761,0.127228002436459,0.120794071163982,-0.198173373984173,-0.0489091069903225,-0.441805914742872,-0.251314375083894,0.359810112509876,-1.20306920679286,-1.33925775904208,0.190341419074684,-1.10401630634442,1.02068653469905,0.874603409087285,1.2613233870361
-0.305254804436117,0.212797006359324,0.311815600376576,0.471025730483234,-0.465089106699452,0.224830373888835,0.0700017498806119,-0.238955080043525,-0.0982139394152909,-0.150599951762706,-0.966680433601141,-1.04442738974467,0.903688681544736,-0.26790778990835,0.204150814097375,-1.40542645985261,1.35763562866487,0.135223353048787,1.04455667221919,1.43161832238548
0.317982588196173,-0.2160061779432,0.131778694922104,-0.216104141203687,-0.451687924796715,-0.0935306631959975,-0.106001992709935,-0.0605391154065728,0.0441001427359879,0.0947837426327169,0.751907325815409,-1.38157598278485,0.538615108234808,-0.582095598103479,1.32436199183576,-0.6550094014965,1.17218568501994,1.131027613068,-0.665289223194122,-0.351510117994621
0.015270306263119,-0.294823674717918,0.252911494811997,-0.24114768113941,0.21113341790624,-0.141816561855376,-0.210494356881827,0.0729779422748834,0.0608584031928331,0.0986374022439122,1.06951653887518,0.50341863068752,1.36459976295009,-0.242720970651135,-0.0339253360871226,1.13837459567003,-1.02827773941681,-0.3164872743655,0.545331057859585,0.271529654972255
-0.333149217069149,-0.28970408346504,-0.349114924902096,0.0252558561041951,-0.119461840484291,-0.276998419314623,0.0304582653567195,0.103417399898171,0.29061974035576,0.084858734998852,0.418257504003122,1.16901558218524,-0.606213851133361,0.172566593857482,0.717430035816506,-0.413636278593913,1.3612440302968,1.37740980321541,0.624947553500533,-1.03228960116394
0.191567560890689,0.24373752111569,0.433114192215726,0.0973587918560952,0.395734925521538,-0.121740738395602,-0.207021579053253,0.00832254881970584,0.258123376686126,0.0845930183306337,-0.223496052436531,-0.795631961664185,-0.740417886525393,-0.0529479193501174,0.374300631461665,-1.17532654758543,-0.552925092866644,-0.73270615353249,-0.43673705519177,0.87534822919406
-0.490400572540238,0.471579730743542,-0.108745236415416,0.346143935341388,-0.182506931712851,-0.226755981473252,-0.239875695621595,-0.0803337507415563,-0.209404464159161,-0.177787742810324,1.42749578738585,-1.05995317571796,0.807831053389236,-0.559267544886097,-1.00973926344886,1.36642346531153,0.213508803863078,-0.494290191913024,-1.11011606804095,1.42761838948354
-0.424439187627286,-0.473226236412302,-0.0544187747873366,-0.32732430100441,-0.329214476048946,0.15724761695601,0.264938355842605,0.0928660752251744,-0.00227200705558062,-0.297361678211018,0.83140795212239,-0.546119797043502,1.46803611796349,-0.756306156981736,0.878390657482669,-1.13935522525571,-0.240132947685197,-0.403637423878536,-0.915951074101031,1.49958581314422
0.0189405435230583,0.167957805329934,-0.117908799555153,-0.475502378307283,-0.316694644745439,-0.122311984794214,0.15294887102209,-0.145266153803095,-0.0992145800963044,0.082416572375223,-0.357858677627519,1.43084680521861,-0.54843297181651,-0.901697960682213,-1.48930318769999,0.927839836338535,0.382464370457456,-1.4053043781314,0.913560741813853,1.00942657655105
0.417746648192406,0.123964511556551,0.102393690263852,0.00254481215961277,0.461405464913696,-0.056989289727062,0.0601188291795552,-0.104644294269383,0.285124776000157,0.107958823442459,0.661726787220687,1.01057531638071,-1.02146891411394,-1.07695490517654,-1.27700212877244,1.2563984063454,-0.353692185832188,0.204298009397462,0.567567532416433,1.11435170983896
-0.243302573217079,0.119909181958064,-0.485938052646816,0.191335678566247,-0.123730464372784,-0.0450828782748431,-0.248887854348868,0.12674143477343,0.041408572671935,0.108349481318146,0.936263567302376,1.01654347660951,-0.898352513322607,0.602960395161062,-0.836903195595369,1.05381069215946,0.0160735587123781,-0.703765148296952,0.650272712577134,1.0438366625458
0.429629993624985,0.407617937773466,0.272635065950453,-0.499630728270859,0.463530398206785,-0.0979708347469568,0.245173511607572,0.1520879347343,0.0470346414484084,0.171543773403391,-1.18941377336159,-0.967377293854952,-0.0687950311694294,1.4462316299323,1.06118343165144,0.27466267417185,-0.662893249187618,0.55552090681158,-0.451166157843545,0.961814872222021
0.0635013789869845,-0.0658964393660426,0.0972744103055447,0.424451358383521,-0.205426271539181,0.20453331079334,-0.22740910006687,-0.20058553009294,0.239951854851097,-0.102951690321788,-0.754494031425565,-0.759699856862426,0.262673198478296,0.997820394812152,-0.184274934232235,1.41320939082652,-0.772597931558266,-0.940168188884854,0.778840320417657,0.964682448422536
0.415864909300581,0.182239889167249,0.163232308579609,-0.449997531250119,0.261012395145372,0.0198008217383176,-0.153369052894413,0.298256350820884,-0.0995058291591704,0.133213494624943,-0.00494013517163694,-0.921723017469049,-1.20214981050231,0.499964370159432,0.647732476238161,-1.07024938962422,-0.534807870397344,-0.613786979578435,0.754302168963477,0.505203918786719
-0.488299575867131,0.189568113768473,0.114702210528776,-0.151077155256644,0.244044966995716,0.257655316963792,0.153245605202392,0.167799177160487,-0.277962710894644,-0.137147002480924,0.409288058755919,1.3268811176531,0.0921586502809078,-0.869811544194818,0.842608087928966,1.32820502319373,1.10240720165893,0.707461661892012,0.826736018294469,-0.39685494499281
0.20236444240436,-0.105643389746547,0.0078363346401602,0.178860032232478,-0.0268086222931743,0.0611780069768429,0.0527706254739314,0.0360374017618597,-0.115697647444904,-0.248466598195955,-0.657882567029446,0.705285813426599,0.130531415110454,1.01311479276046,-0.430196876870468,-0.575834475690499,1.16907902760431,-0.260353202233091,1.46959650004283,1.46168827707879
-0.137581495335326,-0.397017373237759,0.288650163216516,0.28131804196164,-0.295049758860841,-0.136299346620217,0.0627079831436276,0.144055539462715,-0.22030265587382,0.202258255099878,0.184792727697641,0.570736197754741,0.501319630304351,-1.41745581105351,0.303078771801665,1.43696972541511,0.628668115474284,-1.16457051015459,-0.759382932912558,-1.49785803398117
0.267718951683491,-0.30012894095853,0.111160941421986,-0.0301751412916929,-0.304248992120847,0.257629493996501,0.252844918007031,-0.0291806488763541,-0.296336596738547,-0.145508910762146,1.27256158995442,-1.38247861317359,1.25952152442187,-1.07124782027677,0.812227646587417,-0.487269551726058,0.0765927478205413,0.0601674034260213,0.826499039540067,0.558899415889755
0.0428407602012157,0.232622846029699,-0.0613780156709254,-0.485494508175179,0.126653848448768,-0.206331467768177,-0.0206212351564318,-0.286619230080396,-0.0661668875254691,-0.188827312365174,1.46684586186893,0.66244875267148,1.15088120684959,0.997700785752386,-0.52778278850019,-0.38760715839453,-1.1641026113648,1.13686993718147,-0.85269610513933,0.27012583357282
-0.320036205230281,0.214314366225153,-0.124585585203022,-0.404220682336017,-0.425609362777323,0.237849670741707,-0.16624221811071,-0.114266201248392,0.255237835133448,-0.188635751791298,0.428876521065831,-0.100942619377747,0.839857601327822,0.763851372990757,0.60963193885982,0.751957112923265,0.131015321938321,0.700888130581006,1.37335541239008,-0.255769488634542
0.337437815498561,-0.217027954291552,-0.274359178030863,-0.068923395127058,-0.325144178466871,0.122024394571781,0.0584804040379822,-0.285888184513897,-0.170732151763514,-0.0738996275234967,0.157639291137457,-1.28766047931276,-1.38447906682268,-0.0211799461394548,-0.825262423139066,-0.290199660463259,-0.787901314906776,-1.27313499106094,0.52841382776387,0.168163319583982
0.225622974336147,0.1562041179277,0.0971311482135206,-0.371955682290718,-0.0873604903463274,0.185439056530595,-0.295097760669887,-0.2912894341629,-0.0509700247552246,-0.129155313922092,0.557694622082636,-0.613181593827903,0.172585785621777,-1.47425856837071,1.29803936602548,-1.44807451986708,-1.45045413239859,1.32730458327569,0.333524756133556,0.906164864078164
-0.0337225936818868,0.193009426817298,-0.260745638981462,-0.386531456140801,0.473752488847822,-0.274116612458602,-0.0438549235928803,0.211563896946609,0.133230540901423,-0.0780858813319355,-0.462773105828092,-1.13630499551073,1.37391104176641,-0.421953708166257,-0.199833767255768,0.179914719192311,0.243483674246818,-0.99457849888131,0.957182102138177,-0.759179566986859
0.0175877276342362,0.46906892163679,-0.190716515760869,-0.312149064848199,-0.436807789606974,-0.294481446174905,0.0578666018787771,-0.0658296091016382,0.293664272641763,0.157009482197464,-0.486095283413306,0.829096972709522,0.468125795479864,-0.485123993363231,0.776004047133029,-1.42342541646212,1.00432920525782,0.884286708198488,-1.38723530829884,1.41341348388232
-0.00247261929325759,0.488826978253201,-0.416729402728379,-0.402661922620609,-0.0565493940375745,0.292715739319101,-0.0213790685869754,-0.157643129071221,0.284339232835919,0.146476647863165,-1.37400959967636,-0.843715463066474,-0.508781798416749,-0.621956183575094,1.37559553887695,1.42018990195356,-0.881402645492926,0.717179138911888,0.199159543728456,1.34278010227717
0.183835030533373,0.0487903184257448,-0.0240825517103076,0.278029435547069,0.30504713463597,0.155719832098112,0.0408633997198194,0.179181339684874,0.142818946531042,-0.0463125780690462,-0.323428767034784,0.950070528080687,-1.22834063158371,-0.885406424291432,0.548125901492313,-1.28653959115036,0.501819115597755,-0.594469073228538,0.939177670050412,0.153421681607142
-0.386970424326137,0.202160130720586,0.260954094585031,0.155228051589802,-0.127356673590839,0.172246085526422,0.252407240029424,0.217408447572961,-0.066836155531928,0.209755300590768,-0.28271601581946,0.877130814827979,0.743140392238274,-0.813958907034248,-0.220729054184631,-1.37087215064093,-0.487886915216222,-1.39040133683011,0.667762485332787,0.626529537839815
0.442267590668052,-0.0718381172046065,-0.482281147269532,0.093604139983654,-0.421191152650863,-0.227850210992619,-0.128957188921049,0.0160273818299174,0.29285426675342,-0.0950844791717827,0.525077600497752,-1.01469551562332,-1.43064515898004,-1.17394258012064,1.39046856597997,0.287211605580524,0.978150547016412,-0.50116767687723,1.41824300307781,0.117651401320472
0.0453783099073917,-0.382546719629318,0.453873015707359,-0.423757939133793,-0.376418975647539,0.0151915976777673,-0.083215693384409,0.206048532715067,0.0280192018020898,-0.0924438811372965,0.23432785179466,1.23838738398626,-0.944540898548439,-0.0823609486687928,-0.711217893054709,-0.247630026424304,1.12484371243045,1.39045562292449,0.0513191136997193,0.461230932036415
0.393040454713628,0.493520184187219,-0.0178748040925711,0.222478846320882,0.194283334538341,-0.2632536128629,0.233098941715434,-0.0554445338901132,-0.260132908355445,-0.250284623214975,0.0999392399098724,-0.924198383465409,1.38434823439457,-0.344358876580372,1.08504596468993,-0.809833795996383,-0.0656371093355119,0.835986090358347,-0.92670731479302,1.30573717667721
-0.137267077574506,0.319234809605405,-0.450755309779197,-0.306959278415889,0.0679198438301682,-0.281279423972592,-0.204678969550878,0.0226107244379818,-0.269540069019422,0.196734624914825,-0.946424523135647,-0.499434436205775,-1.49479268118739,1.30339501658455,-0.757911209017038,0.992122442694381,1.34672744502313,-1.05831974744797,-0.698324730154127,0.328588186763227
-0.0980453826487064,0.477418690687045,-0.190926611423492,-0.0610048619564623,0.455773965688422,-0.190444776462391,-0.102229162864387,0.0951855417340994,0.0866541455034167,0.136484683072194,-0.266108511015773,0.502835415769368,0.132176814833656,-1.11567236878909,-0.371049007633701,0.195206885458902,1.13152875867672,0.0833494376856834,0.168979804264382,0.233906098874286
0.156735833268613,-0.0763360452838242,0.179633742431179,-0.101558752823621,0.208587547764182,-0.172055016970262,0.18556493204087,-0.0338118166197091,-0.289458410348743,-0.228614473482594,-0.931372235761955,0.565192909212783,0.63405730901286,0.712293220683932,0.443963096709922,-1.23975901398808,-0.901198548730463,-0.771907656686381,-0.452976873144507,1.42289979639463
-0.241925970185548,0.476236399961635,0.2697998508811,0.114832188934088,-0.364421967184171,0.00596086923033001,-0.171557682612911,0.233459743671119,-0.100166337238625,0.280511743482202,1.4733938423451,-0.693634421797469,-1.02338785096072,0.901581670157611,-1.08712670858949,1.30182812176645,-0.0366889054421335,0.565746269887313,-1.32735619973391,-1.40054708370008
0.0456237273756415,-0.168835240649059,0.212597477482632,-0.0308993179351091,-0.359824278624728,-0.293432391062379,0.268878223747015,-0.0357085970230401,0.277226935280487,-0.165854713087901,-0.0443554704543203,1.27441548812203,-1.06372562237084,-0.90008177049458,0.627614374039695,-0.0712707268539816,-0.384352999739349,1.26955152838491,-0.824993032263592,1.26534431241453
-0.0902669737115502,-0.477885091211647,0.0280339501332492,-0.136717010289431,-0.207904852926731,-0.166205765353516,-0.0179021834861487,-0.133381489198655,-0.0934730554930866,-0.242132989643142,1.02905161119998,-0.699486046331003,-1.0373264180962,1.15944891585968,-0.646989697124809,-0.901731251506135,1.1514174900949,-0.417772390181199,0.264335592510179,-0.5751454657875
0.441672060173005,0.0219160253182054,0.281159509671852,0.366801798343658,0.354510886594653,-0.179501286009327,-0.250691528851166,0.0301638923585415,-0.00691655511036515,0.266525055700913,-0.624651226680726,-0.109486170345917,0.827463471796364,-1.14925616956316,-0.841576907783747,0.942693001125008,1.29189251339994,1.2770480629988,-0.212725399760529,0.874150793300942
0.217865196755156,0.0639380870852619,-0.200187395559624,-0.262182952603325,-0.161544153466821,0.252904978534207,-0.147740299813449,0.143063757754862,0.183917241124436,0.121311315894127,-0.375201752409339,-1.43323464388959,1.34072042768821,0.448574449634179,1.21108487038873,-0.837778720306233,-1.00433895830065,-0.38389620766975,0.183696781285107,0.0700287977233529
0.22725543519482,0.412466668989509,0.287092754384503,-0.468197576701641,0.377829776145518,0.197312033548951,0.183778168447316,-0.0866373832337558,-0.22467537112534,0.0896182884927839,0.200334361754358,-0.310089173493907,0.836079364875332,0.856677087955177,0.408566108671948,0.160941291600466,-0.188787769759074,0.0785203808918595,0.101999747101218,-0.922977136680856
-0.220489168306813,0.23262362414971,-0.484055941225961,0.150272528640926,0.152814128668979,-0.0515608461108059,0.0489111808128655,0.0368353177327663,0.145056862710044,-0.250741432886571,-0.818344508064911,0.518128538271412,-0.0955525659956038,-0.631865981966257,0.184361556312069,-0.221539116231725,-0.0936308805830777,0.524280202807859,0.234361929120496,-0.41522998502478
-0.326181733049452,-0.195919498102739,-0.395350814098492,-0.40162652451545,-0.315304771531373,-0.193337955884635,-0.270247481390834,-0.183576221577823,0.160973670054227,-0.125374777894467,1.20147906965576,1.46652514999732,0.199884813744575,-1.23757080640644,0.949340506223962,-0.595661727944389,1.12358591356315,-0.30949644651264,-0.193383760051802,-1.34349506115541
-0.345934177283198,-0.159960386576131,-0.0785367013886571,-0.42228404385969,0.140155269298702,0.108396509662271,0.052033035736531,-0.0613786842674017,0.180705799302086,-0.108464102586731,-0.918041556375101,-1.46346354600973,-0.396440849639475,-1.19654076872393,0.86394685995765,-0.248844565590844,1.36719505302608,-0.73290243325755,1.42222816217691,1.05339065892622
0.153938499744982,0.073584214085713,-0.387728613801301,-0.110874578123912,-0.189526192145422,0.217859405139461,-0.233497228939086,0.181704483088106,-0.0868901624344289,-0.0765955761540681,0.943532845471054,-0.729272219818085,0.386817615944892,-1.29287688829936,1.29055615374818,0.724636621540412,-0.229718860471621,1.30584899755195,1.22203918383457,-1.44076790031977
-0.430874567944556,0.340538080083206,0.368557731388137,0.444829393411055,-0.369929958833382,0.0882876749150455,0.25873642670922,-0.250726951891556,0.029440649645403,0.0895622199866921,-1.44656207179651,-1.08221835759468,0.739632859826088,0.875159461051226,1.3279203500133,1.40600268286653,0.596350353676826,0.506961663253605,-0.580223941477016,0.49826660240069
0.351807423401624,-0.312529060523957,0.029310874408111,-0.474405244225636,-0.380971648264676,-0.283770454209298,-0.0169022119604051,0.149452798627317,-0.194458533497527,-0.047036513267085,0.383873343933374,-0.289371140766889,-0.873892178060487,-0.952095023123547,1.38332988484763,1.01656116871163,1.01131727127358,0.0840428445953876,-1.02854695916176,-0.349614661652595
-0.124476945959032,-0.428036706289276,-0.185797322774306,-0.338661930756643,0.483461772091687,-0.00149035505019129,-0.0814670118503273,0.294382451847196,-0.148768759891391,-0.186046886304393,0.953027855604887,-0.227662292076275,-0.660931920865551,-0.748153533088043,1.40909207076766,-0.463186520850286,0.741443446604535,1.09422927419655,-0.196534170303494,0.995241391472518
-0.16201336379163,-0.238476948346943,-0.43454686878249,0.288160656811669,0.304597943089902,0.163248772267252,-0.273292646650225,-0.159067594399676,-0.214508276665583,-0.287748946622014,1.41508765798062,1.10428204480559,-0.789208307862282,-0.974804487079382,-0.880089029436931,-0.412832332542166,-0.0341868102550507,-0.0646900772117078,-1.22791417711414,-1.07673301035538
0.408168481662869,0.372607268160209,0.140171107603237,0.373596270335838,0.432511287741363,0.0195128955412656,-0.147725409222767,0.284067344013602,-0.252694429177791,0.043213129369542,-0.0663788770325482,-0.163814125349745,-0.542600425193086,0.109745401656255,1.27976601105183,0.720262778922915,-1.40275392076001,-0.785119533073157,-0.897818028694019,-0.733217508299276
0.176524138310924,-0.0501340301707387,0.165703773731366,0.192932201549411,0.368712689261883,0.120014645112678,-0.172159611107782,0.0268555438611656,-0.146831820951775,0.180952367233112,-0.432057891273871,-0.454069475876167,0.623515102313831,-0.632406841730699,0.530519231921062,-0.349769783439115,-0.162894322536886,1.18647561664693,0.58388507924974,-0.522523245541379
0.120294556953013,-0.254208349622786,0.168924680911005,0.0770081840455532,-0.0221041836775839,0.22410837225616,-0.289694468071684,0.175460427068174,-0.0838192394468933,0.0894981548655778,-1.43949662614614,0.896845403825864,-1.05720306490548,-0.25349613907747,-1.49318288778886,-0.865945411613211,0.0867607591208071,-1.46189366304316,-0.950261824065819,-0.019978377269581
-0.216739348834381,-0.34016691124998,0.026757437037304,-0.222132473951206,0.40963564417325,-0.0712241726461798,-0.147060655709356,0.253733553132042,-0.196416390873492,-0.0725825539324433,-1.04622159409337,-0.00184403196908534,-1.00315283099189,-0.442464633844793,-0.225415377644822,0.629906184738502,0.746870117029175,-1.40907347341999,-0.546877250773832,1.11723102489486
-0.151304600993171,-0.454416397493333,-0.446115894475952,-0.254915618570521,-0.0366707453504205,-0.26808732105419,0.158546955417842,0.25173140228726,0.158244065288454,0.261141147091985,1.45743983052671,-0.412922174669802,-0.797028415370733,1.35485354508273,0.88244686438702,0.936344005633146,-0.618315814761445,-0.174581769621,1.12206312012859,1.23149244650267
-0.231320696882904,-0.369393168482929,-0.487790039740503,-0.158259669085965,-0.383588425349444,0.297498634736985,-0.214442097628489,0.242874798411503,-0.217731674993411,0.253364702593535,0.313448494300246,1.41916363849305,-1.24068033043295,1.21792499092408,-0.0513174813240767,-1.31889910809696,-0.861956989858299,-0.810777874896303,-0.188410603674129,0.599528250284493
-0.222963255131617,0.491609508637339,-0.334518590010703,-0.202205988811329,0.20779163017869,-0.212075424520299,-0.205891709821299,-0.0435308103449643,0.0691488984972238,-0.0499323681928218,-1.10317869507708,-1.45822385628708,-0.402052266988903,0.373466481920332,0.548617210937664,1.14188801986165,-1.39612396247685,0.861729954136536,-1.11894155759364,-0.396538247354329
-0.493764387210831,-0.431631120853126,0.315476143267006,0.234705737093464,0.00085200322791934,0.198538709711283,0.0111186181660742,-0.0773503077216446,-0.0348659715615213,-0.0929277907591313,0.211518275784329,-1.10100522777066,-0.950562086887658,-1.16083532944322,0.754320326261222,-1.43727697525173,-1.40495601645671,1.02236110903323,0.0485503328964114,-0.80302389152348
-0.0144516720902175,0.373735546367243,-0.36896902625449,0.457906052703038,-0.0137067378964275,-0.278761436557397,0.158430016832426,0.174396661575884,0.0638492897618562,-0.0103945299983025,-0.582245973637328,1.28551303083077,-0.210960372118279,0.698750661453232,0.79164889245294,-1.02222911571153,-0.0919617956969887,1.04554338357411,0.821030051680282,-1.33674196153879
-0.452435610583052,0.395896263187751,-0.0923947559203953,0.490274495910853,-0.202783592045307,-0.263854756532237,0.0179717233870179,0.0687712810467929,-0.127248030155897,-0.0392241479828954,-1.46730506443419,0.353352602105588,0.892335577402264,0.00810394948348403,1.29702292825095,-0.124818539712578,0.408158088801429,-0.784144244156778,1.45785991195589,0.542307364521548
-0.412427616771311,0.363925798330456,-0.318142268806696,0.427886330056936,-0.428865681635216,-0.156092396238819,-0.0229140664916486,-0.147814772184938,0.182265029847622,0.227879688050598,0.857744211796671,-0.386609928449616,-0.506349527277052,0.841678060591221,1.22397490544245,-0.877127693966031,1.04245940269902,0.0345912307966501,1.05743133206852,-0.438643214525655
0.393151982920244,-0.22146855504252,0.15572497039102,-0.39576298580505,0.380454081809148,-0.24754814193584,0.276988141145557,0.263275370886549,0.124548641312867,0.227439894340932,-0.444986789720133,0.551647681044415,-1.14431662322022,-0.0186804269906133,0.799000279046595,1.09291076660156,-0.867578281089664,-0.47251035226509,-1.1445183721371,1.18712891335599
-0.148317117709666,-0.0181659886147827,-0.172078251140192,0.499281069496647,-0.102007747627795,-0.054632209148258,0.250907244672999,-0.0527149277273566,0.213639901159331,-0.209229916194454,0.220806016819552,-1.11897259089164,1.1547186083626,-0.675430948846042,0.44989745831117,-1.42422905238345,0.704608969157562,-0.251779498765245,-0.406929299002513,-1.27199117629789
-0.170691627310589,0.354583979351446,-0.125349996378645,0.118142824852839,0.45402692258358,-0.0905599870719015,0.206785202817991,-0.0645490325521678,-0.143745712609962,-0.00276227463036777,1.15578031190671,-0.0219508172012866,0.154316558036953,0.805626047076657,-0.304276599548757,-0.0892133668530732,-0.587130420841277,0.726564799435437,-0.0138466679491103,0.832873902982101
-0.486631676089019,-0.295491146855056,-0.316288446774706,-0.193372609326616,-0.222901699366048,-0.121564502315596,0.169499207194895,-0.232494086679071,0.210447707818821,0.294059812417254,-0.787951472215354,1.05799486278556,1.41189156775363,-0.120403583161533,0.824888019589707,1.21621814346872,-0.345239881658927,-0.844634319422767,-0.837058725301176,0.437367448350415
0.355412110919133,0.029917516047135,-0.163834915263578,-0.142373071284965,0.376938462257385,0.210193433426321,-0.227401986066252,-0.0875966463703662,-0.22674654610455,-0.248297103121877,0.833226327784359,-0.446886177174747,-0.291351354913786,0.630181727930903,0.858310590265319,-1.10783615126275,0.527497955365106,-1.47952747670934,-0.971012233989313,1.22217313852161
-0.225845200475305,0.112115209456533,-0.076353816781193,-0.136151229497045,0.266722870757803,-0.00916700516827407,0.278492159117013,-0.0223861025646329,-0.225540156941861,0.272982992324978,0.871334394905716,0.58357303077355,0.698257619747892,-1.25583818438463,0.920211160322651,-0.354026201181114,0.834491597022861,0.00822083652019501,-1.39328249660321,-0.103417161153629
-0.296754763461649,0.164646449266002,0.295790367294103,-0.257243452128023,-0.0514206802472472,0.0268579218070954,0.120970684569329,-0.00206628665328024,0.0391923695337028,-0.0637141954153776,1.34197782282718,-1.33571525523439,-0.905224269954488,-1.3816009266302,1.33779048384167,-1.42720740311779,0.239263786934316,0.460441943490878,1.02635627961718,0.294056550599635
0.204094035550952,0.078925978159532,-0.340301462914795,0.126036645611748,0.395741196582094,-0.240309937018901,0.122413100581616,-0.20729957590811,0.190772103192285,0.291625233460218,0.510537350317463,1.05560659943148,-0.302677697036415,-0.0229558304417878,1.10234045097604,-0.941045798594132,0.303908752743155,-0.914074975764379,1.3814849734772,-0.358583741588518
-0.111541711492464,-0.391102619469166,0.497153060976416,0.0581314607989043,0.112817856483161,-0.292762244911864,0.185932412277907,0.0144640853628516,-0.113725210167468,-0.11858545197174,0.0115514919161797,0.451451939530671,-1.36376830469817,-0.640899033285677,1.31514829583466,1.21951923239976,-1.3633160549216,0.860115219606087,-1.39205999742262,1.17350315046497
-0.079739875625819,-0.00387326930649579,-0.0839836662635207,0.383232454303652,0.175245919730514,-0.101707923039794,-0.200010473001748,0.183904820820317,0.216385973989964,-0.174861236801371,-1.02624229062349,-1.1390937671531,0.932897640159354,-1.08669568737969,-0.0202725506387651,-1.29796500946395,0.986302561126649,0.565396314254031,0.348385812481865,-0.0491959839127958
0.34949911898002,-0.307554961182177,0.20793192833662,-0.0391472768969834,-0.0769702503457665,0.0187084643170238,0.218477469636127,-0.131178761087358,-0.071504866797477,0.138886764133349,-1.31998060690239,-0.374300658004358,-1.15461366553791,1.07060887827538,0.266321701928973,-0.344175630016252,0.55957184988074,-0.178894821088761,-0.203520821174607,1.47598150698468
0.19719612877816,0.00529477372765541,0.474200502270833,0.480438458733261,-0.249308274127543,-0.287389292847365,-0.14947735760361,-0.282535827811807,0.135297675384209,-0.182226727623492,-1.01620978186838,-1.34573625144549,-0.727709622122347,1.16711053904146,-0.237152947112918,1.49264246108942,0.384239521343261,-1.11770530440845,0.169835053151473,0.625278229359537
-0.183519796235487,-0.214895915240049,-0.355730183422565,-0.120061807567254,-0.442865026183426,-0.232157584978268,0.251305875973776,0.259543110849336,0.23524572327733,-0.124601062014699,-0.333176048006862,0.223472662037238,-0.412122434936464,0.381643865257502,0.750085928477347,-0.399567230371758,1.23016761965118,1.38308982853778,-1.1406491654925,0.217032440705225
0.105553226312622,-0.119710269151255,-0.208640597527847,-0.425900873728096,0.390846706926823,-0.0486014474183321,-0.0549620134290308,0.234209173545241,0.249016414582729,0.22408148101531,-0.901494480203837,-0.681338885100558,-1.25524882553145,0.127790462225676,-0.199966679792851,0.167643033200875,0.582657840801403,0.88744063465856,-0.384588810615242,-0.0497474279254675
-0.302949456498027,0.437418727204204,-0.121365907136351,-0.336658324114978,-0.396290785865858,0.177848000871018,0.166258132690564,0.072903226967901,0.0797583382576704,-0.238970740931109,0.94635391049087,0.843601766042411,1.25045514944941,-0.983151939231902,-0.300579542526975,-0.4385764694307,0.347782313358039,0.363625092431903,-0.550188436405733,-0.203038941370323
-0.216838779160753,-0.389181741047651,-0.0868423664942384,0.333758686669171,-0.305248602526262,0.243123914860189,0.121825318504125,0.198165204422548,-0.0556482616346329,-0.286879905033857,0.794460834469646,1.24609456141479,-0.878325199708343,-1.36943687824532,-1.13025031238794,-0.799886017804965,0.230712338117883,-0.233380298595876,-0.0130652859807014,1.22872661193833
0.34966960339807,0.327493674820289,-0.464914774755016,-0.435995102394372,-0.227577675599605,-0.226097707869485,0.188244196074083,0.215126168075949,0.234566530259326,0.1474059315864,-1.07949175313115,-0.734568363754079,-0.833682084688917,-0.816851112758741,-0.354991771280766,1.33876856113784,1.06556003470905,-1.26626136805862,0.130944327218458,-0.679992604069412
-0.321422910084948,0.286510789068416,0.265617589699104,0.289299227530137,0.422255455516279,-0.102987262839451,-0.161467536399141,0.224539392348379,0.254221021570265,-0.117949842056259,0.755431001074612,-0.0993773911613971,-0.202378029003739,1.11557095893659,0.544525953708217,-0.12575288163498,0.558390834834427,-0.323427381226793,0.165478387847543,-1.48132931697182
0.461548248771578,-0.258704711450264,0.234271236229688,-0.364428390050307,-0.0720484773628414,-0.157021027291194,0.274903620779514,0.0107559748459607,0.100557417841628,0.16209788583219,0.0644818595610559,-1.35486081219278,-0.205072951270267,0.205213177716359,1.28921869816259,0.53821360738948,1.28512348467484,1.25021719699726,-1.42015277012251,0.31055181613192
0.20608520321548,-0.401725200237706,0.167404359439388,-0.472113362513483,0.209458715748042,-0.235624755034223,0.268482112884521,-0.114917229535058,0.233064588904381,-0.179837005259469,-0.347046441631392,1.20193286240101,-1.04636079166085,-0.775369507726282,-1.41084775957279,-1.10354780266061,-0.464054524200037,1.18249418959022,0.600386295933276,-1.49516981723718
0.0225406421814114,0.194868910126388,-0.123980906093493,-0.44164134003222,0.0288543647620827,0.166828384436667,0.0688040531706065,0.266879619704559,0.232097272574902,-0.201121643325314,-0.506765543483198,-0.0228220587596297,-1.42398546938784,-0.16293782601133,0.795402275165543,0.232897052541375,-1.44349620980211,-1.02265124931,0.118039945140481,0.611732196528465
0.430900034727529,-0.201338645536453,-0.065522130811587,-0.471033108653501,-0.21798426960595,0.0859238392207772,0.118310304544866,-0.291488464409485,0.22387717156671,-0.178164856508374,0.363093368243426,-0.668468526564538,-1.2167735688854,-0.432786744553596,-0.487952972296625,0.408927286975086,-1.35185434855521,-0.528735632775351,-1.49078048067167,-1.08012981642969
-0.258389407768846,-0.436626232229173,0.358596425969154,0.380306344246492,0.0588337008375674,0.116775817796588,0.161435089912266,-0.106346615636721,-0.207344056852162,-0.0572068330831826,1.14723242260516,0.731559638399631,-0.12552650179714,-0.914230613037944,0.77288077888079,0.76255315868184,1.03541466384195,1.19285915466025,-0.910417734179646,0.212734852451831
0.18566390289925,-0.181024682708085,0.437024934915826,-0.0219859236385673,0.0694746607914567,-0.101363021694124,-0.0120379746425897,-0.116488136490807,-0.266165669308975,0.294949312554672,0.102372107561678,0.829521912150085,0.216082335216925,0.767096234019846,0.799845636589453,-1.04628559411503,0.252493117935956,-1.16969273099676,-0.347166050691158,-0.440107852919027
0.3693012886215,-0.39048988930881,0.137362099718302,-0.440022831549868,-0.116156575502828,-0.186750137200579,0.00129251726903024,0.269697727728635,-0.128104950254783,0.13261178182438,-1.48859155992977,0.303219238528982,0.30703464243561,0.524373831460252,0.376915166387334,-0.575389354024082,1.2771207941696,-1.08052368694916,0.741027921438217,-0.019162668613717
-0.347090233815834,-0.237716959323734,0.416696360800415,0.143291099928319,0.236161747947335,-0.046751518920064,-0.294494507554919,0.166688737040386,0.188449820363894,0.142774843191728,0.511910677654669,-0.522408167598769,0.089612461393699,0.157397026196122,-0.306672609178349,-0.225223874207586,-1.48321521794423,-1.05437158537097,-0.204436847940087,-0.406426535686478
-0.0563703952357173,0.162662282818928,-0.334870124934241,-0.306865483289585,-0.326996393036097,0.208308677142486,0.118039519758895,0.102398644108325,0.28802429116331,-0.00569063010625542,0.0475945668295026,0.879014134174213,-0.658989361021668,1.08158264541999,-0.864754185313359,0.704756813356653,1.46571064624004,1.26761539117433,0.858100328128785,0.64297900814563
-0.303081678692251,0.486100561218336,-0.103890006197616,0.210700273513794,-0.369358007097617,-0.127200301224366,-0.175293588358909,-0.234163937531412,-0.255107655376196,-0.272678514383733,0.386544736102223,-0.547121934592724,-1.03926278231665,-0.0480302483774722,-1.11108702002093,0.307676356751472,0.188070033676922,-0.502431593136862,-1.31229673256166,-0.794942537555471
0.292698092292994,0.225764413131401,-0.108208651188761,0.341776248533279,-0.222932354314253,0.200434092013165,-0.135942871822044,0.116784136975184,-0.219946420937777,0.0077274198643863,0.274841453880072,0.220886145718396,-1.23136134375818,-1.23083361284807,-0.731214797822759,-0.201978626428172,0.326850544894114,-1.17131638107821,0.608911445830017,-0.280725709861144
0.494068308500573,-0.421684156404808,0.165306493174285,0.041472100187093,-0.278388573788106,0.0827898714691401,-0.294832869339734,0.259240756602958,0.154672489129007,-0.0983401835896075,0.20032488880679,0.487520996946841,0.142563665052876,0.315668333088979,-0.570543867303059,0.891344307688996,1.26490269368514,-0.553174784174189,0.913124176673591,1.0897071082145
-0.321739323902875,-0.0901174759492278,0.145009089261293,0.368836072506383,-0.153625507839024,-0.210282887052745,0.13886698577553,-0.155033559026197,-0.0687730068806559,0.0831647695507854,0.288539280882105,1.05215893825516,0.186981070786715,-1.42866791971028,-1.48013212904334,1.47702346346341,-0.282158716348931,1.29383883392438,1.17365074669942,-1.4385640185792
-0.452127170050517,-0.241420769365504,-0.302494653500617,0.0317168461624533,-0.446055340580642,0.0747017102781683,0.27602356611751,0.262900520581752,0.139844432193786,-0.125410254020244,1.01198648661375,-0.710059174569324,1.125808122335,0.0329241540748626,0.777169784065336,-1.01840410055593,-0.00828513549640775,-1.14589634514414,-1.04459331091493,1.35588565142825
-0.197108057094738,0.326985475840047,-0.123005126835778,-0.451312619959936,-0.311617329251021,0.140858206059784,0.274822105793282,-0.268941221712157,-0.221021235454828,0.0172663286793977,-1.10347104119137,-1.14570264494978,-0.848567524692044,1.05922105698846,-0.923195191193372,-0.599436068208888,-0.908141805091873,-0.207408670568839,-0.121636811178178,0.536109146196395
0.236005099490285,0.291608914732933,0.347335242899135,-0.31581080891192,-0.485646062763408,-0.0924941021483391,-0.170545374182984,0.071530266199261,-0.108772525470704,0.175591111835092,-0.886158699402586,-0.0439010211266577,-1.40866002487019,0.620554808294401,1.39793643238954,0.657582747051492,0.0689025591127574,-1.20871870522387,0.89581437734887,0.492243896936998
0.302242403617129,0.352299589663744,0.034395762719214,0.410334852291271,0.351963203633204,-0.133376305690035,0.165286535862833,-0.185914459358901,0.135031397407874,-0.079305100813508,-1.33840894536115,-0.630365992197767,-1.48200587136671,-0.145708681549877,0.233586021931842,-0.420113170752302,-1.34111452382058,-0.3015350648202,0.612454335903749,1.36390555207618
-0.134031194029376,-0.248523094924167,-0.284070818452165,-0.250654736999422,0.379221240757033,0.258381232107058,0.27572073074989,-0.000830842601135362,0.289609528100118,0.0641290599480271,1.29109675996006,-1.15387626900338,1.40081413392909,-0.254491941304877,0.944345836294815,-1.1829610762652,-1.10411588754505,1.3033849184867,-1.37230619089678,-1.37918679253198
0.457940777065232,-0.0386105314828455,-0.357795173302293,0.012369902106002,-0.292913125362247,0.243405992304906,-0.137604171736166,0.106179441930726,-0.20706453085877,0.0342037646099925,1.3227310362272,0.0784200928173959,1.27762150322087,1.42650068015791,1.47222258453257,0.080612561898306,0.86100337584503,1.39691733056679,0.561845314688981,1.29530504182912
-0.14428805722855,-0.283518909942359,0.440508534898981,0.0281226907391101,-0.398024953901768,-0.125436566071585,-0.0870075289160013,0.0860414363443852,0.186923257866874,0.196269935974851,0.915487253805622,-1.39539837674238,0.431907976744696,1.34355437778868,1.38360179937445,-1.10553137934767,-0.906543363584206,0.751621849369258,-0.217912987573072,0.62036842899397
-0.0706624754238874,0.0551379953976721,0.470389222493395,0.431581198470667,0.0236504576168954,0.277284206310287,-0.212120101880282,-0.023871598765254,0.0236583490390331,0.155302674137056,0.684219314251095,-0.183677587425336,0.441567301517352,-0.476518268231302,0.44955901382491,-0.00224946183152497,0.417526147328317,1.39535572752357,0.0844815687742084,0.2639954702463
0.440576680935919,-0.203958197496831,-0.213529040804133,-0.378708778880537,-0.214349497109652,-0.149812777200714,-0.148769918410107,0.190020612347871,-0.281841847440228,-0.138125284994021,0.0107197577599436,-0.86444492591545,0.69442009809427,0.17921270057559,0.617609921609983,0.464280538726598,-0.894796312786639,0.586097185034305,-0.59520898712799,0.706067012390122
0.126897213747725,-0.000263333553448319,0.436074531171471,-0.103869581129402,0.0807876640465111,0.14350535874255,-0.231502727838233,0.268790020840242,0.292211571615189,0.0105516054667533,0.104013015283272,-1.46406471426599,0.352977246511728,0.484821111895144,-0.81360831996426,0.656871358864009,1.46055327099748,0.148192576831207,0.315148621564731,1.13086835620925
0.19630381045863,0.312916207360104,-0.295628737192601,0.459496922325343,0.161565072834492,-0.172290331916884,0.233639646694064,-0.17620637845248,-0.195283710211515,0.0418029153719545,0.90776259591803,1.38742200401612,-0.0735824361909181,-1.08322642114945,1.3368818059098,0.656685295281932,0.418535659555346,1.05801058933139,1.25456009362824,-1.43342601181939
0.177722755121067,0.135953782591969,0.323248179862276,-0.409162068506703,0.239585316507146,0.230536803044379,0.189132490195334,-0.0616359315812588,0.279535518726334,0.0280628160573542,0.25308977602981,-0.72498745797202,0.92040101881139,-0.18936535413377,-1.38888702797703,1.06032556481659,1.11446121172048,1.18698046216741,-0.872104207053781,1.40949992858805
0.238215293968096,-0.0837236563675106,0.33303230185993,0.432614417746663,-0.25311273150146,-0.179438870726153,0.221446161065251,-0.0531965194735676,-0.0340639921836555,-0.200078270304948,0.0375740993767977,0.64865406230092,0.726014786632732,-0.649912591092288,-0.883347602561116,0.355558342533186,0.508489362196997,-0.556031154468656,0.115617706440389,0.512190118432045
-0.0873191936407238,0.203476970084012,0.114519755588844,0.115638811141253,0.367175919003785,0.0423028590157628,0.125077708018944,0.116356815677136,0.274797214195132,0.0810172650497407,0.0525963006075472,-0.432825531810522,0.544361219974235,0.0926887476816773,-0.490379708586261,0.287791102426127,-0.412610105937347,0.209181709215045,0.155351769877598,0.107936299871653
0.443377104122192,-0.267810476478189,0.234320774208754,-0.308362567098811,0.000372524373233318,-0.101073881657794,-0.238322742423043,0.0497618943918496,-0.15034397165291,-0.200404246849939,-1.15040557575412,0.0139679429121315,-1.11988914222457,-0.938398404512554,0.349749024258927,-1.28101064893417,0.641596921021119,0.320091970497742,-0.491973329801112,0.973011185182258
-0.497484016697854,-0.448887801496312,-0.126441720407456,0.251479665981606,0.387135971104726,-0.209127738839015,0.141064410936087,0.136308633349836,-0.159973479760811,0.129482077527791,-0.571111165685579,0.31425569113344,1.17762268823572,-0.511368042323738,-0.1288105789572,1.35879983799532,-0.386903270613402,-1.37007958791219,-0.380305369617417,-0.932216685265303
0.027103717206046,0.373558771796525,-0.187092642067,0.285747983725742,-0.343414111062884,0.0128771712072194,0.159276120085269,0.0883796344511211,-0.00167624694295226,-0.17210579412058,0.884920907439664,0.810520192142576,1.49388277111575,0.206091520842165,-0.0874396576546133,-0.697589700808749,-1.22990216128528,-0.565065891947597,0.381253166589886,-0.639852730091661
0.0822583949193358,-0.364069361472502,0.263031990267336,-0.176088964333758,-0.0835628712084144,-0.165967931644991,-0.287944104010239,-0.0580953968223184,0.257388526853174,-0.148437013663352,-1.41239314014092,-0.969202004838735,1.41478198883124,-0.627893757540733,-1.45107865473256,1.40022442792542,-0.453224982367828,0.578821391332895,-0.540774335386232,1.02931176312268
-0.463581264251843,-0.328111502109095,-0.340647576143965,0.405096516245976,-0.250694161746651,0.29916555415839,-0.162556213745847,0.217392232641578,-0.184940442116931,-0.0181531510781497,-0.886570321395993,-0.906132900388911,-1.25610776175745,0.702409283258021,-0.907514216378331,-1.29997424734756,-1.06436177389696,1.15249900356866,-1.38947767624632,-1.27139281877317
0.390984326368198,-0.0248715535271913,0.214825174771249,-0.184881953289732,0.0599111965857446,0.147838929668069,-0.158924151118845,0.115247587440535,0.129627312999219,-0.217002970352769,-0.071237305412069,1.33602216979489,-0.707525395788252,1.39173950557597,-0.556625941302627,-1.22305123577826,0.84759303345345,0.930510222679004,0.36791576910764,-1.433033302892
-0.130442944355309,0.464136827737093,-0.173343764385208,-0.0305704330094159,0.068587540416047,0.114838479040191,0.0251390709076077,0.266310521727428,-0.211573202675208,0.144694038759917,0.658188651781529,-1.18217136478052,0.544538064161316,0.374354979023337,-0.263220618478954,0.210007735993713,0.989391467068344,0.428752630250528,1.33195357932709,1.24374287459068
-0.317679999396205,0.0537509501446038,-0.400736303767189,-0.212499453686178,-0.278551270253956,0.216215780843049,-0.0436112101189792,0.124952434469014,-0.234696175949648,0.0639086492825299,0.301345651270822,1.16630428028293,-0.165112860733643,1.08887879806571,-0.889248199062422,0.93600241234526,0.319253099150956,-0.90469336300157,-0.0313674837816507,-1.35692296014167
0.1349584357813,-0.266801826655865,-0.17670166422613,-0.266584345372394,0.201708026695997,-0.0942978784907609,-0.159609840810299,-0.000944686029106356,-0.0907084653619677,0.19059876264073,-1.06844988442026,0.353889275109395,0.307694911491126,-0.156816593371332,-0.583367426181212,-1.03799383481964,-0.30495790229179,-1.3475485467352,-1.04077683063224,-0.391538995318115
0.0175794751849025,-0.368326148949564,0.181105338037014,0.399084374774247,-0.223208372248337,-0.0884722293354571,0.228312317607924,-0.209393018111587,0.101152129797265,-0.185414748732001,-0.0354096146766096,0.449020293541253,0.100117562105879,-0.142233247635886,1.49810751853511,-0.653653196291998,1.2629649520386,-1.41581188095734,0.513500886037946,-0.307496822671965
0.213469381676987,0.106320168124512,-0.302105781855062,0.0185961865354329,0.349796409253031,0.0500407691113651,-0.231467915698886,0.100300853373483,-0.14651613291353,-0.00734311379492281,-0.31279634241946,0.94691633968614,0.606388517422602,-1.34852502518333,-0.297866379842162,0.13596943882294,-0.344727064250037,-1.27008842630312,-0.27979104523547,-0.52677602483891
-0.10442016273737,-0.383071537595242,-0.116326121846214,0.0940908098127693,-0.264627693686634,-0.261306579597294,0.0166340237483382,0.0767171639017761,-0.108175147231668,-0.127820193814114,-0.352940023178235,-1.40809794282541,-0.19827903737314,-0.941262534353882,-0.753971860511228,0.229473563376814,-0.922180811874568,-1.39071973250248,1.39232037425973,1.37869464070536
-0.0161408325657248,-0.257068005856127,0.0638771397061646,0.117556296288967,0.119862267514691,0.129989348491654,0.11730208885856,-0.170201750518754,-0.288916053296998,-0.0629036421887577,-0.753953582374379,-0.174943005200475,1.42375347437337,0.796819578157738,-0.633523925207555,-0.146969942143187,0.0467425484675914,1.26019399263896,0.644861555658281,0.407958424882963
0.374942520400509,0.228187280939892,0.0551707826089114,0.473832443589345,0.374273782130331,0.268175940541551,0.0472730782348663,0.23208517623134,0.0110797378700226,-0.179126030998304,-1.37227595807053,-0.221089274156839,0.560769021743909,-0.851284316042438,-0.606444633565843,1.17632925719954,-0.931660035392269,0.517329653492197,0.305430416017771,1.42718282528222
0.399019155884162,-0.101386658847332,-0.224145054584369,-0.107790449168533,0.167590057011694,-0.117198828281835,0.0809620739892125,0.0435638955328613,-0.207279364624992,-0.097437707008794,0.00437086983583868,0.87166855414398,-0.841921395622194,-0.515184832038358,0.450827680528164,-0.671881983987987,-0.776554932352155,-1.38452838803641,-1.32309187925421,1.03389463503845
-0.301293713506311,0.0516993135679513,0.473656547721475,-0.129755867179483,0.392924697138369,-0.0924627826083451,0.294694918580353,-0.283888266468421,0.215381600428373,0.145931461080909,1.00407618912868,0.876456070225686,-0.98018068796955,-0.644088679924607,-0.463854817673564,0.902622583787888,-0.982905636308715,1.29648542264476,0.53578355605714,-0.0267217406071723
-0.200185162015259,0.0139343284536153,0.101226471131667,-0.218440155964345,0.296017146669328,-0.227850988693535,0.22936264607124,0.195465421350673,-0.0522877285256982,-0.031723034195602,-0.761890918482095,-1.46700755856,1.03811137494631,-0.380043423268944,0.99649787787348,-1.19956795172766,-0.504477783339098,0.725079683354124,-0.475642214063555,1.29433376784436
-0.106857964769006,0.204867249121889,-0.122254220768809,0.128198916558176,-0.142273653764278,-0.0301019201986492,-0.11408651266247,-0.0693649473600089,-0.115034595876932,-0.181571590527892,1.48638874478638,-0.342936982400715,1.04952544625849,-0.719371000304818,1.40433674189262,0.553341760067269,-0.109419073211029,0.616843607509509,0.475172840757295,1.22570066875778
-0.436122515005991,-0.302611661143601,-0.361604610923678,0.409860005602241,-0.495248703286052,-0.0434157054405659,-0.0544425568543375,0.142521189618856,-0.236719006765634,-0.149885110231116,-1.19289287226275,0.982961004367098,1.32555988803506,-0.0457046104129404,-0.200497280107811,0.149000834673643,-0.656209353357553,0.408080940367654,-0.912433170480654,-0.0343727257568389
0.314147139899433,0.246220093686134,0.490322942147031,-0.393330505117774,-0.452912408160046,0.206365028070286,0.161345341661945,-0.121229084674269,0.0899661570321769,0.240335255954415,0.682156184921041,0.599430781323463,0.866196379065514,0.409208861645311,0.591826423304155,-0.970298651838675,-0.534042893908918,-0.992731912527233,1.15364010329358,-0.119813041761518
0.0524032870307565,-0.428165578981861,0.147484424291179,0.332711825612932,0.0561703399289399,0.00360484952107071,-0.100429375469685,0.111390349036083,0.173101946851239,0.133310467237607,-1.01749127428047,-0.41146340011619,1.1156512380112,-0.344953211490065,-1.17142963875085,-0.398863575886935,-0.362908177776262,0.322837432846427,0.193380209617317,1.24367003026418
0.151545099914074,-0.400057200575247,0.193388778250664,0.381504413438961,0.105909871635959,-0.105892937583849,-0.0709263865370303,-0.157972554629669,0.238001779094338,-0.278993731504306,-0.926171491853893,1.48820989136584,-0.984494963195175,0.684274714440107,-0.201542446156964,0.709746994776651,-1.37289394950494,0.784344454994425,-1.13707634503953,0.63165332749486
-0.45798529474996,0.142190575832501,0.3580825147219,0.489642013795674,-0.387270229868591,0.0890863209497184,-0.0823802241124213,-0.0304500517901033,0.158465377148241,0.0204874939285219,-0.768217551056296,1.21317539038137,0.710395082132891,0.738565957406536,0.859712362289429,-0.15417627710849,1.122914921958,-0.14867617492564,0.957624173490331,-0.456160855013877
-0.0559943025000393,0.364253147505224,0.467696385923773,0.126755157485604,0.357252184767276,0.191364275710657,-0.246563305193558,-0.131203132169321,-0.18059777948074,-0.296658016461879,-0.233458306873217,0.790934086544439,-1.42121577914804,0.296123706735671,-0.772612944245338,0.62185371411033,0.455321026733145,-0.932640699902549,0.184217578964308,0.581036787712947
-0.270778495585546,-0.229765879921615,0.25717632449232,0.0214637839235365,-0.466370141133666,-0.0352983671240509,0.126906785694882,-0.237894723750651,0.135179325984791,0.263463202770799,0.367749166907743,1.42504376359284,0.417277268366888,0.0506020076572895,-0.983860138105229,-0.783389491494745,0.434942665044218,0.79213989037089,1.47664627153426,-1.36819096142426
0.409580226289108,0.493204721715301,0.0405129876453429,-0.437354523921385,-0.0871303628664464,0.0537981195375323,-0.0768980656284839,0.178549908008426,-0.230348367942497,-0.0767431262880564,-1.1053322351072,0.596828775946051,-1.1560097602196,-0.747243056539446,-0.990986492251977,0.113231664989144,-0.0529410657472908,0.14384541939944,0.804298462579027,-1.10655900416896
-0.328936108388007,0.103575663175434,-0.106529829557985,0.248533813282847,-0.140302324667573,0.162437365762889,-0.149244811618701,0.266091075539589,0.0397737116552889,0.253409129194915,-0.426648850785568,-0.70483883167617,-0.7384304611478,-0.278347606072202,0.376141366548836,1.21107289963402,0.673978760372847,0.939843378961086,-0.374560156837106,-0.913593329954892
0.0411746024619788,0.176817579660565,0.0218065099325031,-0.301301252795383,-0.391138078877702,-0.0896088453009725,0.173391367262229,-0.117554735904559,-0.176887419819832,0.220500872377306,-0.223178480984643,-1.42748673632741,0.223732417915016,-1.40501792379655,-0.736727660056204,-0.208129502367228,-0.741137947887182,1.31070635095239,0.812739431625232,0.853059575892985
0.35652345023118,-0.191570597235113,0.416835847077891,-0.27027098624967,-0.34973745746538,-0.201991965249181,0.285561543982476,0.183189959730953,-0.0339713200461119,0.240911938436329,-1.06890190648846,1.47473665187135,-0.600027887150645,1.05519485939294,0.834543215576559,-0.188255506334826,0.97806007345207,1.01475433981977,0.426278907107189,0.558828738983721
0.0650555619504303,-0.16847568936646,0.411409721011296,-0.474745925050229,0.342374678468332,-0.0133880346547812,0.2161618034821,0.189300868380815,0.182666708249599,0.105292277690023,-0.171667699003592,-0.491866188123822,-0.180624028667808,0.443931770743802,-0.26384118036367,-0.40353541332297,-1.28146979841404,0.460266017820686,0.387455047108233,-0.153110868064687
-0.353240641765296,0.202778037870303,0.379341500345618,-0.132473195903003,-0.313616953091696,-0.0286453718785197,0.288673835992813,0.280357559211552,-0.105311048543081,-0.0722611284814775,1.27474264986813,1.04634164460003,-0.922415411565453,0.314404378412291,0.703038139734417,-1.20020567136817,1.29041805281304,0.772146174916998,0.338703123154119,0.911196754546836
0.0212848994415253,-0.276462651323527,0.0394527576863766,0.0576386018656194,0.109696007100865,0.288563323672861,-0.121820461610332,-0.0082620946224779,0.133791838260368,0.240103702945635,-0.473762192297727,-1.43483918393031,-1.18502743332647,-0.920410230522975,0.675140121951699,-0.711608997546136,-0.469067910220474,-0.718432653928176,-0.161499989451841,0.678316278615966
-0.384595263982192,0.430015815189108,-0.49632366001606,-0.156122700544074,-0.320992967113853,-0.282296733884141,-0.148295406997204,0.219168673921376,-0.257187918154523,-0.183934439951554,-1.16826805681922,-0.783935016486794,0.934129684232175,1.333377745701,0.707232140237466,-0.294464631937444,-1.20939859910868,0.199749872088432,1.26061780820601,-0.347616710001603
0.233124630525708,0.21254088007845,-0.351198579650372,0.0825698082335293,-0.263471307000145,0.176313696010038,-0.277145161852241,-0.0407063861377537,-0.0960704485885799,-0.0371697479858994,1.37307918607257,0.869419664377347,-0.413588221650571,-0.488733274396509,-0.697856473037973,0.364608598407358,0.390101160155609,0.37021986907348,-1.29393920302391,0.701272616861388
0.160579961491749,0.162591203814372,-0.0550122272688895,-0.0715357209555805,-0.0785225960426033,-0.133490681508556,-0.0993975196033716,-0.147677113115787,0.0470409977249801,0.191597780166194,-0.479350694222376,-1.07659011357464,0.452730702934787,0.485914624063298,-0.629243625327945,-0.660110928816721,0.267317849909887,-1.32206203253008,-0.150514642009512,-0.732534717069939
-0.25645014597103,0.307070218492299,0.456502441549674,0.495063583366573,0.308571596629918,-0.258224469982088,0.272180403163657,0.212593785580248,0.292135671526194,0.261101954989135,1.21165270940401,-0.958744281437248,-0.289652049774304,-0.201565958093852,1.040348011069,0.481370399007574,0.511051868554205,-1.46390869002789,0.130822344683111,0.00855104578658938
0.125327926594764,0.453442082041875,0.150206046644598,0.103322513401508,-0.00751808588393033,0.0621217008680105,0.247140918206424,0.0600967200938612,-0.129206539783627,0.0476006715092808,-1.07292949268594,-0.894990012980998,0.234427096322179,-0.779023913433775,0.546745690517128,-0.87396291224286,1.44804144417867,-0.139055981766433,-0.779853540938348,-0.108690762659535
0.235662546707317,-0.397757291560993,0.392293066019192,0.214578787563369,-0.267218161839992,-0.208116319030523,-0.00447348640300332,0.255311697581783,-0.210848363768309,-0.0867230943404138,0.48614036757499,1.19697122694924,-1.1998636953067,0.98469898221083,-0.156457975739613,0.0287842818070203,0.659427207196131,0.42038152506575,0.287845727987587,-0.465217584511265
-0.0686375424265862,0.314161846181378,0.222549312049523,-0.329267594963312,0.189390850020573,0.280293017299846,-0.200148487603292,-0.26882470054552,-0.000335048418492079,0.215165755385533,1.26227826671675,1.19564434164204,-0.092310662381351,1.21140088699758,-0.700174849480391,-0.111724120331928,-1.11939278268255,-1.36662099114619,1.0932225775905,1.46846176846884
0.221400658600032,0.179329350823537,0.171471934299916,0.0894029759801924,-0.274220583029091,-0.263138828845695,-0.124145755916834,-0.131125051248819,-0.161451144330204,0.0208435489330441,-0.747823417419568,1.35067664645612,1.15487982239574,0.160871789557859,-0.953973642317578,-0.91379946609959,0.771796118002385,-0.646667597349733,1.49212349765003,-0.880731377983466
-0.34870919957757,0.0478594060987234,0.0161930348258466,-0.188841207418591,-0.147294123424217,-0.253376868367195,0.246425729105249,-0.271681945770979,0.0445133030880243,0.157842368865386,0.660735793411732,-1.40158995729871,1.00673973723315,-0.632700211135671,-1.20962888700888,-0.574941345490515,-0.3839085646905,-0.643473908537999,-0.605098095489666,-0.150563332485035
-0.22433347045444,-0.362225186079741,-0.04574244027026,0.0261528168339282,0.221484207548201,0.0715843473561108,0.00818712688051165,0.0197621783707291,0.0636840369086712,0.20604455829598,0.0399222155101597,0.876416923245415,0.748707843013108,-0.946075564948842,-0.916920596268028,-0.294162798905745,0.745861959178001,0.0281991739757359,0.973947848891839,-0.514755895128474
0.296963029541075,0.388639222830534,0.323419025167823,-0.499472547555342,-0.262735983124003,0.13250974221155,0.217974604060873,0.0220112271141261,0.0407381127588451,-0.192373615549877,1.2458746873308,-0.211271521635354,-0.697108316933736,0.187968146754429,-0.592136593535542,1.10334781254642,-0.956696657231078,-0.22089528478682,-0.347566967597231,-0.0286586734000593
-0.202559307683259,0.0136608816683292,0.394082980463281,0.340321141527966,-0.272761471802369,0.0813405694440007,-0.0812855739612132,0.229420212004334,-0.211254911636934,0.134839563863352,-0.780416614143178,-0.794534220127389,1.2982535676565,-1.28515137615614,-0.784891119226813,0.667468397179618,0.60099373315461,0.396864180453122,-0.352719970280305,-0.17118058539927
-0.322881186148152,0.0798278632573783,0.309232401894405,0.297497616149485,0.112858267500997,0.219431233266369,-0.207048951275647,0.217162329889834,0.238867030665278,0.10625578109175,-0.925990180112422,0.264835895039141,0.660302388947457,0.452776262070984,0.194801387144253,0.163046950707212,0.472604308510199,-1.29148460668512,0.737773855682462,1.28340901038609
-0.432928484864533,-0.317022521281615,0.397688130149618,0.122720954474062,-0.456641433062032,0.153814949607477,-0.272854082426056,-0.0195247848518193,0.0511136963032186,0.13324823831208,-0.0489234665874392,0.391013767104596,0.621436203829944,-0.398879887768999,1.35235317167826,0.822737319627777,0.759316840209067,0.863580090226606,0.532688463572413,-0.268381954170763
0.300389038166031,-0.156517093302682,-0.109559037489817,-0.480039023095742,0.493158411234617,0.028339095460251,-0.17464550351724,-0.208204711368307,-0.188768270798027,0.27592771248892,1.10909994039685,-0.771396731492132,0.513985454337671,-0.474462718935683,-0.881342576583847,-0.288345383713022,1.21408186876215,-0.354544774862006,-1.30992763512768,0.336364384973422
-0.289170434465632,-0.177173095755279,0.321438841288909,-0.321646408876404,-0.0521367103792727,0.281461101025343,0.102331636939198,0.119173212256283,0.0867448390927166,0.253874560212716,1.26067288708873,0.983445888385177,-0.607736496487632,-0.158458306454122,-0.102514815051109,-1.14749666349962,-0.077146538766101,0.587921609636396,-1.38296859548427,0.402297599008307
0.429872610373423,0.270896968431771,-0.0212164546828717,-0.204417644068599,-0.031813696725294,-0.29604826499708,-0.00181158422492445,0.0889140780083835,0.0631967960391194,0.0455855323467403,0.713278661482036,-0.829999793786556,-0.616620354121551,0.653881559846923,-1.37403932330199,-1.15679576760158,-0.328688187059015,-0.200272623449564,-1.2435928042978,-0.541673598345369
0.477139505092055,0.188220028299838,-0.32695821300149,-0.362913046730682,0.0756842989940196,0.0152798535302281,0.244186838390306,0.00244615911506119,0.101202975679189,-0.0123346835374832,1.34747093031183,-0.0114487912505865,-0.813501078402624,1.13683650176972,1.28359923418611,-0.598634006688371,0.567661236505955,1.18494904995896,-0.779569482430816,-1.40009967656806
-0.012654427671805,-0.242931969929487,0.492457023123279,-0.257705197203904,-0.132349735125899,-0.0944187778048217,-0.0995611761230975,0.0893587129656225,-0.20936092492193,0.175598808238283,-0.222380894701928,-0.858481699135154,1.38615269120783,-0.116184417391196,-1.14574580546468,0.827570841182023,0.679921473842114,0.982058583525941,-1.37549162842333,1.4336054334417
-0.425357962492853,0.209836233407259,-0.474905574694276,-0.270425565773621,-0.122836503200233,-0.189781860262156,-0.0127764527220279,-0.283497238112614,0.228673265129328,0.0302564166951925,-0.867387359496206,0.892698692623526,-1.34459358081222,-0.392072527203709,0.820279348874465,-0.237132371636108,0.390877550002187,0.911790316225961,0.846487428992987,0.124779308913276
0.18399375025183,-0.224670032970607,-0.316602952079847,-0.35846437769942,0.416856995085254,0.139177769003436,-0.164008516492322,0.116410518530756,0.266775490343571,-0.0102458487264812,0.711777083342895,-1.23153545474634,-1.09020400769077,0.776500140549615,-0.777379168896005,0.868225956335664,0.444010388106108,-0.780782334739342,-0.558557498501614,-0.492712719831616
0.47381177614443,0.486100549576804,0.430702887941152,-0.422284814761952,0.321827619802207,-0.0296557605732232,0.0925333930179477,-0.252718775393441,-0.22053104583174,0.273873198777437,0.709559707436711,1.05246470030397,-1.14272886724211,0.162188351154327,-0.323149813804775,-1.28477270412259,0.956567063229159,-1.32765391166322,-1.49096182105131,-0.5687760876026
-0.235066786641255,-0.107904077274725,0.117467519361526,-0.138187700649723,0.191857936326414,-0.0018082208465785,-0.17411508592777,0.279377392726019,-0.0177399889100343,-0.129409168381244,0.158759047044441,0.130501919193193,0.158447279362008,0.762951456941664,-0.717106379801407,-0.580152727430686,-0.759557941462845,-0.946473390329629,-0.932587847113609,0.722762897377834
0.413138836622238,0.0982929030433297,-0.187579890480265,0.258642138447613,-0.439739348366857,0.298056749068201,-0.169043091405183,-0.237717261118814,-0.0504639704246074,-0.147664318559691,1.29760205978528,1.05343187553808,0.735264402581379,-0.973108468344435,-0.187534752069041,-1.11331498925574,-0.384354080306366,-1.07823234633543,-1.28267021197826,-0.447252565529197
0.0105785105843097,0.393525222549215,0.316739088622853,0.370453097624704,0.469599369680509,0.119461452774703,-0.286354463361204,0.0955196670256555,0.0960696134716272,0.0941103947348892,-0.120076395571232,-0.867145783267915,-0.660129178315401,-0.569672885583714,-0.308784215943888,0.0546282338909805,1.15119552542455,-0.763413519132882,-1.03564470168203,-0.0218144429381937
-0.0885519732255489,-0.134183906251565,-0.3633009751793,0.164333263644949,-0.103681086329743,-0.246654459927231,0.053724890621379,-0.232804023614153,0.198822299670428,0.0472879059612751,-1.42956613842398,-0.414830861845985,-0.829825108638033,1.42076506116427,-0.900844041723758,0.668949063867331,-0.78804487735033,-0.427834355738014,1.2568258177489,0.383184009930119
-0.243323977105319,-0.323202343890443,0.342244462808594,-0.116880123503506,-0.25120167969726,-0.127329256245866,0.0305347062181681,-0.0284567581024021,-0.236668136436492,-0.178053909447044,0.786249753087759,-0.47152909822762,1.49753759312443,0.0933021458331496,0.951943342108279,1.13903392245993,1.44230165937915,-0.43129365099594,-0.673751443158835,-0.747533356770873
0.157406623708084,-0.0341064820531756,0.337482064263895,0.102117002010345,0.119867024710402,0.19725331440568,0.265078689018264,0.295114832092077,-0.265736076794565,-0.129649031348526,0.830804916098714,1.13908143248409,1.41521895071492,1.20915505453013,0.793573951581493,0.706516878213733,0.578600289998576,-0.0600789729505777,-0.93117075576447,-1.38007420697249
0.396347883623093,-0.118838707683608,-0.484570015687495,-0.398060422390699,-0.0153033835813403,0.130497784540057,-0.0156387018039822,0.253964209696278,0.274159271875396,0.217207782575861,-0.780248928582296,1.03059705533087,-1.20200627250597,-0.746124995872378,-0.822409615153447,-1.04248548299074,-1.17940963036381,-0.298752687172964,-0.306984023423865,0.527884516166523
0.0765957902185619,0.0532787954434752,0.239009249955416,0.082170067820698,-0.283199841389433,0.0316998487338424,-0.177593460772187,-0.118204875569791,0.266612300416455,0.141260013682768,-0.500188205391169,-1.47286422341131,0.154043451184407,1.17849866696633,0.00329688191413879,-0.396470739506185,1.257798317587,0.842120164074004,0.834197792457417,0.828693942166865
-0.0857256329618394,0.498443907359615,0.150085683912039,0.269174044020474,-0.319647985510528,0.198823895445093,0.121442924905568,0.119942832458764,0.0141844606027007,0.0276685749180615,-0.534058504505083,0.696173330303282,0.978783585363999,-1.32264505047351,1.229616955854,1.05933237844147,1.42701933975331,0.893056987551972,-1.06394160934724,-0.573915468296036
-0.0611024000681937,-0.324660283746198,0.49201007722877,0.0984989604912698,0.420218896819279,0.184995301812887,-0.220829492295161,-0.289478108938783,0.0587968896143138,0.183888306515291,0.568578532431275,0.791916358284652,0.559860308188945,-1.45615135249682,-0.548552491469309,0.050434801960364,-0.409817051142454,-0.394129989668727,0.956001617945731,-0.532256088685244
-0.326654522679746,0.176348628709093,-0.0717751707416028,0.0658038584515452,-0.102659691590816,-0.245787943527102,0.0121833862736821,-0.198341610794887,0.209219822287559,0.271964587457478,0.290933148935437,-0.658961702836677,0.323142961598933,-1.19061443349347,-0.123778902227059,-0.635500518372282,-0.0493081987369806,-1.10568382381462,-0.495928378310055,-0.778967425692827
-0.216999362455681,0.268027673708275,0.30463330517523,-0.0788415749557316,0.426571597345173,-0.259906531870365,-0.115277876704931,0.268850220087916,-0.066574576171115,-0.269517939677462,0.744780093664303,-0.511098389513791,0.839714333647862,-0.107452270807698,1.08735519158654,-0.759190123295411,0.163639695150778,-1.08300518640317,-0.917181075084955,0.390049216104671
0.404211818240583,-0.461321704322472,-0.0120328073389828,0.0419239087495953,0.304933404782787,-0.102772840484977,-0.281848903046921,0.122740185773,0.0627558027394116,-0.060387351969257,-0.949496190296486,-0.79329599859193,-0.731550815049559,-1.41089949407615,-0.518799557816237,-1.43338213674724,1.2252773407381,1.21676733484492,-0.915631460957229,-0.414847160456702
0.341464989818633,0.361778923077509,-0.470716762822121,0.261331582441926,0.395814865129068,-0.0996333234943449,0.218191809486598,-0.0419369505252689,0.11074303323403,-0.130704855686054,0.247141739353538,-0.691056767944247,0.659743353025988,-1.43463127780706,1.02838608040474,0.0508535855915397,-0.92440442321822,0.881086030974984,0.517696622991934,-0.214277091203257
-0.290072687901556,0.446483416948467,-0.117616252740845,-0.133686162531376,0.29984963289462,-0.183125720266253,0.0795660191215575,-0.189849360706285,0.0706407650839537,-0.12074164529331,-0.274661015253514,-0.0749625326134264,0.834416990401223,0.0441525201313198,-0.151291749207303,-0.255626620491967,0.305677516618744,-1.44041304197162,0.747169348876923,-0.713408048031852
0.0205398420803249,-0.394626039313152,-0.308780594728887,-0.472223434364423,-0.102978423936293,0.0564994441810995,-0.0203988393768668,-0.284805921139196,-0.198894225480035,0.0855050899554044,0.0754452275577933,0.110867143375799,0.473437041509897,0.674080242170021,0.148957656696439,-0.0339058914687485,1.11492479452863,-0.14943522401154,1.23259051493369,0.255234117619693
0.137317474000156,0.284279752988368,0.406916219973937,0.419391050934792,-0.0580501607619226,0.139409716520458,0.0840914895292372,0.211078365286812,0.0605097646359354,-0.0310977820772678,0.0567153312731534,0.179236023919657,-0.871848127339035,-0.723460692213848,0.101107636699453,0.568970445077866,-0.408851333661005,0.116355005186051,-0.10734120151028,-1.20731083257124
-0.277848168741912,-0.029897655826062,-0.135902127251029,-0.0722380368970335,0.254261956783012,0.00854546050541105,0.0604661126621068,-0.280611689854413,-0.163136448757723,-0.00589936100877819,0.374332278035581,-0.487825350137427,-1.23622333444655,0.07018305757083,0.290157305309549,0.139017254579812,-1.44325016671792,1.09017113386653,-1.25936847785488,0.847081419546157
-0.400271620135754,-0.142996825976297,0.392095032148063,0.141240708529949,-0.42125954059884,-0.226248599449173,-0.0313119912520051,0.135006513213739,0.119368705758825,0.222653113491833,1.28687698370777,1.02117423014715,0.557242464506999,1.019601713866,0.951018977444619,0.985301425214857,-1.1214150285814,-0.426839518127963,1.20916854729876,-1.44871800555848
-0.427131114061922,0.267061593942344,-0.353143620537594,0.0446859959047288,0.0195198333822191,0.0262494512367993,-0.103245016140863,0.125296218926087,-0.166115134069696,0.206729735434055,-1.16182555630803,0.262282879091799,0.951812117127702,-0.580891411285847,1.48966054106131,0.498101211385801,0.313006865791976,1.14706081850454,0.548303968040273,-1.32401343598031
0.456446921220049,-0.492362879915163,0.0748207629658282,-0.444193843752146,0.00261460803449154,0.252404864737764,-0.0543228086549789,0.284214839246124,0.0577488350216299,-0.191989002702758,-1.4897378704045,-1.26899343892001,1.07357990671881,-0.619710453785956,-0.860476612346247,0.392161406110972,0.274240384809673,0.115284661995247,-1.00426989491098,-1.14395586401224
0.203283538110554,0.33904488151893,-0.0446294732391834,-0.185095777036622,0.447301394538954,-0.0403857199475169,-0.0488935492001474,0.127263700542971,-0.00224696653895079,0.0384995049331337,-1.35269202059135,-1.36454433691688,-0.244992988882586,-0.972442623926327,-0.505239486694336,-0.807081701466814,-1.07519567711279,0.673007667995989,-1.14296904508956,-0.129525674739853
-0.319065389921889,0.215590540319681,0.442656285362318,0.0123587145935744,-0.0807726748753339,-0.00379390460439027,-0.265782566461712,-0.25475758058019,0.0731153616216034,-0.29732395154424,-1.18424135958776,-0.377194611355662,-1.09445392456837,0.0110833786893636,-0.831124248448759,0.507008858956397,0.109743538778275,-1.45884709968232,0.357224653707817,1.31049996684305
0.0908567283768207,-0.182767613790929,-0.35492233466357,0.459844487719238,0.0730985286645591,-0.20286022759974,0.0992649338208139,-0.0822997874580324,-0.0417465940117836,-0.156397739052773,-0.661987652303651,-1.39044734509662,1.30883792275563,-0.460140104172751,-0.182044379180297,0.511431339662522,0.424105230951682,1.39539269241504,-0.609772390220314,-1.48567635356449
0.116426782915369,-0.129306846298277,-0.437547014793381,-0.424613450653851,0.358604671433568,0.0930032512173057,0.217776377219707,0.153007632354274,0.172364730248228,0.0461253491230309,0.81321624876,-1.49821854312904,1.14870566921309,-1.42654515034519,0.0218911359552294,0.115603839280084,0.329383809585124,0.562500060768798,0.0933004443068057,-0.480540605960414
-0.180063667008653,0.332870834972709,0.0218893503770232,-0.445158734219149,0.342348188860342,0.0925974623300135,0.143137459410354,0.0660062138456851,-0.0967362713534385,-0.0151810141280294,-0.426876307697967,0.765699989860877,0.474858427187428,0.451655320124701,1.44911315571517,1.40936950896867,-0.569225353421643,1.17041397839785,1.48802317888476,1.23207098711282
-0.153414234751835,-0.36638051411137,-0.417258195811883,0.0547559333499521,-0.172741676913574,0.094134234264493,0.0622079785913229,0.181025368301198,0.27785791894421,-0.0930964251514524,0.0983640630729496,0.264884210424498,-0.546090925578028,-0.0790172161068767,0.770400278270245,-0.647822683677077,0.359651833539829,-1.20830564433709,-0.171661393716931,1.13993533398025
0.273377095116302,-0.127312715398148,0.312736753141508,-0.401326633058488,0.312127671670169,-0.0225133272819221,0.0862202221993357,-0.105491147423163,0.270058558043092,0.146784024406225,1.42564112856053,-0.648526611970738,0.302297915797681,0.689229109324515,0.450980182969943,1.45407506776974,0.516286989441141,0.811691602226347,1.31231153779663,-0.00484833237715065
-0.497467398410663,0.013296109624207,-0.0228211854118854,-0.468926161760464,0.439615598646924,-0.124290159903467,0.263365110615268,0.154297213302925,0.175765051692724,-0.245289073465392,1.37304234690964,-0.266831321641803,0.14265122031793,0.460268549853936,0.584998612990603,0.058150009252131,-0.246283401735127,1.30146866384894,-0.763134411536157,0.814377794740722
0.263488313416019,0.245913909981027,-0.0917400794569403,0.384231937583536,-0.0814726995304227,-0.177486177720129,-0.0657017845194787,-0.216369960922748,0.0503750667907298,-0.27656256663613,0.360718574607745,1.34427943686023,-0.159561577951536,-1.27557245129719,1.48730003158562,-1.05042786919512,-0.407236042432487,-0.965610900660977,0.873989185318351,-0.840043598553166
0.00826068595051765,-0.415843383176252,0.429156684316695,0.118138757534325,-0.184992057271302,-0.283297211816534,0.264505813876167,-0.196831311145797,0.00365464473143218,0.290845786873251,-0.550975488731638,0.381766682490706,0.598089525941759,-0.526293445844203,0.0978700665291399,0.970478343777359,-1.4063368930947,0.418376694666222,-0.0636749030090868,0.493968918453902
-0.130388736957684,0.434800042537972,-0.100130123086274,-0.468599933898076,0.429765847977251,-0.229421155527234,0.253359705861658,0.200897674821317,-0.292086254479364,-0.0808861759956926,1.39969764067791,-1.47132917284034,0.613736298400909,0.65768606797792,-0.939793579978868,1.42111061001197,-0.151006836444139,0.37740360503085,0.0445059256162494,-0.647877569077536
-0.344254229450598,0.0185825806111097,0.00804374343715608,-0.296231353422627,-0.171170106856152,0.131842305790633,0.155494194058701,0.108641644287854,0.265311307786033,-0.128135967627168,-0.282503285212442,-1.4515035438817,0.567340407986194,1.2575273970142,-0.268539204960689,-0.950410680379719,0.223991689039394,-0.429876062320545,-0.468272668076679,-1.42853177594952
0.465139838634059,-0.376752575626597,0.394632457755506,-0.227869212860242,0.193560786545277,-0.170378503762186,-0.183871987368911,0.262385430280119,-0.180182862142101,-0.0588303591124713,-0.317370902281255,-1.2521593964193,0.255644066026434,-0.139783625258133,-0.227263444801793,-1.49783425102942,-0.798705535707995,-0.654376442078501,-1.13815117464401,-1.4601997663267
-0.081460318993777,0.0126469382084906,0.377545460360125,-0.171993529656902,-0.171443670755252,0.262507877591997,0.00805863020941616,-0.291152722248808,-0.0647086651995778,-0.132285785023123,-0.787322677206248,0.710331708658487,-1.19035323173739,-1.26600402058102,-0.517542364541441,-0.0728805118706077,0.869655101560056,0.763330565532669,-1.16562866047025,0.990003503859043
0.181990135228261,0.43822636664845,-0.326096337288618,-0.0140576702542603,0.200324244564399,-0.0631241864059121,0.0362465337384492,-0.163563295220956,-0.0019299760926515,-0.153096895571798,1.35153670446016,-1.01594937220216,-1.29735641833395,-0.896368060726672,0.818730906816199,0.792209298815578,0.327731790253893,-1.30822448059916,1.22791337245144,-0.900609607575461
-0.126832587178797,0.168284581275657,-0.0498272196855396,-0.464359202887863,0.0565821793861687,0.122093315748498,0.0986934752203524,-0.165342475427315,-0.101524085691199,-0.05447394750081,0.543370296712965,-1.26044519408606,1.09164326777682,1.49849193147384,-0.809438058407977,-1.44488723552786,0.563662961125374,-0.755648331949487,1.46562339691445,0.572242545196787
-0.0658562844619155,0.206395130604506,0.350817911559716,-0.14401908707805,-0.191055298317224,-0.238697171257809,0.0150914476253092,0.1368735128548,0.10472418833524,0.117402423173189,0.994288888061419,-0.738901068689302,-0.0241613150574267,-0.703129844740033,-0.706332876579836,0.366060309112072,-0.97310135839507,0.960578115424141,0.244748062686995,1.22295137518086
0.0274648556951433,-0.0439634565263987,0.196058310102671,0.114356272853911,0.323471917305142,-0.0153751012869179,-0.157323484355584,-0.0684125450905412,0.293700727215037,0.237864613020793,0.0323866351973265,-0.127249117707834,0.639082887908444,-0.573632905259728,0.516218741191551,-0.556162381544709,0.60705514694564,-1.15584501880221,0.783454052405432,-1.07856356701814
-0.343434789450839,-0.421373194316402,-0.310402816161513,0.0885667433030903,0.372027901234105,-0.20427724365145,-0.251496732467785,-0.212506819004193,-0.0771685830317438,-0.109702584519982,1.3011692839209,0.135379607789218,-0.240521128987893,-1.05053445138037,-0.574420172022656,0.127296659862623,0.18504973850213,-0.183504853164777,1.46003333595581,-0.515413741813973
-0.399195873877034,0.117013399489224,-0.203195055946708,0.29738666722551,-0.127255220199004,-0.059247439680621,0.158931035455316,-0.255808716081083,-0.00176615361124277,0.115839342400432,-0.576200067764148,0.294180809520185,-0.205133431591094,-1.48547488055192,0.617145737400278,1.08032085187733,1.30240907846019,-0.165283887879923,0.478075834689662,0.368001265218481
0.300004138844088,0.4074788603466,-0.177363396156579,0.226735007716343,0.0165095289703459,-0.237169530428946,-0.0546758144628257,0.0295603970065713,-0.0879289079457521,-0.274129245104268,0.495066994568333,0.170952365035191,1.40831264876761,-0.927227422362193,1.39832658972591,-0.243097248254344,-0.940667622489855,0.734207100234926,1.32701846142299,0.476458644261584
0.413759934017435,-0.410586066776887,0.214879218488932,0.474291506921872,-0.305358010111377,-0.0346554347779602,-0.00633810474537311,-0.18301826021634,-0.106860453262925,0.275759262638167,1.33541901991703,0.720362818334252,-0.487004748545587,0.972486695973203,-0.810725810006261,-1.35872401460074,-1.49208663334139,-0.139510225737467,-0.745809184620157,0.534899696242064
0.301901692291722,0.0848967635538429,-0.0470295085106045,-0.00189654040150344,0.11168159916997,0.165533859841526,0.198654946452007,-0.161370505252853,-0.244467742368579,-0.130964436661452,-0.551819811109453,-1.06597387371585,0.584418534301221,-0.313315194100142,1.00190064520575,-0.653213105164468,-1.42073600529693,-0.798416467616335,-1.25050064641982,0.517424070043489
0.0570637555792928,0.291572743561119,0.0461594206281006,-0.0250122302677482,0.178431547014043,0.25101564405486,0.229516525100917,-0.273226031195372,-0.255326672270894,0.151103551313281,1.03345667081885,-0.574907527305186,1.40444591827691,-0.44456893298775,-0.396766837919131,1.25819365214556,0.371472879080102,-0.383210451342165,0.0299802529625595,-1.32200571522117
0.402209322201088,-0.380780664505437,0.496277293423191,0.0156799480319023,0.0610160552896559,-0.120423728367314,-0.216682977229357,-0.0425347542855888,0.143127825390548,0.243734727054834,-1.17181126819924,0.345840259920806,-0.281422549160197,0.624220698606223,1.05177703360096,0.953633781289682,0.947837588377297,-1.32628976320848,0.469106351723894,-0.561029819073156
0.422220933251083,0.127584151923656,0.289026166545227,0.127109019318596,-0.415023969719186,0.231049270648509,-0.163839184725657,0.243169315857813,0.232845736015588,0.0938785198610276,0.978664926951751,1.45567659800872,-0.114734144182876,0.0248352689668536,-0.633089648326859,0.331312709720805,-1.43030133331195,-0.186327276052907,0.0919376614037901,-0.129206183133647
-0.000248050549998879,-0.0594766542781144,-0.0743523158598691,-0.390714596258476,0.33999368082732,-0.0282771079335362,-0.179389725532383,0.279729942698032,0.0105905659496784,-0.0808358098380268,-0.382899096468464,-0.507816103985533,-1.27580142114311,-0.439241486834362,-0.846683364361525,1.29636236233637,0.705672020092607,-0.391333827981725,-1.08572725625709,-1.47966243163683
0.225360353244469,0.0808820177335292,-0.294355934020132,-0.0918077966198325,-0.209988022921607,-0.017565672006458,-0.270288588060066,-0.104134739656001,-0.294448788743466,-0.293694743094966,-0.182026437018067,-0.689674336463213,-0.801751480903476,-0.982082010246813,-0.846978445770219,-0.913755117449909,1.3699118506629,1.32148203905672,-1.2914885901846,1.3794486222323
-0.295086968922988,0.243979593040422,-0.263351145200431,0.440521839540452,-0.180115519789979,0.184815127635375,0.0407314030453563,-0.0492507648188621,0.0933304375503212,-0.199320758180693,0.563028631964698,-0.252451642882079,0.840122998226434,0.884409606456757,1.10253716656007,0.120615219930187,1.19374388409778,0.897318375762552,0.967895208159462,-1.17007371853106
0.230414903722703,-0.377058710204437,-0.106945505132899,0.441513713216409,0.281674925703555,-0.200380918476731,-0.0978900597430765,0.185302256047726,-0.259159742575139,-0.0379606621339917,0.547528178198263,-1.35135645023547,-0.864545709919184,-0.96476043225266,1.19510721601546,-0.442029094789177,-1.42352755903266,-0.0155355599708855,-0.928089550696313,-0.510829916456714
0.386362861143425,0.417347766458988,-0.298910439014435,0.293038167059422,-0.410129999276251,0.0342094412539155,-0.16185427014716,-0.0606204248964786,0.0469149160198867,0.103870836971328,1.42496242560446,0.5681468679104,-0.977874075528234,1.17607393115759,0.177208025241271,-1.0799242942594,-0.528473078738898,0.741211109329015,0.502567576942965,1.30245555611327
-0.4698538815137,0.128569490276277,-0.317969249328598,0.305727920960635,-0.381983634782955,-0.202766935760155,-0.0386074029374868,-0.21482870397158,-0.0583822974935174,-0.194040529802442,0.0493656664621085,1.0099463830702,0.241060531698167,0.912107420386747,-1.46445811120793,0.137036063941196,1.44081258354709,-1.42844626167789,-0.620969353476539,-0.278461349196732
-0.210226334165782,0.210222999099642,-0.113666504621506,-0.226674362551421,0.41883877874352,-0.0235456413589418,-0.159480492956936,-0.0976587820798158,-0.219987966679037,-0.227326062647626,-0.589415618218482,0.0651193116791546,1.29178814124316,-0.132297614123672,-1.44129660702311,-0.249508214648813,-0.173100977903232,1.11496385070495,0.229696561815217,0.835435122717172
-0.359140535118058,0.230946524301544,0.408581209136173,0.104048048146069,-0.335809166077524,-0.0322229593992233,0.152879636501893,-0.238130624592304,-0.235399595461786,-0.237161875236779,1.17059665638953,0.734619997674599,0.0505268687848002,-1.19150297529995,-0.813076643273234,0.35694281430915,-0.0442791546229273,0.499745932873338,-0.834041356109083,0.081401590956375
-0.16763916076161,-0.351570483995602,0.280973720829934,0.103121365886182,0.315538423601538,0.211286521330476,-0.252538675116375,0.0400789339095354,0.034327983437106,0.172662584390491,-0.841193305095658,-0.00353772612288594,-0.337387235602364,-0.904809197410941,1.27921506087296,-0.414200039813295,1.13982335454784,0.491600998677313,-0.746774496976286,1.46901668538339
-0.27227454027161,-0.173724802210927,-0.469126098323613,0.172496200772002,-0.15205528633669,0.0844119220040739,0.21614782945253,-0.29363215751946,0.0257106928154826,-0.202419204264879,-0.134965983219445,1.01576190814376,0.72802252555266,-1.2722618880216,-1.47285010828637,1.07066512154415,-1.2457639023196,-0.96659996593371,0.800143787870184,-0.800071195699275
0.13237174693495,0.231307910289615,-0.126733734738082,0.482381325913593,-0.117662444477901,0.237609773129225,0.246107004862279,-0.16872539143078,0.207890753634274,-0.244615537812933,-1.37300051562488,-1.29553846386261,-0.270640100352466,1.09553043404594,0.052201034501195,-1.384609707864,1.39140811166726,1.42226143484004,-0.229111301712692,1.25741952680983
0.434710422996432,0.470239292364568,0.0406935459468514,0.324092809576541,-0.400213526096195,-0.0677901474293321,0.0998785109259188,-0.0494643277488649,-0.271668741758913,-0.116271303640679,0.281476460862905,-0.426316850585863,0.890398160554469,0.401689822319895,0.796659140847623,1.07092336169444,-0.609701563138515,-1.45532214059494,0.222187985200435,1.11017010547221
-0.127646217122674,0.283238615142182,0.346868124091998,0.151024454738945,-0.115234320983291,0.264046660624444,0.0500324226915836,-0.273559252079576,0.214028180250898,-0.108926297351718,1.19977299892344,0.984863401623443,-1.14394506043755,0.309449030086398,0.66863415716216,-0.832646603928879,-0.935693061444908,0.00571493105962873,-0.935605580918491,-0.080265159253031
-0.348962103947997,0.147493821568787,0.438307790318504,-0.0274508986622095,0.245781999547035,0.241409355495125,0.207560061570257,0.111781859071925,-0.281115842889994,-0.190177938016132,-0.169142539612949,0.545849146088585,-0.218409724300727,-1.40593015775084,-1.4331594016403,-1.32113207154907,-0.735368221532553,-1.13002659520134,0.612390914233401,-0.492884267354384
0.23673311737366,0.0113162295892835,-0.436394869117066,0.298094782512635,0.235673623392358,-0.162023899052292,0.248113085143268,0.114062177902088,0.223811565153301,0.241023558983579,-0.374278185423464,0.648532505845651,-0.443454415071756,1.01315087475814,0.0141672904137522,-1.18488569115289,-0.196371664758772,-0.795906879706308,-0.551539670443162,-0.751254248432815
0.359369913116097,0.1187168515753,0.0858394773676991,-0.12978993030265,0.143247195519507,-0.0348338543437421,-0.219126496883109,0.224282268527895,-0.2189260836225,-0.135382533073425,0.771235730499029,-0.265345176681876,-0.704867327352986,-1.00193517655134,-0.935242671752349,1.48293403862044,1.47806054796092,1.02647048444487,1.12330408324488,-1.14491566037759
0.0138666140846908,0.435114332009107,0.466384063707665,-0.351525034522638,-0.0347981718368828,0.223394504981115,0.0310854056384414,0.180092646181583,0.215884626936167,0.145472608180717,1.12094421498477,-0.864712949842215,1.07694841059856,0.805055435048416,0.45229361881502,0.1926484471187,0.943808363517746,0.925974394194782,1.05511874961667,-1.43637223890983
0.222469571279362,0.124496367527172,0.118435540935025,-0.238643091870472,-0.478098954539746,-0.185503352154046,0.0487073590513319,0.201847653603181,0.245319818425924,0.296841815114021,1.36326287244447,1.31733898445964,1.31629680725746,-0.0846291196066886,-0.390156670007855,-0.178650044370443,0.800065429648384,-0.180683308979496,0.194512337911874,1.3543578798417
0.295142105314881,0.294811090221629,-0.205990599002689,0.350121363997459,-0.412490520626307,-0.0501619668211788,0.101986130559817,-0.156859150109813,-0.239379659062251,0.170646004239097,-0.172963820630684,0.370562301948667,0.367077914765105,-0.235361925093457,-0.422240782063454,-1.12297851894982,-1.46261371183209,0.852859902894124,0.759946798207238,-1.05999713321216
0.106055006152019,-0.167387070367113,-0.0661245817318559,-0.389883099123836,0.446008258732036,0.0726211922708899,0.0510300457477569,-0.0460650516673923,-0.0659871770069003,0.290930058388039,0.437404040945694,1.4649371271953,-0.726093758828938,1.27520675514825,0.942827897379175,0.457965367008001,1.47608316061087,-1.21003963728435,-0.112999996170402,0.587386385304853
0.177213462535292,-0.28900925652124,0.064048811327666,0.36593558313325,0.338988599134609,-0.0788262827787548,0.253630920639262,0.291810988169163,-0.183954808814451,-0.085448998818174,1.25720966351219,0.646700858138502,0.535878387512639,-0.305000531952828,-1.04241293342784,1.4066525590606,0.654103811597452,-0.349397999234498,-1.26330650760792,1.21653502970003
-0.054699290310964,0.366554394364357,0.348816509358585,0.0795674344990402,-0.16240733047016,0.188267636206001,0.21503134011291,-0.00970062911510466,0.284527700627223,-0.186100975284353,0.593759281095117,-0.547693939413875,0.447450049454346,-0.054347641998902,-1.47228087927215,-0.292595161590725,-0.508873135317117,-1.09744956647046,0.0919941435568035,0.549367156578228
0.443313803523779,0.0918063244316727,0.398629270726815,0.115372229600325,-0.215878874994814,-0.156569583853707,-0.0949783099349588,0.0870453347917646,0.172487838473171,-0.0984041858464479,-0.206201428547502,0.35458529018797,-0.741410575574264,0.0434716937597841,0.699494336731732,-0.423185708234087,-1.22157712792978,-1.33462526416406,-0.507680795621127,0.88688953849487
-0.46032698196359,-0.3037553075701,-0.387306992197409,-0.0216176982503384,0.0282297777011991,-0.152483258536085,-0.00511637586168945,-0.00447223624214532,-0.0860297048930079,0.0714898942038417,0.353687265655026,-0.903318734373897,-1.16010878118686,0.0292937806807458,0.463611430954188,-0.444652545265853,1.32771609420888,0.858276719693094,1.01960062072612,0.165665461448953
-0.45072393794544,0.491858636494726,-0.205157066928223,-0.0665842548478395,-0.221423359354958,-0.0970475766342133,0.0905398974660784,-0.0295332646463066,-0.286893618106842,0.213309482345358,0.563647768227383,-0.501030074665323,1.2038193186745,0.531150898430496,1.4187648310326,-0.0596046166028827,0.113171167206019,-0.904633075464517,-1.38954875967465,-0.236933046486229
0.304026426514611,0.238303457852453,0.168273892952129,-0.314462380716577,-0.336014161119238,-0.294027726911008,0.269828266929835,0.0216918254736811,-0.194123564008623,0.203115835832432,-0.234061752911657,-0.433135612634942,1.03671564138494,0.00944212032482028,-0.948127396171913,1.02411058964208,-1.0141603758093,-1.12702276767232,-0.880283303093165,1.42889124364592
-0.0937269183341414,-0.221066974336281,-0.310244167689234,-0.0797939791809767,-0.331406613811851,0.0835809723939747,0.128174493089318,0.270639573410153,0.250160854356363,0.277602912811562,-0.563753647031263,-1.39485369832255,-0.657460224581882,-1.46589079149999,-0.873946870677173,1.06203757063486,0.214253432583064,0.950284566963091,0.679414795478806,-1.00333019974642
0.473013722803444,0.273681385442615,-0.128175093326718,-0.218422492034733,0.167805399745703,-0.245757913822308,-0.154897793568671,-0.0253651907667518,-0.168551110010594,0.00536328507587314,1.25702461134642,-0.732140505686402,1.47767991875298,1.17104635457508,1.08061729604378,-0.685355361783877,-1.01033262745477,-0.0935628516599536,1.4081489641685,-0.988136799540371
-0.250538300490007,-0.436651923228055,-0.247267886530608,0.395053123822436,-0.0848419365938753,0.103072965145111,0.102284245938063,0.0668681044131517,-0.0600487866438925,-0.00396428229287266,-0.952877000207081,0.967376637971029,0.923347943695262,1.17457610950805,-0.784536376828328,-1.01535607944243,0.205289699602872,0.00564682460390031,-1.30911990115419,0.991103427484632
0.441220866283402,0.440905696479604,0.0919542217161506,0.0399470787961036,0.252579431748018,-0.081071090977639,-0.218885803269222,-0.0750532642006874,-0.0930478323251009,-0.127814557263628,-0.579011513153091,1.2446680914145,-0.826310766628012,0.769800840876997,-1.10887750494294,-0.197010331554338,0.16627460019663,-0.633759954711422,1.49312697001733,0.887467887019739
0.176977918250486,0.0207433165051043,0.232728782808408,-0.0210243514738977,0.0084057345520705,0.0272450419608504,0.250616803346202,-0.260657499544322,0.233766091056168,-0.0155601199250668,1.41159772197716,-1.15033066459,0.63957465137355,-1.13701938372105,-1.16384255862795,-1.24094552057795,-0.853785428451374,1.15553178777918,0.0635531258303672,0.675543953664601
-0.203040638240054,-0.316089099971578,0.458272661082447,-0.000597516074776649,0.0669367278460413,0.183990303380415,0.0889558591414243,-0.199577813968062,-0.20144490734674,0.204259687336162,-0.296917033614591,0.868515986250713,1.32749106246047,-0.00244137179106474,-0.796077620470896,-0.68619612744078,0.873596109682694,1.37472477718256,1.32294593844563,0.929418348474428
0.100598245393485,0.435585554223508,-0.487486594589427,-0.179524070117623,0.289948452729732,0.106963208690286,0.188106249086559,0.127814385155216,-0.264586867298931,-0.0268403182737529,0.807926890673116,-0.585056639509276,0.703232571249828,-0.489534491440281,-0.301345208426937,-0.879835774423555,-0.464788210345432,-0.807891638483852,-1.23740982008167,0.104148013517261
-0.116202267818153,-0.0837670126929879,-0.214716314570978,-0.0562427993863821,0.443576961057261,-0.0127518617548049,-0.00428278762847184,0.0713432101998478,-0.074616790143773,0.0723823597189039,-0.289643493946642,-1.1277453226503,-0.778449745383114,0.559840325731784,-0.500255569349974,0.348578376229852,0.647665258264169,0.357680198270828,-0.864576592342928,0.291098619578406
-0.418248463654891,-0.10579245723784,0.397832291433588,0.301084097009152,-0.400736731477082,0.239225889276713,-0.227318729739636,0.015030228998512,0.133586363308132,-0.262665498722345,-1.44236449920572,1.16816862439737,-1.29525265074335,1.29724261933006,-0.715215790551156,0.380677562439814,0.0503555531613529,-0.633154077222571,0.221924764802679,-1.20739569724537
-0.333454283652827,0.422879066783935,0.396592719480395,-0.40910221892409,0.308809934416786,-0.218570209108293,0.11723212567158,-0.223597538843751,0.136623249482363,-0.0914952853694558,1.19188323779963,0.427127868868411,0.453853950602934,-0.216343315551057,0.500590839888901,-1.34065986284986,0.447501975344494,-0.552770327311009,-0.370269967010245,-0.870928923832253
-0.426208686083555,-0.356075148563832,-0.407275941921398,-0.470381161896512,0.276915184222162,-0.0426649217493832,-0.233593424549326,0.188981644436717,-0.128698324039578,0.1286656094715,-0.532548168674111,-0.345975283998996,0.403014810523018,1.37913495325483,1.25425671972334,1.34882224467583,-1.10773017606698,1.23567712143995,0.359678932232782,0.489063993562013
-0.445257279323414,0.428781976224855,-0.0151752820238471,-0.0912338693160564,0.279422305291519,-0.240065221628174,0.122477651154622,-0.297018938139081,0.152638841746375,-0.0682747168466449,-0.417087758425623,1.2932605126407,-0.247418337967247,-1.0502615715377,1.4576366613619,-0.906370011856779,0.764342911541462,1.0874369549565,-1.25212075724266,0.0630241851322353
0.47507550357841,0.460340854013339,-0.327112845610827,-0.250392707530409,0.144664575112984,-0.100379111710936,-0.220528829237446,-0.160163969406858,0.176401283266023,0.124375360552222,-0.151103001320735,-0.194817410549149,1.41638842667453,-0.219207509653643,1.2774951600004,-0.206993979401886,0.760293511440977,-0.00983076053671539,1.3995282354299,1.15816875966266
-0.339662046637386,0.0164817848708481,0.317632599035278,0.00668528582900763,-0.00901511218398809,0.224395089643076,-0.0938229369465262,0.264995308918878,-0.156330505851656,-0.268950582342222,1.46923460019752,-0.856520761270076,0.180339404381812,1.45599630475044,-0.114426459185779,0.846162688918412,-0.65683390153572,-1.10940627381206,1.02404720219783,0.456985844532028
0.207423282554373,-0.0929010098334402,-0.247113276505843,0.190519593888894,0.402720825979486,0.154224073793739,-0.252588892215863,0.282816977938637,-0.284448380861431,-0.0575400004629046,0.502911892952397,1.09757495485246,-0.673711998621002,-0.0429831119254231,-1.40962065034546,1.23206157144159,-1.10456525534391,-1.47042816295289,-0.57326839515008,-0.27965979790315
-0.309492920991033,0.347459890181199,-0.316905557410792,-0.337406629463658,0.361582746962085,-0.233306438243017,0.0984746569767594,0.0036383503116667,0.17111059022136,-0.258966732211411,0.657674240414053,-0.733290833886713,-1.11306843906641,0.991710836766288,0.304471787530929,-1.10833957465366,-0.938286427175626,-0.102099047508091,-0.476530855055898,-0.508750193752348
-0.360156898386776,-0.211659504799172,0.328995544230565,0.47336025419645,-0.365103895543143,0.000648836977779843,0.0491232728585601,0.00952896606177089,0.185973628750071,-0.194482708023861,-1.45359435095452,-0.0754129062406719,1.37971750670113,1.2808718145825,0.0916727988515049,-1.27749588084407,1.1228589497041,-0.376734222751111,1.44281017547473,-0.591782775241882
-0.343743728008121,0.0043259528465569,-0.287529601715505,-0.0117929361294955,0.425844119628891,0.015529002668336,-0.0647053062915802,-0.227799200545996,-0.0308948578778654,-0.184224189491943,-1.04676712816581,1.46694766008295,-1.22068814537488,-0.138914678245783,-0.154060325352475,0.992222952190787,0.488848442444578,1.4411976642441,-0.139175115851685,-0.838455463992432
0.0782587598077953,0.471399915637448,0.4962900695391,-0.263851788593456,-0.337441956391558,-0.0664151720702648,-0.230000418797135,-0.0380087204743177,-0.00646603046916427,0.259243129380047,1.47383935935795,-0.385482805548236,-0.404915805906057,-1.45185382780619,-1.09025828260928,-1.23694643145427,0.194561220472679,-0.661311986390501,-1.1908970461227,-1.13366970140487
-0.281687111826614,-0.337140792515129,-0.102272064890712,0.340724215377122,-0.494118839967996,-0.15376531840302,-0.115133362915367,0.220175414113328,-0.0901564804371446,0.272202558768913,0.846809530165046,1.29162638937123,-0.560898272786289,-0.0591311913449317,-0.536179453600198,-1.01127169886604,0.0950658603105694,0.0533426902256906,-1.1096271222923,-0.394503863761202
-0.367162313312292,0.281770599307492,0.340646314667538,-0.41640009265393,-0.172273175092414,-0.0233040839899331,-0.230673213209957,0.10415999237448,0.0621842851862311,-0.0612792721018195,0.969038918148726,0.885208584135398,-1.08212044020183,-0.13001044630073,-0.210071068955585,0.736977407941595,-0.548468340653926,1.20921697514132,0.137460432015359,-0.499551235232502
0.0475507129449397,-0.204921685857698,0.493347176583484,-0.203707323642448,0.0757168021518737,0.209258286142722,0.103882587561384,-0.109740951983258,0.103140303399414,-0.0027650512754917,-0.120887665310875,-0.174176647793502,-0.292719265446067,1.35527194105089,1.34190747560933,-0.0334496344439685,1.12071970221587,-1.34668429987505,-0.765145106473938,0.85496036731638
0.139493041904643,0.00751060480251908,-0.263427353929728,-0.381600938271731,0.387195636983961,-0.279873817088082,0.281817031838,-0.197254777606577,0.177060752129182,0.0103350025601685,-0.611371630104259,1.25773566355929,-0.417484119068831,-0.531866343459114,-0.0714060680475086,0.695902096806094,-0.321036307839677,-0.804085140349343,0.244621247285977,1.27017529145814
-0.48709560604766,-0.471249513328075,0.25984859932214,0.371186354197562,0.0770804372150451,0.284066146239638,0.0426832451485097,-0.133190299244598,0.198422419466078,-0.0715910905972123,-0.613551107235253,-0.572122081881389,0.0779130631126463,1.20480238599703,-0.0626697472762316,1.3569578344468,-1.43588067870587,0.0602542986162007,-0.214152988046408,1.07648675562814
-0.297065612161532,0.225750150159001,0.135302699869499,0.287912945728749,0.221367033198476,0.199750811280683,0.0880046512931585,-0.105624780245125,0.217294709058478,-0.0575611132197082,-0.915921097621322,0.280297384830192,0.402887916890904,-1.28459679381922,0.717426191316918,-0.219962807139382,-0.14230574760586,0.565176143310964,-1.33257148065604,-1.28519851039164
-0.113166173687205,-0.0199683688115329,-0.210974352434278,0.36970872245729,-0.44479499803856,-0.0979961775708943,0.27017602105625,0.0344017627649009,-0.204918214213103,0.193432836094871,1.20442750607617,0.220452371053398,0.682877495186403,0.486906824167818,0.535244749858975,0.709255903260782,-0.660929202334955,0.733709244523197,-1.09312379756011,1.18739092047326
0.288471183506772,-0.434702413389459,0.381656017387286,-0.140507547650486,-0.306952325860038,-0.19006963041611,-0.0773675962351263,-0.0276540325954556,0.113614850398153,-0.0985295458696782,0.33484530961141,1.32412177906372,0.503714693477377,-0.195472683990374,-1.11143512814306,1.28905180399306,1.3008535138797,1.44237137585878,-0.354525888338685,-1.41106283431873
0.0501651472877711,0.189930688589811,0.139312235638499,-0.152159073157236,0.179834903217852,0.109989624191076,-0.0531722079031169,-0.1460676623974,-0.250047703273594,0.0930895677767694,0.0946878001559526,-0.820441972464323,0.136494101956487,1.32876692502759,-1.35185276716948,1.49497780320235,-1.33338663959876,1.25609781383537,0.402196367271245,-1.01233816123568
0.0105536673218012,-0.351489655207843,0.190319872228429,0.369702673982829,0.111325941281393,-0.150556861655787,0.049395868415013,0.0341696084942669,-0.222525320481509,0.0380267088767141,0.171346738468856,-1.0014866029378,-1.31131620286033,-1.33916954090819,-0.0156072084791958,1.0334246288985,-0.27210945286788,0.905910358065739,-0.669335320824757,-1.49783704779111
0.484363868832588,-0.33361037238501,0.245238047791645,0.451905762078241,-0.130673373118043,0.163061758736148,0.184814155753702,-0.102107039932162,-0.134071362577379,-0.100829705921933,1.44451540522277,0.927413764642552,1.20701018488035,0.801297514233738,1.01494778995402,-1.22329165250994,-1.34716298757121,1.29324148851447,0.04325629491359,-0.28119712905027
-0.231258970918134,0.49631519545801,0.190630391007289,0.317970973905176,-0.0554368407465518,-0.157553635910153,0.25892955288291,-0.0791030224878341,-0.23289592070505,-0.145984440855682,0.473076944472268,0.165307378163561,-0.319035372231156,1.1436456379015,1.12683860049583,1.151629780652,0.425016480032355,-1.04278347361833,-1.15454138559289,1.32921883813106
0.0591150759719312,0.436502825701609,-0.42343401000835,-0.245450565125793,-0.224508235231042,-0.120740435505286,-0.298506880737841,0.296677413443103,0.0955175789538771,0.0789850499946624,-1.44531906070188,-0.870410709176213,-1.44638684461825,-0.533701556967571,1.02854616078548,1.13090843777172,-1.12483886419795,0.820028946502134,0.131780314492062,0.0288050856906921
0.315728435758501,-0.481502192094922,-0.248446536948904,-0.283816807903349,0.019195799715817,-0.0437531967647374,-0.0792070479132235,-0.00452971751801667,0.0245630200020969,0.0456616407260299,0.27291314676404,0.536097686039284,0.274813427589834,1.04673588532023,0.234942275332287,-1.05120878247544,1.08648042473942,-0.130945147946477,0.219802156789228,1.38023180142045
0.239259034162387,0.453680995153263,0.265896239550784,0.228315089596435,-0.287925908807665,-0.267212999984622,-0.184010457387194,-0.216492064855993,0.00783999692648651,-0.252486427919939,-1.46073463652283,1.03072244301438,0.655388213926926,-0.198978445027024,-0.661958999466151,-0.503358795074746,1.37869276246056,-0.766501887934282,1.03667617659084,0.60120798018761
0.399739059386775,0.294321133522317,-0.142288922565058,0.197801696602255,0.325818901415914,-0.122939563728869,-0.115758784068748,-0.0254673408810049,-0.283504808787256,-0.196506434027106,-1.11052422132343,1.0320463667158,0.88549484917894,0.498501740628853,-0.370347623247653,-1.41191426943988,0.621688970597461,-0.118824218865484,0.110901369480416,-0.155370511114597
-0.438464856473729,0.284806258277968,0.180778667097911,0.34055827697739,-0.35963336378336,-0.0543862237595022,0.134527463000268,-0.111985187698156,0.0441163628362119,0.0753622537013143,1.24913948960602,0.349100954364985,0.175866553327069,0.546649368479848,1.11032534670085,-1.32453340385109,0.638359325006604,0.977956707822159,0.374484788859263,1.24918405339122
0.375116348732263,-0.093500695656985,-0.136425056261942,-0.117870601825416,0.225436161737889,-0.168674847017974,-0.276563902990893,0.0445610595401377,-0.164396073762327,-0.182152762636542,1.33041710173711,-0.0971081843599677,-0.704024809179828,0.398339688079432,0.194655488245189,-0.428333282936364,0.596083725336939,1.05576017056592,-0.970893762772903,0.720779636409134
0.199156835209578,0.243952728807926,-0.357773739146069,0.491548865102232,-0.32522063003853,0.0355191049631685,0.275823427783325,-0.276344496617094,0.174911089008674,0.00681886053644121,0.946175929158926,0.347121861297637,1.47314923116937,0.385074444115162,-1.13904844340868,0.609762065811083,-0.302245621802285,-1.14750352059491,1.39696940942667,-0.875233513768762
-0.304868564475328,0.14285461907275,-0.22452317038551,-0.00649722898378968,0.0882719603832811,0.23949838844128,-0.189852655911818,0.0566959031391889,0.239666956057772,0.200732049811631,-1.25514570646919,0.471171186072752,-1.45631614211015,1.14382455870509,1.0615717379842,-1.03510343190283,0.425841661635786,0.513815408572555,-0.327233544085175,-1.49571851827204
0.146496423520148,-0.350803975714371,-0.0648475405760109,-0.015045010484755,0.393199510872364,0.268675817549229,0.271088443463668,-0.00278535727411511,-0.188278427207842,-0.0552206784021109,-1.07801296887919,1.30211016512476,-1.49166662525386,0.66629844205454,-0.759483376750723,-1.18736471096054,1.14854664215818,0.65471012564376,0.748369579436257,0.579776422586292
-0.0638256659731269,-0.0852460970636457,0.347335363971069,0.289699713001028,-0.293957855086774,-0.133637398760766,0.272987425653264,-0.241809574188665,-0.272384514659643,-0.293419020669535,-1.22359983343631,-1.35708340443671,0.220495101995766,1.40726687433198,-1.06416901387274,0.025785181671381,0.35551504092291,-1.02788342465647,0.671613219659775,-0.48108951933682
-0.120806149207056,0.221633377950639,0.365471116965637,0.109490344999358,0.390894781798124,-0.112887700879946,0.134098748350516,-0.161808988731354,0.0315028142184019,0.107463182229549,-0.542703627375886,1.45303256716579,-1.33286848641001,1.2698465147987,-0.618631827877834,-0.0727177639491856,0.995743382256478,-0.899930180981755,0.174580204300582,-0.869568297173828
0.270404705544934,0.411166347330436,0.298812973545864,0.0731066579464823,-0.30868506222032,0.189985002810135,-0.0438384993933141,0.0779960804153234,0.0290047054644674,0.197263193456456,0.145959251560271,-0.900464600650594,-0.922623710939661,0.617503020213917,-0.580264245858416,1.14449260826223,-1.19735419820063,-0.413844243390486,0.360230261692777,-1.26530859642662
0.126090261153877,0.146017611725256,-0.315718971891329,0.20038240798749,-0.196045090444386,-0.228831370733678,-0.0588600197341293,0.167632412910461,-0.0652961469255388,0.11714820060879,0.573709588497877,1.14984149043448,0.979546745074913,-1.19581638090312,-1.46905854949728,-0.951432161265984,-0.0836636926978827,1.01215008390136,0.183528672438115,-0.0060731889680028
0.0139290548395365,-0.151770710246637,0.267135119298473,-0.2849599015899,0.371957826195285,-0.128276970237494,0.203640276147053,0.13466499033384,0.15954999262467,0.229495653044432,-0.151622209232301,-1.3157012143638,-0.346544753294438,1.33056634711102,-1.430150057422,-0.779002547264099,0.873373317997903,-0.691874166252092,-1.28187105548568,-1.0923093392048
0.327996339183301,0.212436688831076,-0.150662691798061,0.497624258510768,-0.322158837458119,-0.227171610295773,-0.094795006653294,0.0667510071303695,-0.283166409423575,-0.209328721649945,-1.31805741693825,-1.19576371321455,1.38234519492835,1.49295314191841,0.881383290980011,0.708525960333645,-0.0574907802511007,1.36935140867718,-0.142651550704613,0.645812921226025
-0.372094916179776,-0.495497195748612,0.482233306858689,0.338675214210525,-0.0460741864517331,-0.254693292081356,0.231318500451744,0.192231910256669,-0.101942402590066,-0.130565904267132,0.847562030889094,1.34238810441457,1.06076475279406,-0.422763404902071,-0.0868845612276345,-0.336986575042829,-0.200344191631302,-0.0055544706992805,0.44855060451664,0.979063069447875
0.326578459702432,-0.409267502836883,-0.464319784194231,-0.324470706051216,0.111886557657272,-0.0400250881444663,0.0531761286780238,-0.0324201425537467,-0.273650532960892,0.275707324594259,1.06628677994013,-0.994109323946759,1.38504651049152,-0.497478051111102,1.46859258413315,0.814226147253066,0.414975988911465,1.126068205107,-1.28931082505733,1.2575842270162
-0.107055789325386,0.299245573347434,-0.425748861394823,-0.344301427714527,0.409888565540314,0.136290171789005,0.206628337176517,-0.294565558433533,0.00538726500235498,0.122619031090289,0.0054453460033983,0.722258731490001,0.882556511554867,-0.975656807888299,1.3342774012126,-0.157096872339025,1.11074273753911,-0.0212116814218462,-1.13412160961889,-0.995376801118255
-0.262997531332076,0.385484312428162,-0.160809413297102,-0.381861458299682,0.140117866219953,-0.0691748432815075,-0.00395710794255139,-0.141758015938103,0.214189081359655,-0.131052213488147,-0.511352784465998,0.0434987470507622,0.615763872396201,-0.372955789323896,1.47362067899667,0.636195138562471,1.20592885860242,0.1096592315007,0.482566913589835,1.40883469465189
0.199445953825489,-0.338134983321652,-0.02572778519243,-0.462344849715009,-0.298990218900144,0.159688063943759,-0.109637258760631,-0.188173667807132,-0.173182379314676,-0.115798139199615,1.33239850192331,0.564346595434472,-1.47712978441268,-1.09986952738836,1.41213856847025,-0.360947300679982,0.712693864479661,1.06467966036871,0.355548004154116,-0.81305135297589
-0.0791484501678497,0.31106501352042,-0.110154419904575,0.251451282994822,-0.00529522844590247,-0.272884980076924,0.219954488240182,-0.026972365938127,-0.128910625632852,0.299296466493979,-0.744178146589547,-0.0863784933462739,0.200622582575306,-0.65332020772621,1.38359274761751,0.565898797474802,0.603113569552079,1.40948701836169,0.745863625779748,0.430657571414486
0.0883765120524913,-0.105062966467813,-0.27346983877942,0.249193420168012,0.368410455994308,0.221558804484084,-0.166273145517334,-0.123651078762487,-0.232269941177219,0.140023612277582,0.306351770879701,-0.340796443400905,-0.126337301451713,0.431561466772109,0.726095132762566,0.567845209501684,0.775088536553085,0.359487215057015,0.878722716355696,-0.521313922014087
0.186921924352646,0.41323182801716,-0.179917200701311,-0.254067510133609,0.234467723174021,-0.230009336443618,0.131181995524093,0.212749658664688,0.0567010049242526,-0.132126138266176,-0.196877758484334,0.386363613652065,-0.576903320616111,0.115687319543213,1.35941499844193,0.991898829583079,0.388656377093866,0.977555086137727,0.630399419926107,0.27276867069304
-0.000424280529841781,0.4038955650758,0.222908150870353,0.0039225893560797,0.425307589350268,0.263162292726338,-0.0784868845716119,0.0184657874051481,0.0757459430024028,0.283038793550804,-0.308703556191176,0.682670702459291,0.256357205333188,-1.11553991376422,-0.20339466794394,0.761784282512963,1.21931531676091,0.954007813241333,1.48274701391347,1.04402730753645
-0.325871099485084,0.274095366476104,0.366081655491143,-0.410156732425094,0.175857271067798,-0.193782960763201,-0.223752269474789,0.297737798653543,-0.0191663338802755,0.00333254300057889,0.311332919402048,-0.704747359268367,0.944122031796724,1.16414539190009,-0.755468597402796,0.25632312730886,0.588125877315179,1.11914759804495,-0.00285518006421626,1.49247049167752
0.329828992253169,-0.122093407902867,-0.475165867479518,0.0977548339869827,-0.0889708197209984,-0.271293887123466,0.114427125966176,0.0220472919289023,-0.029092528950423,0.106322575220838,-0.790343230823055,0.710607487941161,-1.02014867844991,-1.13468036404811,-0.947079793084413,-1.01550064841285,0.109347359742969,-0.622323706978932,0.159366378095001,1.11761640035547
0.371063916943967,-0.227791208773851,0.359281921060756,-0.374654701910913,0.094222011975944,-0.290344819100574,-0.179435880761594,-0.153497945470735,0.154821967240423,-0.242204932495952,-1.48374455748126,0.608164282282814,-0.95364875625819,-0.155153755098581,0.969409243902192,0.412139259511605,1.02353795408271,0.440139734186232,-0.502058134647086,-1.43893430870958
-0.332974662771448,0.332051766803488,-0.390214108629152,0.496035434072837,-0.315328797558323,0.0283143896609545,-0.078700154973194,-0.136621302645653,0.0875379822682589,0.21408902797848,-0.173048196360469,1.28336610691622,-0.912641490111127,1.26629162323661,-0.216596820624545,0.417890893528238,1.215224922169,0.80093776085414,-0.492117759771645,-0.154288801364601
-0.48298996174708,0.450072470819578,0.179970683529973,-0.0892999330535531,-0.199530183337629,0.256702138809487,-0.206079585850239,0.117675546789542,-0.0213778354693204,-0.247649695398286,-1.32091697864234,-1.0771869267337,1.13584097195417,1.42856748634949,0.630572525085881,1.24419223610312,-1.39926997781731,-0.532209987519309,0.945087353233248,-1.36235783086158
-0.303105636034161,-0.491945877671242,0.469644761178643,0.392693486530334,0.0028660143725574,-0.0365587907843292,0.0115241764113307,-0.264894064050168,-0.12079347409308,-0.0874363328330219,0.0929893059656024,-1.43863995373249,1.04991499590687,0.881493393564597,0.369155514054,-0.819261252181605,-1.44851112132892,0.991226726677269,-0.054785949876532,-0.328592197503895
-0.220148603897542,0.185078792506829,-0.412442286498845,-0.0827168298419565,-0.0957757940050215,0.276819902099669,-0.00968153863213955,0.180217471718788,-0.163693776307628,-0.105599903035909,0.0631495134439319,0.42391192400828,0.270840057637542,1.31549367355183,-0.0859265034087002,-0.185845649801195,0.333835741505027,0.731039860518649,-1.35549968434498,0.511837530182675
0.214548630639911,-0.412805105326697,0.0496366082224995,-0.293916680151597,0.418137142201886,-0.231845115032047,-0.266403818037361,0.12451852876693,0.129827956901863,0.0409949218388647,0.919001303846017,0.24528643512167,-1.25045020831749,-0.153349966043606,-0.373926899163052,-1.28051810525358,0.526889906264842,-0.07941141910851,0.0348477072548121,-1.04423253494315
0.131729695713148,-0.111289816210046,0.119594973279163,0.279512255219743,0.0485653874929994,-0.152236522547901,0.0200083241332322,0.142089381627738,-0.0425578242167831,-0.26566488915123,-0.687126696109772,-0.335253532743081,1.42008706578054,1.10111650731415,1.40499273268506,-0.776914835907519,-1.19726725760847,-0.520886799087748,0.400877132546157,0.533424423309043
0.125598429702222,0.169285351876169,0.028094046516344,0.287392283091322,-0.0349063365720212,-0.239602632354945,0.150763954315335,0.248983371444047,-0.0407304313033819,0.205314391292632,-0.971713489154354,-1.36884670425206,0.686437442433089,-1.22278634319082,-0.0900180351454765,1.46556243812665,-1.09547483129427,0.059012004872784,1.40244639851153,0.0234676252584904
0.267086563631892,-0.362128851935267,-0.0541778840124607,0.0765008318703622,0.0175724101718515,-0.180298026977107,0.231191034475341,-0.0994958928320557,0.0873688513878733,-0.0612785353325307,0.700381414499134,1.02097342978232,-1.33666222239845,-0.0985362189821899,0.650321085937321,-1.10182971297763,0.473573185969144,1.34947424638085,0.592234788229689,1.31530510797165
0.402199907694012,-0.282337999204174,0.294553726445884,-0.169780657161027,-0.486391702899709,0.000120446970686305,0.0549806510098279,-0.125803541718051,0.121029389463365,-0.0937729671131819,-0.0464625111781061,0.66559274517931,0.452021942473948,-0.427598897600546,-0.987460111035034,-1.3067581623327,1.33742251410149,0.0310644479468465,0.352091006236151,0.594541052822024
-0.306458296487108,-0.33198479632847,-0.187740930123255,-0.142617178848013,0.122453524498269,-0.0953949834220111,-0.0130042643286288,-0.197488257894292,-0.232142831152305,0.174802428670227,0.527674840763211,0.00185295520350337,-1.44506554515101,-0.874333129730076,-1.0229835617356,1.18605097476393,-0.360981333302334,-0.329288459848613,0.554638170171529,0.849119783844799
0.476874717976898,0.161521550733596,-0.203414170537144,-0.465140180196613,-0.349520930089056,-0.129144544992596,-0.0835796613246202,-0.125614013895392,-0.0973055280279368,-0.178974295221269,1.37797386269085,0.231622186722234,-1.24538323539309,-0.0433540551457554,0.432833808241412,-0.236499815946445,-1.35777618410066,-0.575539837824181,1.06857197382487,0.767109469743446
0.226772370981053,-0.224313791608438,0.0926745992619544,-0.291090914746746,0.368317203596234,-0.294370805891231,-0.0237453636713326,0.218351419642568,-0.0980121488682926,-0.0955967858433723,0.943717458285391,1.45512493187562,-0.584603633964434,0.488982698181644,0.214445588411763,0.858469744445756,1.48152979463339,0.785909074824303,-0.195816055638716,1.26348521257751
-0.486304029356688,-0.343614423647523,0.121164456475526,0.291059988085181,-0.279390026116744,-0.207741363951936,-0.00653446940705182,-0.0633780971635133,0.270775901293382,-0.239992749178782,1.29019787348807,1.03757773828693,0.497221080819145,-1.48207234335132,0.594612115994096,-1.08142834366299,0.417106047039852,0.319120910251513,-1.49641527305357,0.631297799292952
-0.0875042793340981,0.361546041443944,-0.0613018616568297,-0.167276952648535,-0.175439525395632,-0.151756325131282,0.114496174268425,0.241465436993167,-0.0312978111673147,0.186308456026018,1.42725776438601,0.0818949288222939,-1.36623327992857,-1.3484508334659,1.11119127064012,-1.17284658271819,0.622287686448544,-0.850250360788777,-0.0901361550204456,1.23488000244834
0.0815790330525488,-0.463544233469293,-0.278488730546087,-0.0780150634236634,0.331863002153113,0.0946319132577628,0.014374518301338,0.0453117047902197,-0.0928150288760662,0.0748016736935824,-0.350716149201617,-0.243192498106509,-0.660824302816764,1.2866836048197,1.31338041415438,0.442857061279938,-1.37691664625891,0.30160641646944,0.530022846534848,-0.216942720115185
0.227210875134915,0.419113310985267,0.466188379330561,-0.30474989512004,0.123574420576915,0.210787283163518,0.0313919189851731,0.0125218980945647,0.100771418306977,-0.21836055200547,-1.33639653911814,-1.47439849097282,-0.193978166207671,-1.31887498218566,-0.24035682133399,1.13517189351842,-0.77283434313722,1.44611164508387,0.675067271338776,-1.08108019153588
-0.181892668828368,-0.0503203070256859,0.253165727248415,0.429204313550144,-0.344992121914402,-0.256235765945166,0.0670679736882448,0.180443003447726,-0.0549869283568114,-0.203373359749094,-0.106071584858,0.891438527964056,0.815171269699931,-0.41137010185048,-0.0316320271231234,-1.08088983083144,0.909745073877275,-0.376324643846601,-0.613312519853935,0.786987998289987
0.0418932875618339,-0.272638030350208,-0.453940104693174,-0.274010833352804,0.140518851112574,-0.242680174252018,0.281911835353822,0.100201185420156,-0.142023516492918,0.154836027044803,0.671132769668475,-0.490696626249701,1.28886707522906,-1.3288072119467,0.0264788931235671,1.41983239492401,-0.502178346505389,-0.216198493726552,1.41727382107638,-0.650745403021574
-0.240630713989958,-0.0557352006435394,-0.41510510421358,0.494153142906725,0.299506552750245,0.102613391540945,0.0485533575061708,0.180698258103803,-0.229888157593086,0.110891131265089,1.04496251069941,1.40831555379555,-1.49406789732166,0.428955062292516,-1.22100455523469,0.904636095743626,0.0348832430317998,0.725965363439173,-0.7647844995372,0.30362903047353
-0.0316029184032232,-0.132991122780368,-0.288395045092329,0.443700644653291,0.019289064919576,0.102688195975497,0.139398969803005,0.0956034445669502,0.208101410418749,-0.00455205473117531,0.191871763207018,1.10892519867048,-1.14442235883325,-1.01907938998193,1.33122888975777,-0.497379653155804,0.256603537593037,-0.990356003399938,-0.0162436498794705,-0.3450381627772
-0.177825777092949,0.312922881450504,0.199821380665526,0.132348616607487,0.274111447390169,-0.191382983699441,-0.0638033593073487,0.237841607350856,-0.225561070628464,0.282030492648482,1.17532057338394,0.763460430549458,0.416393522405997,-0.303791528334841,0.98918457236141,-1.30888864095323,1.41503082867712,0.570160451112315,0.605792680755258,-0.310393904568627
-0.316365213133395,0.118547553895041,-0.44701368897222,0.168930001789704,0.0262562471907586,0.130546028539538,0.179016421269625,-0.00879354542121291,-0.263438111403957,-0.0441471536178142,0.884472843026742,-1.4803087329492,1.11175331496634,0.41697416966781,1.19756159861572,1.40666302386671,-1.37401039036922,1.46457554306835,0.606992760440335,-1.15044760261662
-0.370800385484472,0.150133456103504,-0.0540891159325838,0.19863068126142,0.490891680354252,0.29450395856984,0.236087254900485,0.287501152977347,0.153671451006085,0.248654230032116,-0.159289584495127,-0.875066352076828,0.356240023858845,0.559006408788264,-0.906621537404135,-0.517539842287078,-1.36550392233767,-0.599900939036161,-0.0564592725131661,-0.732635437510908
-0.0868531435262412,-0.0781409849878401,-0.354645701125264,0.0271398506592959,-0.418029570952058,0.0794599644374102,0.0179644457995892,-0.169093914655969,-0.233580908412114,-0.161778223514557,-0.688331035198644,0.454488199437037,1.44136205292307,-0.338601941708475,-0.771677778800949,0.364747047889978,0.710239537758753,0.574921045918018,-0.847594993421808,0.459511659806594
-0.204454435966909,0.407975918147713,0.298280431190506,0.260660548461601,0.0786584969609976,0.0308616536669433,0.142279407056049,-0.146709850430489,0.0208884277381003,-0.18533557523042,-0.787521294085309,0.101914734346792,0.956408022902906,-1.49060515500605,0.454516558209434,0.776540792081505,-1.38143693679012,-1.21525705279782,1.1207886042539,1.41718733450398
-0.317569046746939,-0.463826663326472,0.391908582299948,0.418154577026144,0.311429674969986,0.138606254942715,0.190788559801877,-0.12860825099051,-0.239892060868442,-0.164632469415665,-0.974461359903216,-0.944441157393157,-1.06898035341874,-0.333356805844232,-0.330463339341804,-0.83849279070273,1.07628050842322,-0.0695706324186176,0.0195641205646098,0.133266317658126
-0.464839267777279,-0.0341791193932295,-0.351061574881896,0.347963672364131,0.0344889406114817,0.148845871444792,-0.267812457494438,-0.0800773079507053,0.0401602753903717,0.146863533323631,-0.790820984635502,-1.17548789642751,-1.13480539270677,-0.930657983059064,-0.919741920428351,-1.22788155195303,0.34165841108188,0.845872961450368,-0.861548117827624,-1.33831570716575
-0.139672240940854,0.277910420438275,0.382957469904795,0.117686909623444,-0.459243947640061,0.255989574780688,-0.0387922482099384,-0.17126019783318,0.128799685416743,0.0809193663764745,-0.235220334492624,-0.39823302696459,1.09451184631325,-1.4032438157592,0.897687761345878,-1.28005937556736,-0.459829953499138,1.25539345177822,1.09549666754901,-0.810018122429028
0.314102412434295,-0.419545170618221,0.311115569667891,0.361564804799855,-0.346280317986384,0.180662201251835,0.204544987762347,0.162027831142768,0.0794270605780184,0.282598634669557,1.30824627843685,-0.266386391362175,-1.29287088057026,0.987791574094445,-0.427660384448245,-0.638163180788979,1.47223545354791,1.02745525189675,0.474449678789824,0.878586855484173
-0.334038584725931,0.335120852105319,-0.203366666799411,-0.190133043564856,-0.421329709934071,-0.202594001870602,0.243365703430027,-0.118343029730022,0.256431811256334,-0.2987930491101,-1.42432513763197,0.591091577662155,0.924921504920349,0.782386627513915,-0.477405186044052,0.0162499314174056,0.402850970858708,0.743422847706825,0.24474982637912,-1.2976048188284
0.461864606011659,-0.308571212692186,0.15993940201588,-0.423747236607596,0.468692760914564,0.277884147595614,0.0908905460033566,-0.0505933395121247,0.206806869339198,-0.0816348731517792,0.395859997719526,0.492384798824787,-1.10377997509204,0.194662539521232,-0.486205459339544,1.27463598106988,0.752096696058288,1.3901368228253,0.14271779358387,-0.437994125531986
-0.0765987678896636,-0.129468771629035,-0.457871113903821,0.158914265688509,0.324766515288502,-0.185798618942499,-0.24293691823259,0.195033905329183,-0.0407922150101513,0.159212886868045,-0.982042768970132,1.03429404529743,0.572514072759077,-0.766059389803559,1.00936024216935,0.583300686674193,0.313886860152707,-0.159709598170593,0.400260169990361,-0.307137756608427
0.197173954918981,-0.113268016371876,0.26292267581448,0.120532397646457,-0.464162830496207,0.271744402544573,0.0234615244902671,0.252686051046476,0.0394780326168984,0.142311751842499,-1.08683385746554,-0.606217062100768,0.0602123206481338,0.409236908191815,1.24964105710387,0.316359492950141,0.705611453158781,-0.955836236709729,-0.598906628787518,-1.27885598852299
0.31239525671117,0.446747336536646,-0.212820211192593,-0.342592435656115,0.24652823060751,0.194000988593325,-0.0349918033462018,0.297184264892712,0.240976642398164,0.192680063936859,-0.654594616731629,1.11429478693753,-0.0764618832617998,0.767297686077654,-1.06964778061956,-0.923316916683689,-0.803889844799414,1.42011716030538,0.110947539797053,0.303900277940556
-0.203150409972295,0.159498790744692,-0.114866961725056,0.137662846362218,0.341106169391423,-0.0696338192559779,-0.101950684050098,-0.0791840482503176,0.0925006284378469,-0.113904848182574,-0.549982728436589,-0.150726579129696,-1.45300432853401,-1.33076276723295,0.466577560873702,0.758212622255087,0.296484179561958,-0.873673339141533,-1.47033662069589,0.144363594939932
-0.152698323363438,-0.120212348178029,-0.41540148248896,-0.427588360616937,-0.0407712247688323,0.240787883475423,-0.199786080094054,0.125714855315164,-0.15589826144278,-0.148500182060525,-1.44671523291618,-0.305148360785097,0.728386944858357,1.42457356955856,0.473156303633004,-0.603305881842971,0.341535477899015,-1.40161649580114,1.49108257633634,-0.828605145681649
-0.381420352496207,0.487101312028244,0.172514878446236,-0.00422027870081365,-0.274941363371909,-0.289190896321088,-0.151361558027565,0.256294095469639,0.184753735782579,-0.183479845477268,0.101659201551229,-0.445851464755833,1.13206845056266,-0.515670287422836,-1.08848421927541,-0.480085632065311,0.114528814796358,-0.410371670499444,0.218182810116559,-1.38094644877128
-0.420789586612955,0.379358722129837,-0.304557140218094,-0.43126255646348,0.0349942976608872,-0.221335212746635,0.289598022960126,-0.152965678134933,0.249177302001044,0.295289952121675,0.800361337373033,-1.16023010574281,-0.418271322268993,-0.384296076139435,-1.20395084260963,-0.689522005151957,-0.389293457614258,0.764288420090452,-1.31855238159187,-0.257915334077552
-0.303961264435202,0.151437873486429,-0.290679876459762,-0.334763098275289,-0.347442172700539,-0.176687875203788,-0.253093980252743,-0.2929772073403,0.260465418314561,-0.0903844053391367,-1.17348818457685,1.21720815519802,-0.982784802094102,0.549891017144546,-1.35028412682004,-0.607989330310374,0.363238704157993,-0.852788492571563,-0.403449193574488,-0.0624928716570139
0.268407791852951,0.184680517530069,-0.0869563561864197,0.243809426669031,-0.0983791861217469,-0.033038669032976,0.268332015210763,-0.297501414595172,0.266331373108551,0.270541821420193,-0.65706410841085,0.474128241883591,-1.16046888451092,1.3709880032111,0.22714478848502,0.0340344286523759,-1.30311903194524,-1.48497626627795,-0.942458888981491,-0.239676626399159
0.00245522893965244,-0.0636576828546822,0.49695040169172,0.181216777767986,0.189626893494278,0.239006105158478,-0.0323421799577773,-0.131227220920846,-0.248733459273353,-0.110301368264481,0.339477426605299,-1.29140758118592,1.30032979510725,-0.895980260102078,-0.545736755244434,0.615294763818383,1.27303111553192,0.870032601524144,0.338468816131353,-0.586181060643867
-0.357272187015042,-0.148670021211728,-0.468643810832873,-0.248485053190961,-0.29184084199369,0.0198292669840157,-0.163997043203562,0.298793024523184,-0.0633154413197189,-0.165209105797112,-1.42092864727601,-0.186569316778332,0.424877695273608,0.190773701062426,-0.154126450186595,0.543908869614825,0.764364945469424,1.15505307773128,1.03445154265501,0.0805563053581864
0.488867492415011,0.0545170800760388,-0.423047691117972,-0.0337960321921855,0.266693510813639,0.092782821552828,0.287740194238722,-0.128723052190617,-0.00357374860905113,0.275699590193108,-1.25551171973348,-0.86698137014173,-0.342597088543698,0.814925744198263,0.476714487886056,0.366039304761216,-1.13590427767485,0.261026604333892,-0.63118359236978,0.65108684473671
0.113190225092694,0.0677096873987466,-0.0103190040681511,-0.359263277845457,0.264981025131419,0.295980990445241,0.201237375056371,0.243574317265302,0.0318157152738422,-0.177376140095294,-1.3335336309392,0.0516223751474172,1.11726189404726,1.34613970736973,1.38098823954351,-1.10216307803057,1.16992454230785,0.626698972424492,0.734187717782333,0.827444703318179
-0.399166997754946,-0.118582613067701,-0.320548633579165,-0.422529245959595,0.371305123204365,-0.244019754230976,-0.108276722067967,0.299585794843733,0.077166502783075,0.00344904377125205,0.0357690195087343,0.344790450995788,-1.04364658123814,1.33394632441923,0.80169061711058,0.490617060335353,-0.476739533012733,-0.589398380136117,-0.288798925001174,-0.490667619276792
-0.377384734805673,0.328432609327137,0.0284469989128411,0.285683346679434,-0.470569408731535,0.0506842623464763,-0.194985826313496,0.124850116856396,-0.0809057749807835,-0.272635671542957,0.387732103234157,-1.46963168866932,-0.358897352591157,1.08989317179658,-1.28161253314465,-0.103365516057238,-0.110348262358457,0.625205259304494,0.684107744833454,-0.905269470764324
-0.0763951065018773,-0.13550822227262,-0.0395370437763631,0.263773223850876,-0.0774215376004577,-0.128835336165503,0.273658705456182,-0.115894886339083,-0.212604240886867,0.287823998602107,0.16557011869736,-1.4748954763636,1.07410191628151,-0.19614950241521,0.346447447082028,-1.24286398314871,-0.954594349488616,1.30629517743364,-0.797594886738807,-0.74067499791272
0.208992552943528,0.337842928478494,-0.00809514080174267,-0.451788259902969,-0.327906332211569,0.243441167520359,-0.0183338516391814,0.273392844200134,0.0456206845119596,-0.277237400226295,1.48290791991167,0.239797336282209,-0.532922045560554,0.50230291695334,-0.34558008145541,0.517862412147224,-1.3313756226562,1.35721436608583,0.718194181798026,1.47897445340641
0.128963821800426,0.232256655115634,-0.46978627378121,0.0305167981423438,-0.307457295246422,-0.111665859539062,-0.291137120313942,0.150731720309705,-0.00916013116948305,-0.0202303532045335,-1.36640963377431,0.783175323391333,-1.45672400970943,0.0738470416981727,-0.335828370647505,-0.748303180094808,-0.394265161128715,0.738822876708582,0.175874629290774,-0.795291465008631
-0.100090030347928,-0.0250316080637276,0.0228647368494421,-0.00667526503093541,-0.311958152335137,0.164595545874909,-0.268581130402163,0.0034171782899648,-0.254099254170433,0.00680024293251336,0.479139278875664,-1.36076255352236,1.38202855177224,-0.263930248562247,0.396205158904195,0.326824674848467,-0.37678309972398,-0.380143396323547,1.44174075429328,-0.180744914570823
0.461160725681111,0.203395354328677,-0.0521544236689806,-0.088317921385169,0.328015684150159,0.00800724648870527,0.101641548005864,0.190323352720588,0.094429790508002,-0.149390629772097,-0.647139847045764,1.19570526410826,-1.20775825367309,1.24951128149405,1.17891489272006,-0.106540472712368,1.05321027687751,0.189937847899273,0.515928553417325,-1.00245095905848
0.433678747853264,-0.107403299072757,0.462371342815459,0.030636070528999,0.267649210989475,0.213597637368366,-0.298198364814743,0.194902994669974,-0.297786454064771,-0.107986703887582,-1.48610641504638,-0.402717052493244,0.118778485804796,-0.953028972493485,0.777667108923197,0.844381996896118,-0.366141938371584,-1.42520243162289,0.129732327768579,0.674989216960967
0.0391562981531024,0.303564707515761,0.192980726715177,-0.0992783561814576,0.0197076054755598,-0.174197401804849,-0.129330384777859,0.289538731472567,0.124987188354135,0.231450477428734,0.831422740593553,-0.106879852479324,0.545418216381222,-0.921925293048844,0.449014116078615,0.590857212664559,1.04451464675367,-0.0891002342104912,0.258867171825841,1.13946550735272
-0.00818895571865141,-0.020842150086537,-0.362137622199953,-0.162131942808628,0.346074774628505,-0.0956873127724975,0.0514830750413239,0.113965726643801,0.0515394698828459,-0.254109021322802,0.657423414755613,0.807501826202497,0.576217675348744,-1.0015312617179,-0.690507700201124,-0.995291815605015,-0.0804128365125507,1.36645308206789,-1.18122817995027,0.788702990859747
-0.105170852039009,-0.0835014036856592,-0.0255385416094214,0.231642381055281,0.179748401045799,-0.138605239056051,0.138127592811361,0.0986963344272226,-0.223872061818838,0.211975793726742,0.868882197188213,-1.04261122201569,-0.100130409467965,0.574259249959141,0.54281034017913,0.820237294072285,-0.777153991861269,-1.46635205880739,1.44686134066433,0.102658940479159
-0.480031705461442,-0.0571523099206388,0.0811022999696434,0.395078340079635,-0.497040180955082,0.00201424998231231,-0.0967384899035096,0.046623086091131,-0.13912344770506,-0.100065461313352,1.26098890649155,-0.576615604106337,-1.09962329920381,-1.20630469406024,-0.54793116194196,-0.693707032129169,1.48250623326749,-0.561643455410376,-0.687923606252298,0.550095298094675
-0.397532339440659,-0.328633481170982,-0.149473503232002,-0.492416993016377,-0.0720714442431927,-0.127863231534138,-0.231496322248131,0.111007720464841,-0.275433351751417,-0.29726427490823,1.41003419179469,-0.437122017145157,-0.108319982187822,0.0132952574640512,-0.691327062668279,-0.960577610414475,-0.760470711160451,1.40630698646419,1.01724607497454,0.423929939512163
-0.322862315922976,-0.0272559956647456,-0.455026121344417,-0.45442615984939,0.0180021638516337,-0.0637982441112399,0.0150547326542437,0.140684232534841,0.135414214851335,-0.281988758454099,1.24317835061811,-0.839717482449487,0.393210266483948,-0.861740059219301,-1.46263639465906,-0.479615030810237,0.412132304627448,1.09270171984099,0.0115630191285163,-1.41495218127966
-0.0528631021734327,0.469899658113718,0.233731969725341,-0.164541403530166,0.305633283220232,-0.0903503505047411,-0.163857883075252,0.0800771822221577,-0.17036348618567,0.0185983758419752,-0.751792826224118,-0.439722001785412,0.83646380295977,0.118997467914596,0.78609004849568,0.24381744582206,-1.02468880615197,-0.330796400550753,-0.393601512769237,1.0476447113324
0.463594143744558,0.296091979369521,0.0333914742805064,-0.0516879088245332,0.355273903813213,-0.122218777053058,-0.133616900676861,-0.048538653133437,-0.281527532357722,0.2783141404856,-0.876166083617136,1.43201348651201,1.27224165899679,0.803092927671969,-0.235580159816891,1.01607992872596,0.680547623662278,-0.251494858413935,0.432264689588919,-0.162826644955203
-0.143795077688992,0.23972753318958,-0.170461063273251,0.104408497922122,-0.252056862926111,0.0179266167338937,-0.223425254411995,-0.29065985600464,0.183032052777708,0.108999917143956,-0.0505791425239295,0.897389341145754,-0.467516635078937,0.0355057516135275,0.292223948054016,1.18122285394929,0.68348317919299,0.796594092389569,1.07704666117206,0.345255309250206
-0.0824181349016726,-0.159713174914941,-0.141427831957117,-0.0384995264466852,0.0981242617126554,0.0136280046310276,0.110813792143017,-0.233693961845711,0.201551659265533,0.0880045718047768,1.45836021378636,0.110638100188226,1.23113286076114,0.424578752601519,-0.313301035668701,1.20036552543752,0.212098867865279,1.0674042860046,-1.09621468512341,0.231081097852439
0.0775144668295979,0.405289022717625,0.06785310478881,0.122103797271848,0.49138169712387,0.0739607086870819,0.117588485078886,-0.248833970166743,0.0332155804149806,-0.268257506377995,-0.417947438545525,-0.191774584818631,-1.12403352046385,-1.2941273690667,-0.283890146529302,0.879039203049615,1.39097328227945,0.826592407654971,0.30406372086145,1.43461805325933
-0.211566845886409,-0.455326964845881,-0.286539885215461,0.326943707885221,-0.274969698162749,-0.154306257935241,0.0281645353417844,-0.212720252154395,0.164131035329774,-0.0773447506595403,-0.917223055148497,-0.701523831579834,1.31544970907271,-0.240454256068915,-0.925299590220675,0.947629887610674,0.685691861668602,0.679912578547373,-0.240785611560568,1.18905133288354
-0.156823738012463,-0.0445274689700454,-0.135599355213344,0.369934873422608,0.284900844562799,0.155473210942,-0.073513956181705,-0.210512328660116,-0.166437801579013,-0.265056655788794,-1.13637395692058,-0.312718575820327,-1.39180819317698,-0.697426730766892,0.66629949468188,1.03617159929127,0.551368949236348,-0.635404985630885,-0.532236703438684,0.413896377431229
0.421695177443326,0.122862652875483,-0.320106442086399,-0.26612963876687,0.108378919539973,0.128196085430682,-0.25765413637273,0.197310525504872,-0.0397617464885116,0.280227541085333,1.02452630968764,0.937992003047839,0.0952167429495603,-1.33709222590551,-0.354211854049936,-0.328027241164818,-0.262136508710682,0.2688471483998,0.627995398594067,-0.284370373003185
0.463380498811603,0.401945194927976,-0.0594443988520652,-0.218513043131679,-0.00826428458094597,0.195013486174867,-0.259652649331838,0.098435144405812,0.164205361576751,0.100733312917873,0.011847818037495,0.541869969572872,-0.43688426236622,-0.132722185458988,0.246243539499119,-0.628824670566246,0.841650719521567,-0.588352891383693,-1.05083001614548,1.14865432376973
0.448289541527629,-0.31068521621637,-0.0426706217695028,-0.401919337920845,-0.454164751572534,-0.0440936667378992,-0.296578217949718,-0.0883888380602002,0.285351627878845,0.0389463402796537,-0.424770791782066,0.461060576839373,-0.579459150787443,-1.17119918949902,-0.453758576419204,1.14274727529846,-0.39464461687021,-0.255811917129904,0.986871953587979,-0.239833854138851
-0.486121274763718,0.463389975484461,-0.459574926644564,-0.344890707870945,0.415734716923907,0.0919699016958475,-0.196734965080395,0.290288035618141,-0.0777448288165033,0.241461057867855,0.179419071413577,-0.454446364659816,-1.36299565178342,1.36429243348539,1.46759047172964,0.775309392716736,-1.37348382314667,-0.824365477077663,-1.40040106116794,1.1246809840668
0.351553144399077,-0.229079650482163,-0.0145145824644715,-0.152308625401929,0.452438147040084,0.243042312981561,-0.00312155806459485,0.000264489557594061,-0.127237809961662,0.230453447112814,-0.826571573037654,0.0903280649799854,-1.30375483282842,0.597018382279202,-1.44607051718049,-1.41057490347885,1.28239382919855,-1.36479014880024,-0.757742734160274,0.0807597585953772
0.207880633883178,0.0650825169868767,-0.288174975430593,-0.137948667397723,0.280897900927812,0.0298661107197404,-0.119105966482311,0.0228089484851807,-0.0898471789900213,-0.167129507800564,1.12329571112059,0.257364591350779,-1.31908275000751,0.890410873107612,1.31275280169211,-0.330003800801933,-0.784006746020168,-1.03323520277627,0.772789012407884,-0.932758495677263
-0.47816608287394,0.423404013970867,0.0232088519260287,-0.339858199004084,0.0189491147175431,-0.101224480988458,0.0726093584205955,0.0352962962351739,0.177421077853069,0.164550574868917,-0.232127729337662,-0.555087678367272,0.616561251226813,1.30936313280836,-1.30430888920091,-1.29396684234962,-0.288207680219784,-0.235077126184478,1.00812100153416,-0.912118585780263
0.494275675388053,0.168937086360529,0.104793711332604,-0.300747135188431,0.00989103992469609,-0.268233242025599,0.227236492652446,-0.167200236953795,0.0363520190119743,-0.116227336646989,-1.36896320292726,-0.113713785074651,-0.101395394420251,-0.914173276629299,1.26358302170411,-1.38053364562802,1.06621508463286,-0.924798472551629,-0.779947856906801,-0.326973228016868
0.323888052720577,0.152374016586691,-0.21041812421754,-0.218209364451468,0.0400892710313201,-0.040180626232177,0.200684727961197,-0.0240597635507583,0.195052554085851,-0.165265423385426,-0.675311353756115,0.381894506514072,-1.26605120650493,-1.07144319615327,-0.337545447517186,1.29745713458396,-0.382897436153144,-0.790648182621226,0.614103014348075,0.669284461531788
0.106299976119772,0.125829800032079,-0.211896230001003,-0.484267112798989,-0.144357262179255,0.155481220269576,-0.180656148120761,0.252840769803151,0.200122273340821,-0.220462405448779,1.20410600909963,-0.853976654587314,-1.07316580158658,-0.465031336527318,-0.959901626687497,-0.641789277317002,-0.285437261452898,-0.229135662317276,-0.233585238922387,-0.454844146035612
-0.239925782661885,0.426250935997814,0.270815396681428,0.10755346599035,-0.212261800421402,0.209388517169282,0.039239185815677,0.287689658207819,0.112443169020116,-0.198669158108532,-0.0151287380140275,-0.10805592359975,-0.288921139435843,1.12083791638725,-1.36650210712105,1.04484675033018,0.331158820772544,1.15428385720588,-1.23430035822093,0.96944557595998
-0.0576337412931025,0.340289174579084,-0.434664881788194,0.187669235048816,0.0118727528024465,-0.0520285551901907,0.109066073969007,-0.258350476529449,0.168655368871987,0.28483540895395,-0.211169307818636,-0.266130778938532,-1.32015319727361,-0.256477292161435,0.321206959197298,0.608109765686095,-0.466433640103787,-1.14011183730327,-1.20989222475328,1.03704103315249
0.37548575992696,-0.1801974021364,0.0830882135778666,-0.0319451212417334,0.202190747717395,0.291025477973744,-0.0761493669357151,-0.189253980573267,0.2818212475162,-0.0399335696361959,-0.453243761323392,0.867427045712247,-0.0526288880500942,1.41679240646772,-0.23212002357468,-0.612085130531341,-0.80300924484618,-0.430370626738295,-0.984023721423,1.24043462472036
0.487322858534753,0.397520235739648,-0.337453948799521,0.267518924316391,-0.420052212430164,-0.161205656267703,-0.010969411348924,0.208233579341322,0.245169581612572,-0.0523051127325743,-0.128603343386203,-0.556393955368549,-0.794503218261525,1.15962231997401,-1.41835008887574,0.727856216719374,-0.762178894132376,0.366861404618248,1.31375854904763,0.0990571584552526
0.430661604041234,0.288663886487484,0.401337585877627,-0.156514298403636,-0.102469511330128,0.233799488609657,-0.0376652545295656,0.229339993558824,0.129722473584115,-0.209977371711284,-0.725826540961862,-1.01267579686828,0.694252159679309,-0.932932116324082,0.204441344831139,1.24269953859039,-0.483522468013689,0.778064999263734,0.418368684360757,0.702227363130078
0.0451735132373869,0.0573106925003231,-0.453922687331215,-0.394498313311487,0.100574379088357,-0.238714946480468,0.177960960287601,0.0970318105537444,-0.12583290701732,-0.104810915468261,-0.229828256880865,0.554079284425825,0.930154931265861,1.20024248887785,-0.754489019047469,-1.46243395493366,1.03581784525886,0.137088194489479,-1.19586758315563,1.47870475240052
-0.166662029456347,0.309655216522515,0.276234123390168,-0.124471986666322,-0.4188885060139,-0.0103290015365928,-0.101513506891206,0.131300083268434,0.0902076006866991,0.121477619139478,-1.24885063595138,1.07003942574374,1.0311892235186,1.32956279022619,1.00985939148813,1.19770071166568,-0.431140756700188,-0.538355448050424,-0.0877445004880428,0.486011755652726
0.033935108454898,0.242507455172017,0.17839755024761,-0.308770325966179,0.451419410761446,-0.192881915951148,0.235012624086812,0.150984971411526,0.298197222780436,0.151024269126356,-1.16234944760799,1.12557754665613,-1.25577336642891,-1.30719787976705,1.19354424672201,1.20288658956997,1.27899286779575,1.35098178475164,0.532019233563915,0.937999041052535
0.132576516829431,-0.0519250801298767,-0.0880016037262976,-0.0981501862406731,-0.380050612846389,0.216284739598632,-0.116688103275374,0.0242833464872092,0.0191308326087892,-0.00806966624222694,-1.27003168431111,-0.3229016487021,-1.34894029400311,-1.14778449526057,-0.936407253379002,-0.95902182161808,1.23655760334805,-0.0844821142964065,0.759438529377803,0.740672893356532
0.0247130412608385,0.410047261975706,-0.215730122057721,-0.422150178579614,-0.284147224389017,-0.117122386163101,-0.0824140076525509,-0.255454271100461,0.227172403642908,0.0254515880718827,-0.926462478702888,-1.08344327495433,-1.08460079762153,-1.42220096080564,1.31959084840491,0.833462502574548,0.453035967657343,1.01464536320418,1.46669215732254,-0.954822712345049
0.390071195317432,0.406366854673252,0.225416342495009,0.00672493642196059,-0.241782101336867,0.108210491063073,-0.204524655640125,-0.253273810073733,0.291055448446423,-0.0521947223693132,-1.03763369098306,0.600940921576694,0.667984028812498,0.441306691383943,0.506868443917483,-0.915518454741687,1.34217484854162,-1.02209743950516,-1.29796620248817,-1.24045797460712
0.450123654678464,-0.469514311291277,-0.1800205653999,-0.0704523781314492,-0.101915616774932,-0.221655867481604,0.0474958206061274,-0.124709055991843,0.288588757161051,0.0273145671933889,0.318910915637389,1.00384524883702,-0.69741542218253,0.286923682317138,-0.555382071062922,1.04524934920482,-1.06609479733743,-1.39642501948401,-1.34793592058122,0.0747412454802543
-0.271539911394939,0.0388373902533203,0.461785499472171,0.303953461581841,0.434411488240585,0.0545709364581853,-0.096058511082083,-0.122345489356667,0.0688716216478497,0.188953049713746,0.255966858705506,-0.335836510872468,-1.48648503469303,0.0488820970058441,-0.483167664147913,0.207554526161402,-1.18697340739891,0.0649303004611284,0.169780423399061,0.658668447285891
-0.0534944809041917,0.264217097079381,-0.400526835117489,-0.131461723940447,0.0253433452453464,0.157809877675027,-0.23630885342136,-0.0464755891822278,0.19670147029683,-0.209248022781685,0.956364293117076,-1.32714781234972,1.2295171727892,0.88016518112272,0.355684872949496,1.39948319387622,-0.441097742412239,0.774231728632003,0.249510753666982,-0.0180655710864812
0.328332863980904,0.249637519242242,0.388122525531799,-0.410873794229701,-0.216919476632029,-0.201815576059744,0.0652477991301567,0.0791221368592233,0.171634568553418,0.265727335307747,0.56560170929879,1.46181333088316,-0.803299181163311,-0.258466398110613,-0.253633582731709,-1.43363706464879,-0.455331397941336,-0.0300251638982445,-0.765422000549734,-0.539575396338478
-0.154651180841029,0.0783674600534141,0.409300104249269,-0.305927334586158,0.278725363081321,0.248220939282328,-0.169098326470703,-0.074329874664545,0.0726692212745547,-0.261032343981788,-0.494237300008535,0.961802608100697,-1.46037482167594,0.396174782887101,-0.498084235237911,0.846290219575167,0.974060368956998,-0.229883835185319,-0.108050161739811,1.07650007447228
0.221419210080057,0.262621430214494,-0.199995271163061,0.196618672693148,0.354399835923687,0.0288506772369146,-0.13470243033953,0.145574568165466,0.0205262146890163,-0.153136229887605,0.220356352860108,-0.796950244344771,-0.435384520562366,0.932580436114222,1.30841660639271,-0.468621960142627,0.614051353884861,-1.04549767076969,-1.08528137952089,0.65139403520152
-0.301735437707976,0.492484966060147,0.404074809979647,0.0948914082255214,-0.442946204217151,0.0692681013140827,0.215046490263194,-0.0945899544283748,0.0785659654531628,0.245257769711316,0.171433140523732,1.27147787972353,-1.21983551024459,-0.631567039294168,1.33690875791945,0.232875427231193,0.151404432021081,1.05783369205892,-1.22910971450619,0.238032217836007
0.090551738627255,-0.466606820933521,-0.102831512922421,-0.226445939624682,0.179452035110444,-0.266448301216587,0.106480919569731,0.223679509665817,0.0801466296426952,-0.186457532085478,-1.17573095695116,-0.671417002100497,1.14913795958273,-0.297058783471584,-0.591122425859794,0.805062012048438,1.37202950916253,0.497707953443751,-0.736195451114327,0.164298611925915
0.411600168095902,-0.390557544538751,-0.0206039438489825,-0.450251831905916,-0.14562070555985,-0.0552893316373229,-0.293214203557,-0.215158705785871,0.0532607238739729,0.215393928391859,0.548505692509934,-1.31188906054012,-1.24261225503869,-1.17604930442758,-1.01387743279338,-0.977934321854264,-1.36435047117993,0.877286900533363,1.48628721549176,-1.14303519017994
-0.349371415097266,0.216780804563314,-0.356466345721856,-0.088907171972096,0.00571217248216271,0.22824729764834,-0.0718721682205796,0.0774936150759459,0.284739790437743,-0.284855229081586,-0.0522924580145627,0.570764886215329,0.194676710525528,0.139191693160683,1.26160467322916,-1.31992800696753,-0.773562914226204,-1.05454376153648,1.10834460798651,0.512637092499062
0.444453538861126,0.342628230107948,-0.333147866884246,0.257163492962718,-0.24685521167703,-0.156912522995844,-0.208461921103299,0.17345462157391,0.0271668844856322,-0.0824771443381906,-1.0421661674045,1.03876457805745,-0.889657550957054,1.14521319838241,1.03107412182726,0.925947614712641,0.882445274619386,-0.716574718477204,0.298293778672814,-0.867830980801955
-0.398296006722376,0.325987137621269,0.00902452366426587,-0.288859621388838,0.344362313859165,-0.00204536318778992,0.185579970292747,0.0953562749549747,0.133058125013486,-0.102728580823168,-0.410382157657295,-0.734066443517804,-1.20975824980997,-0.54567085322924,-0.67000750056468,-1.18033726606518,1.24499197024852,0.0143034174107015,-0.348971932427958,0.659117923351005
0.048426398774609,-0.384908526437357,-0.0577241736464202,0.13893314357847,-0.26822558324784,0.0925228038802743,-0.266182492207736,0.245212404197082,0.0959909254219383,-0.148206131206825,1.09935705503449,1.45309132291004,1.43251782353036,0.890659844968468,1.12922938819975,1.21924614231102,1.38248724583536,0.769162206910551,-0.738766505615786,-0.00248080026358366
-0.398774831322953,-0.219560329336673,-0.0834118460770696,0.0253134993836284,0.174806419759989,0.0948262740857899,0.0875236712861806,0.0866702988278121,0.151746804686263,-0.182857929635793,0.432665519881994,1.34018165571615,1.17826133826748,1.41538852918893,-0.27101428178139,0.773311238503084,-1.09699230082333,-0.932585443602875,-0.682317428290844,0.426083515165374
-0.121604789746925,-0.10958321695216,-0.23748126369901,0.00477249547839165,-0.43259840644896,-0.206525172153488,0.294450027588755,0.229352940805256,0.260510724596679,-0.0111496655736119,1.33202772913501,1.18554916488938,-1.10774907586165,-0.00553675694391131,-0.667268766788766,0.612840371439233,1.02188315335661,-1.13405397115275,0.668363375589252,0.84039102634415
0.369955807225779,0.12109284196049,0.15689975884743,-0.476247865706682,0.255637158639729,-0.134359424840659,-0.28753251763992,0.244287892011926,-0.00387006830424069,-0.289691944280639,0.817669349256903,0.465583581710234,-1.06107255583629,-1.48388419230469,0.666413827333599,1.18774135038257,1.267323307693,-0.534165076911449,-1.21553241088986,0.373419789830223
0.350293055875227,-0.16831048601307,-0.254668636014685,0.198573827277869,0.373988877749071,0.179263213276863,-0.089464607834816,-0.10177319906652,0.157050169911236,-0.0858325164299458,0.437490676995367,1.49891774891876,-0.496053274953738,-1.39644815423526,-1.07702128146775,0.319877770263702,-0.69081280566752,0.92625654861331,-1.24274755851366,-1.33909899182618
-0.395971220685169,0.055236913729459,0.487559256376699,-0.0892834621481597,-0.192022410687059,0.287924605747685,-0.221712286351249,0.196937784645706,-0.101284102723002,-0.0682325490284711,1.44264209386893,0.144155164249241,-0.890135060995817,0.772225164575502,0.867257511243224,-0.0215158516075462,1.37188909901306,0.045307878870517,0.0294374884106219,1.47162652644329
0.213943751296028,0.478742126608267,-0.409038394223899,0.182293643942103,-0.21229056478478,-0.294763097679242,0.137306850263849,0.0828282319474966,0.0563737807329744,0.0640487928874791,0.232688158052042,0.761001541977748,-0.253955523949116,-0.20270910509862,-0.664139979053289,-1.23876966023818,0.170584976440296,-1.48804442631081,0.383355672704056,1.29784813011065
-0.0968820885755122,-0.465838237199932,0.314032209571451,-0.444060790352523,0.0028230776078999,-0.115268633700907,0.00568863674998282,-0.0354520061518997,0.0824554958380759,0.133674026560038,0.528052146546543,-1.28382564266212,1.00401078932919,0.433864903170615,0.598890764638782,-1.47120497608557,-1.23767687100917,-0.800046600401402,0.0637239140924066,1.44035387132317
0.312471557641402,0.204619919182733,0.0636073700152338,-0.44753013830632,0.297699434682727,0.25210389001295,-0.0241744411177933,-0.0164034753106534,-0.0546486745588481,-0.279839521832764,1.35960399988107,1.41596274543554,-0.091510018100962,1.05058088083751,-0.0980687336996198,-0.220243871212006,0.0114325659815222,-0.796124984510243,-1.43602877575904,0.582954414887354
-0.466522661270574,-0.414816452423111,0.325462614418939,0.436730180634186,-0.13355256896466,-0.226508610416204,0.0699014897458256,-0.145862771384418,-0.160651019448414,0.0495552497450262,-0.570984427817166,-0.957722454797477,-0.144317254191265,0.563421159284189,-1.18113721883856,0.865135666681454,0.365266306092963,-0.233563866466284,-0.848248242633417,0.0660201406572014
0.0283357333391905,-0.11746593285352,0.112966308603063,0.0740417735651135,-0.243340888991952,0.0178323400206864,-0.247194396704435,-0.240682317595929,-0.27169666942209,-0.178791767545044,-1.26503948564641,-1.45835805265233,-0.147838203236461,0.947294179815799,0.407854212680832,-0.408621100941673,-1.34924546722323,-0.359127326868474,-1.31070909672417,0.699053400428966
0.464805755997077,0.296995512675494,0.0634018189739436,-0.365130717866123,-0.0301619197707623,-0.0723694824613631,-0.236502382205799,0.111589666642249,0.198282175837085,-0.293144799442962,0.567891580983996,-0.0857530476059765,0.916412490187213,-0.756540659582242,-0.603415397694334,0.236675729742274,0.2769959801808,-0.347880946006626,0.867999973939732,-0.604692821390927
0.0925487470813096,0.137683760840446,0.151508311973885,0.018299417803064,-0.365605637896806,0.202789377048612,0.104678826173767,-0.0992770474869758,-0.0329988846089691,-0.0970588691532612,0.104577366029844,0.189291356597096,-0.702017603907734,-0.477853089105338,-1.30791321163997,-0.187911937013268,1.01901697972789,1.30690732668154,0.273180678253993,1.46329006715678
-0.065617699874565,-0.350284934509546,-0.0239905181806535,0.100003486964852,0.0940962871536613,0.173034655535594,-0.0547527492977679,-0.244964710436761,0.0356298075523228,0.169244931545109,-0.16870719124563,0.460004885215312,-0.978532992303371,-0.772795685799792,-1.04651774279773,-0.0476298029534519,0.360076666809618,-0.208975249668583,1.4963695127517,0.129095215117559
0.338695832993835,-0.448895490495488,-0.357191756600514,-0.0186250729020685,-0.496881894068792,0.043693491211161,0.251694612856954,-0.149667891673744,-0.201559977466241,-0.0648965919390321,-0.580466890241951,0.38343280297704,-0.758016254520044,-1.22833748627454,-0.764343503164127,0.633364771027118,-0.13835851312615,-0.55581505713053,0.539490956347436,-1.45197639637627
0.426434006774798,0.291643463540822,0.394995325477794,0.10500787361525,0.232981720240787,0.12579633006826,0.107139497296885,0.162057676585391,0.28878449331969,0.290846671583131,-1.08220260450616,0.716102804755792,-0.656251719687134,-1.03255272028036,0.431042798794806,1.19562209188007,1.38920990307815,-0.492304184474051,-1.3731114375405,-0.113497063983232
0.454488811548799,0.252060343977064,-0.128771803574637,0.458488018950447,0.0457216536160558,0.225471320841461,-0.275806634500623,-0.0213123786728829,-0.00703887529671193,0.297353066364303,0.561566337011755,1.49036418856122,0.523038041079417,-0.228838182985783,1.35996858193539,-0.720631258562207,0.544829152291641,0.403589721070603,-1.18203916889615,-1.06133317644708
-0.370079004671425,-0.0621733793523163,-0.049215629696846,-0.0543210860341787,-0.195428159087896,-0.191150113334879,-0.190001598699018,-0.0951630359049886,-0.0920450721401721,-0.211184120317921,-0.402044887421653,0.363062383839861,0.855144146829844,1.35556346504018,-0.196245894301683,-0.939795071259141,0.64261371223256,1.25647723604925,0.563527246238664,0.287813846021891
0.499668914126232,0.368949000490829,-0.105560044525191,-0.204323452431709,0.2847773602698,-0.05492605981417,-0.267015134263784,0.198200557334349,-0.147707842849195,-0.0394536327570677,-0.823385076597333,0.772572080371901,1.01326229120605,1.0511446937453,-1.1368306260556,0.155309074558318,-0.921785587677732,0.050422609783709,1.27968544769101,0.15695109567605
0.368866454577073,0.177810904802755,-0.293338546762243,-0.278023797785863,0.447694012662396,-0.190516048902646,-0.271888357819989,-0.0411000994965434,-0.195377859659493,0.135259512299672,1.22312564752065,-0.120780237251893,-0.714541766792536,0.162887482205406,0.478804864687845,-0.476157274330035,-1.40509847388603,-0.892841453198344,0.778090805048123,1.25448762648739
-0.415246361400932,-0.45019609038718,-0.147364741191268,0.389376073377207,0.225003250176087,0.00525151658803225,-0.202067836141214,-0.0602638949174434,-0.193758000573143,0.0774471540469676,1.19321354082786,0.820922379847616,-0.906151742208749,-0.361723810667172,-0.425869178026915,0.974984928499907,1.46966065443121,0.287404000293463,-1.44291839771904,0.63438418856822
-0.484042091527954,0.375899707665667,-0.157792856916785,-0.163548946846277,0.215754213742912,-0.0464187030214817,0.061302182637155,0.0287813818082213,0.131399026466534,-0.2527246220503,1.22202657954767,-0.0978542638476938,-0.661739106522873,0.0922423757147044,-0.877256458159536,0.604526475537568,-0.768267655279487,0.0684300572611392,1.18099043145776,-0.389950964832678
-0.106181802460924,0.122037142049521,-0.273910601623356,-0.0538811448495835,-0.191423457814381,-0.166078702546656,-0.160001676343381,0.275055434787646,-0.190695386007428,-0.25087252445519,0.217213758733124,-0.643750049639493,0.529705043882132,0.363758857827634,0.250320711638778,0.0513597973622382,1.45423600450158,-0.320096236187965,1.12963376753032,-0.0602627643384039
0.0883843484334648,0.41161455726251,-0.115078932838514,0.495304032927379,-0.249020512681454,-0.291737264720723,-0.00870822072029115,-0.117666610563174,0.233205747837201,0.211173612903804,0.293322854675353,-0.432766962563619,1.07180265127681,0.59439885453321,0.171976477140561,0.22893917793408,-0.638911746907979,-0.841729154577479,-0.801360533572733,-1.07116606947966
-0.222365041496232,-0.0760867483913898,0.246811794349924,0.372554177185521,-0.3386738342233,-0.259549794020131,-0.10328640891239,-0.0918144977185875,-0.200236375071108,-0.151115701720119,1.30230398126878,-1.02496966556646,0.954958714311942,0.0267509934492409,-0.453744438942522,-1.44396499218419,1.16846221731976,-1.16933861514553,-1.39826117525809,0.453305245377123
-0.160651492420584,-0.0889106462709606,0.260021626017988,-0.486302754143253,0.433208580361679,0.171305004553869,-0.0936274150852114,0.289706598082557,-0.160745243774727,0.248729702783748,-1.05214760173112,0.113025030121207,1.40048075141385,0.607460715807974,-1.43089754646644,0.938805348007008,-0.519592849072069,-0.451965311542153,0.454309896100312,0.591839857399464
0.216212268220261,0.386273887241259,0.330337079707533,-0.0617753223050386,0.335682061268017,-0.285817642416805,0.0441635853610933,0.021337059745565,0.0276609278284013,-0.0235568087082356,0.255622460972518,-1.1619883517269,-0.0990764934103936,0.579992988612503,0.762502287514508,-1.47736148675904,1.46478322357871,0.197849156800658,0.2805160372518,-0.415684766834602
-0.106147567508742,0.376357233151793,0.294355062069371,0.188086516689509,-0.303497788729146,0.151698500895873,-0.103834589710459,0.118221565335989,-0.276038605486974,0.0443777114152908,-0.459529971471056,0.509215390775353,-0.432219298090786,0.958423614967614,0.234470789786428,1.27338433172554,-1.10308470739983,-1.03215935546905,-0.356094451155514,-0.204267085762694
-0.179165835492313,0.325965046882629,0.302239597542211,-0.33138536545448,0.169476671842858,-0.0387796390336007,0.150892448751256,-0.296261449623853,0.163293932005763,-0.126007728092372,-0.987080285092816,1.33964117034338,-1.18051429325715,-1.32989546796307,1.34238982200623,1.28210567543283,-0.9428889923729,-0.634522111387923,-0.452567821601406,-0.562630298780277
-0.0532467281445861,0.156586955767125,0.391780850011855,-0.219477083301172,0.478131957584992,-0.267373048653826,0.0813997905235738,-0.276287902984768,-0.235781544540077,-0.240176120353863,0.764361314009875,1.07592174899764,0.22026016144082,0.293493107892573,0.82331981160678,-0.782442050054669,-0.717165072681382,0.960660283220932,1.1467624946963,1.11399067682214
0.34432976716198,0.388231673045084,-0.196082430891693,0.236752639524639,-0.233842868590727,-0.29772922298871,-0.263897282956168,-0.283465872472152,0.141026946203783,0.0658074548933655,-0.525177307426929,-1.12774625653401,-0.153697535628453,1.09331922722049,0.679234513314441,1.07069563446566,0.953418411780149,-0.0458334074355662,-1.38837033184245,-1.23554306058213
-0.00208040745928884,-0.422795008402318,0.0271331525873393,-0.388583120889962,-0.183836927404627,0.059301078831777,-0.236364447651431,0.0217912316322327,0.112393458047882,-0.0174033836927265,-0.987614729907364,-0.0585283341351897,0.160879718139768,-1.20049867476337,-1.39036915800534,-0.957393687218428,-1.28774576168507,1.48331755539402,0.565513067180291,-0.315754195908085
0.290881492197514,-0.442931784782559,-0.0601817688439041,-0.48959824652411,-0.240450663259253,-0.00426149745471777,-0.0572602992877364,0.22495920304209,-0.094449732452631,-0.198532154783607,0.634231060976163,-1.47362374607474,-1.24126219307072,0.996486036339775,1.49604614730924,-1.29749834979884,0.266832225490361,0.93942184606567,1.43088839622214,1.4911464813631
-0.267816348467022,0.368155112955719,0.331261161947623,0.382874093251303,0.485475741326809,-0.233450604882091,-0.142934354720637,-0.00680315969511869,0.161310736415908,0.177739680698141,-0.983155875932425,-0.550814560381696,1.26716592209414,-1.39530681492761,-0.0210604083258659,1.46877040131949,1.26742969849147,0.672294956166297,0.480156777659431,1.25143481022678
-0.0933777189347893,-0.426498386776075,0.0325660540256649,-0.239162644837052,-0.178835631348193,0.147203479148448,0.236092965630814,0.0169214185327292,-0.263029538746923,-0.240548734925687,0.648943854728714,-0.393522729165852,0.963656979845837,-0.383573543513194,0.963167152600363,-0.920293726958334,0.343376004835591,-0.575764442794025,-0.530110334744677,-1.15751655679196
-0.198965621879324,-0.0908177238889039,-0.0055296013597399,-0.477499115513638,0.303357273573056,0.284794483194128,0.0462890380527824,-0.146803045738488,-0.272981409821659,-0.0884773596189916,-0.197186575038359,-0.879926902474836,0.281455937074497,0.717099644942209,0.822139458032325,1.20440349401906,0.494879217585549,-0.988417211920023,0.651031999150291,-0.575753498822451
0.118898456683382,-0.473148224875331,0.427148041082546,0.0323667796328664,-0.0809807064943016,0.245087038306519,-0.14862206960097,-0.208561788545921,0.29198054485023,-0.0283290419261902,1.03006691602059,-0.0627555053215474,-1.15861805202439,-0.0610598372295499,-0.524169141193852,0.875842112582177,1.06325761182234,-0.507717649452388,-0.738158499822021,-0.467530291294679
-0.29917107289657,-0.230373390251771,0.0419165077619255,0.116254638647661,0.0353189695160836,0.252645946433768,-0.206090182811022,-0.235398888587952,0.21021707681939,0.0640756184700876,0.00990703864954412,0.165629272582009,0.850321194855496,1.48601828422397,-1.12191688106395,-0.416069047758356,-0.568134662462398,1.33677371218801,-0.629951155744493,-0.471307394094765
-0.288868946256116,0.458187078125775,-0.387429031543434,0.0143198044970632,0.199503624578938,-0.195337474811822,-0.148178531974554,0.0203686160501093,-0.185757034923881,-0.188153467699885,0.0733487459365278,-0.487227233592421,-0.0241048489697278,-1.27978882659227,-0.46581713994965,-0.397255193442106,0.151398468296975,0.769824758637697,-0.994984889170155,-1.07381344749592
0.46134833805263,0.204919695854187,0.0654069755692035,0.0391868781298399,-0.094083741074428,-0.172891552839428,0.0715018438640982,0.000209036562591802,0.288752450281754,0.293298919172958,1.21716195484623,-0.386955561116338,1.12940744007938,0.0644086562097073,0.483230263693258,1.42608570260927,1.35962673719041,-0.405920780031011,0.184286101721227,0.406691996846348
-0.340811083326116,-0.375395100098103,0.372203613631427,-0.336886115605012,0.473332385998219,-0.170125940674916,0.055890913400799,0.242693338450044,0.279209295334294,-0.0625879901926965,-1.28353737294674,1.46656333864667,0.512272188439965,-0.0842718402855098,0.373785392381251,-0.0184414735995233,-0.274531344417483,-0.860475447261706,0.626488395268098,1.36961367004551
-0.329561852151528,0.250461316900328,0.0732652638107538,0.0217100239824504,0.0687510163988918,0.241428704140708,0.106008495111018,0.107488485239446,0.224319332465529,0.272767743514851,-1.2975124719087,1.06763395993039,0.701325533213094,0.201839068438858,-1.20972070237622,-1.22172481217422,0.531409575836733,-1.19408241170458,-0.475139144109562,0.570087414002046
-0.199154855450615,0.284046625718474,0.410870349034667,-0.285097599495202,-0.326161241391674,-0.258962014317512,-0.254215457104146,0.226695583853871,0.183412024285644,-0.0901433123275638,0.596954350825399,-0.0304988902062178,0.690586609533057,0.485042938264087,1.2470097723417,0.816727717174217,-0.412918396526948,-0.746183190727606,0.677367687458172,0.337922907667235
-0.0418731162790209,-0.360587246716022,0.461358329979703,0.0491751746740192,0.377538661938161,0.0407115838956088,-0.239130571810529,-0.00854176981374621,0.0818317634984851,0.0774828358087689,0.855643671238795,-1.23498281068169,0.302406555740163,1.05533183156513,-0.304336769040674,-0.255043048644438,-1.24858371564187,-0.228908319259062,-1.26887159748003,-0.885284040821716
0.356308869319037,0.240071179112419,-0.174965106183663,-0.134495329810306,-0.333149012411013,-0.206205793702975,0.0145235900301486,0.200779476994649,0.244316188199446,0.198995442548767,-0.0922749023884535,1.27461787476204,0.984535925555974,0.525318206520751,-1.44238879904151,-0.340038606896996,0.245321741094813,-1.15830915304832,0.852345193270594,0.487996646203101
0.116702224127948,0.391373556107283,0.259449880570173,0.259692247258499,-0.361218193313107,-0.111330065131187,-0.1576740603894,0.194010790530592,-0.299224407412112,0.17066309871152,-0.567192580550909,-0.405708870152012,-1.46773706912063,1.32060672459193,-1.08919968246482,-0.764105677837506,-0.803775767795742,0.446957964682952,0.550799123011529,1.16458199266344
-0.376624051248655,-0.469724545953795,-0.475660214899108,0.0911696371622384,0.406391537981108,-0.0180642361287028,-0.248565980745479,-0.153933308506384,-0.267732439655811,-0.152033358626068,-0.899424147326499,1.10419450351037,-1.11554268817417,-0.654124294174835,-1.15535645582713,-1.3969714671839,-0.22257063863799,-0.839545302093029,0.506663039093837,-0.0289599266834557
0.477007431909442,0.129316486651078,0.209461757913232,-0.237334324745461,0.149768378119916,0.297779613453895,-0.222052762471139,0.0405016724020243,0.120212191343308,-0.287903497880325,-1.31638392526656,-0.170176387298852,0.0472465173806995,-0.587561834603548,0.7395484757144,0.185362695716321,0.768957819091156,-0.405496243620291,-1.26319314725697,1.34962869412266
0.356764464639127,0.0212184311822057,0.0607770900242031,-0.0693483951035887,-0.0139810396358371,0.105382142309099,0.267374920053408,0.140177537547424,0.149900188436732,0.159992165397853,-0.932926516514271,-0.959891277132556,-0.025783107150346,-0.942368465708569,-1.09666810277849,0.979197839973494,1.47757995757274,0.418130763340741,-0.0444129884708673,-1.30929612088948
-0.465804892592132,0.412463800283149,-0.0225339860189706,-0.0745469820685685,0.427277605980635,-0.241437782719731,-0.14564236337319,-0.276961655309424,-0.179696457087994,-0.203136877063662,0.166782920714468,0.903585497522727,-0.393575811060145,0.427161276340485,-0.742314607836306,-1.01463657198474,-0.452556242002174,0.6820387551561,1.36871976451948,0.193516725674272
0.282855815952644,0.219320364529267,0.243247759761289,0.25752449943684,0.114949368871748,0.164485307782888,-0.128148984303698,-0.17758440929465,-0.140280185407028,0.0873063693288714,-0.694239872507751,0.80301906215027,0.769651545910165,0.152795344591141,0.459151928080246,-0.0341485859826207,-0.551872868556529,1.0306555016432,-0.398698846343905,-0.54654519399628
-0.454129163874313,0.172578372294083,-0.297513697296381,-0.349623364396393,-0.366148704662919,0.232884635031223,-0.0750927303917706,-0.235719500575215,-0.124884430272505,-0.0184546079020947,0.360818228451535,-0.93328193644993,-1.18661079090089,0.600702521391213,-0.105948449112475,0.297513696597889,-0.0518228528089821,-1.02308917092159,1.23902952298522,-0.419234201079234
0.0983334523625672,0.411403730278835,0.476421230239794,-0.105070233577862,-0.0701566545758396,0.084738643700257,0.290412399731576,-0.126372080063447,0.0690450173802674,-0.25632781307213,1.1372508094646,0.959634950151667,1.45005460968241,-0.383999329525977,0.960964229889214,-1.02762958919629,-0.639131285017356,-0.760260402224958,-1.40841942583211,-1.21725335461088
0.299653686583042,0.458285729633644,0.270027932478115,0.293776724720374,0.445090733701363,0.226093344809487,0.0795129844453186,0.194004305172712,0.258254782995209,0.0612809381447733,-0.80415676580742,0.523613850586116,0.577739087166265,-1.1004263847135,-0.861621870892122,-0.471181649481878,-0.770978542976081,0.30181007925421,0.112057049525902,0.302467711502686
0.411358158802614,0.270107129123062,-0.327423836803064,-0.444279876770452,0.0284688123501837,0.170514858188108,0.209752144385129,0.0824672665446997,-0.165945391589776,-0.210387145355344,-0.939803794724867,1.12415436445735,0.351348109077662,-0.129439574433491,0.123320304555818,0.944595752516761,-0.0704084623139352,0.0313961254432797,0.527728165732697,-0.354718821588904
0.0746084300335497,-0.0853379848413169,-0.41344592673704,-0.446298695169389,0.17205953435041,-0.194899439485744,-0.289204790862277,-0.295989058306441,-0.0335086968261749,0.298884533671662,0.444186821579933,0.0507592940703034,-0.658948506927118,-1.2245317529887,-0.402790108462796,-0.883916973369196,-0.511806644266471,-1.33663630974479,-1.49515517335385,1.28654574486427
-0.0281125423498452,0.181600983487442,-0.482603133190423,0.473206786438823,0.130279550561681,-0.15746293743141,-0.181832423340529,-0.110489904228598,-0.170998841011897,-0.260954241687432,0.832792752189562,-0.101158394711092,0.183760154061019,1.03823684435338,-0.691511004930362,-1.44281108630821,-1.13254541438073,-0.333915742579848,-1.35119952913374,0.805602811044082
-0.0527520857285708,-0.118378973565996,-0.237906666705385,0.0992392862681299,-0.441521024564281,-0.240953332325444,0.0596007007174194,0.0676386386621743,0.0798046431038529,0.238967667566612,0.373407015809789,-0.798204756807536,0.606080334400758,-1.42523061786778,-0.94841787032783,-1.2240231342148,0.27830420108512,-0.402989167487249,-1.09755922132172,0.843726912746206
-0.264871425461024,0.256281231762841,-0.311188992345706,0.334122054977342,0.332933610072359,-0.119309235457331,-0.220453723613173,0.249530915496871,-0.183835580572486,0.0304564953781664,-1.2804266908206,1.23082535457797,0.939593693939969,-0.140079089440405,-0.320035983575508,-0.611291952431202,0.0558946395758539,-1.04494823492132,-1.33213370852172,1.17238749261014
-0.177115777740255,0.342753053409979,-0.442259011557326,0.353105044690892,-0.253528004977852,0.277601731801406,0.151668672356755,-0.0288231630809605,-0.205956510035321,-0.147440380929038,-0.317754280753434,-1.2221800389234,0.711661782581359,-0.122574139852077,-0.0487687659915537,1.38322348496877,0.289858722360805,1.3938613536302,-1.46177220717072,-1.05055603408255
0.49144289479591,0.213170446222648,-0.400689310859889,0.26041353540495,-0.204547793604434,0.294887858116999,-0.239198649907485,0.041656362824142,0.0972422264982015,-0.0853712730109692,1.31953471619636,0.988105574157089,1.28867422300391,-1.21732984855771,0.98620372521691,1.14158122683875,1.05948717612773,-0.858826912706718,1.21160214627162,0.524162305751815
0.0511988066136837,0.246796439168975,-0.309732218040153,0.308920563664287,-0.166468274081126,-0.172216004412621,-0.0660466048400849,0.291213157447055,0.26311728511937,-0.29941457840614,0.732694388832897,-0.358472096733749,0.50284734251909,0.28176855831407,-1.30855967709795,0.766349759884179,-0.457671586889774,1.4844451113604,-1.26190864364617,-0.782219698419794
0.117360117379576,-0.13925310363993,0.207376060541719,0.274890339933336,0.111352003645152,0.0595515376422554,-0.265151313319802,-0.138111104769632,-0.157696973579004,0.0614373751915991,-1.39384920476004,-0.371172333369032,-0.812052307650447,1.30445947707631,-0.750091505236924,0.143264829413965,0.365399796981364,1.47483084280975,1.09688367904164,0.450750435702503
-0.122796744806692,0.31241361098364,-0.119479390326887,-0.217640140792355,-0.113243956817314,0.287400247715414,-0.220532844588161,-0.195961324078962,-0.193803941365331,-0.292904460243881,-1.27259572315961,0.550900530768558,1.07560044480488,0.310862654820085,1.2243753564544,1.13887700764462,-0.378078279085457,0.212524364003912,1.02161827683449,0.448568592080846
-0.290774781955406,-0.110014393692836,-0.110428675310686,-0.435269695241004,-0.397977678803727,-0.0733269719872624,0.136475252034143,-0.0316999138332903,-0.202669864520431,0.0671596300788224,-1.49774874933064,-1.42258589272387,-0.559297716245055,-0.943037083838135,1.28814577474259,0.791511842049658,0.995279497699812,0.315752927446738,-0.306049860315397,-0.406852236483246
-0.267817194806412,-0.461194945964962,-0.130744316847995,0.393439373932779,0.369737952947617,0.0630991165526211,0.0666780289728194,-0.111768235685304,0.176831121370196,0.163457706291229,0.247425247449428,0.536095085553825,0.202886131592095,1.0503433488775,0.463958148378879,-0.139255895046517,1.16139427106827,0.080417790915817,-0.791804508073255,-1.20738828275353
0.0926742004230618,0.39300899556838,0.0874581087846309,0.224941165884957,0.436247458448634,0.241659913770854,-0.172287007793784,-0.19263504515402,-0.117275745654479,0.174666253617033,0.192933803424239,-0.344509122194722,-0.463800623780116,0.867323143640533,0.924916074844077,1.15973133780062,-0.0703179182019085,-0.371373073663563,-0.490284806583077,-0.469939072849229
-0.441748733166605,-0.334926023380831,0.0132248334120959,-0.337652398040518,0.312433307757601,0.00198071133345368,-0.211444020923227,-0.121434052241966,-0.233358695497736,-0.192547405092046,1.04032744537108,0.97246066457592,-0.653786037582904,1.42396840103902,0.842737779719755,1.24805287574418,-1.16078387084417,0.403671464882791,-1.28402699274011,-0.69386312761344
0.371331854257733,-0.345160597702488,-0.28615395561792,0.245791254332289,0.110644908621907,0.057810212764889,-0.0913462777622044,-0.0299393390771002,-0.252948706923053,0.0706006875727326,0.9582707087975,-0.856435399269685,-1.26823965855874,1.28192565590143,0.526417728513479,-1.21156396740116,1.05116024496965,0.311739618424326,1.38824921264313,0.613545237807557
0.151592093287036,0.335362430894747,-0.47613003407605,0.064384066266939,0.103789684129879,-0.250669569801539,-0.287559161754325,0.0975845094770193,0.0114058447536081,0.0185208485461771,-0.856746488716453,1.47205335460603,-0.736300361808389,-0.875439872033894,-1.00467135664076,-1.02101643243805,1.1093843781855,0.0759078988339752,1.36032103258185,-0.930214820662513
-0.266744547290727,-0.256689126836136,0.389427343616262,0.268678075633943,-0.245951927267015,0.0228319114074111,0.202411999041215,0.03788305032067,0.0973943097051233,0.286765431286767,0.826801293063909,0.994873794028535,1.04676409391686,0.183758740313351,-0.0182500120718032,0.951082833576947,-0.60921490425244,-0.406001436989754,0.773095161421224,1.47256697528064
0.449611610732973,0.0561835798434913,-0.178598119411618,0.0961407127324492,0.247642994392663,-0.0806373823899776,0.24202012703754,-0.0028510841075331,0.0608594922814518,0.0100498433690518,-0.582743855891749,-0.0644564477261156,0.158769339323044,-0.955820295028389,0.412027965299785,-0.887487754924223,0.0991590942721814,-0.699272796744481,-0.0350281284190714,0.928505399962887
0.0395407127216458,-0.413931232644245,-0.00737143261358142,0.356064101215452,-0.232310611754656,-0.111068059271201,-0.0713004960212857,0.14974324372597,-0.0268420119769871,-0.248946576286107,0.0719213106203824,-0.689604764571413,-0.881243017036468,1.11841429048218,-0.319809102220461,-0.482447898248211,-0.562569993082434,-1.23606982897036,0.282471973914653,-0.565032589249313
0.14558585267514,0.124938004650176,0.32317461213097,0.0866628407966346,-0.246756823733449,-0.22316694483161,0.198054861556739,-0.211575009394437,-0.213314084848389,-0.27763821487315,-0.156027087243274,-0.726188982836902,1.34611699800007,0.690733965486288,0.0986462789587677,-0.143928673351184,0.90707584284246,1.14704299159348,-1.36903939722106,-1.45661967177875
-0.265560769010335,-0.169869878794998,-0.063862695125863,0.4511469588615,-0.105342198861763,0.102706791646779,0.0445548213087023,-0.265658556763083,0.256875698408112,0.0308597708120942,0.346219985978678,1.27187519939616,0.0470686345361173,-0.956585160456598,0.707005387404934,0.538808417273685,-0.427694691577926,0.388250976568088,0.926372179063037,0.142143888864666
0.443592778174207,-0.0954564709682018,0.191625310340896,-0.117438666056842,-0.424915113952011,0.256335626682267,0.0991494124755263,-0.226984789827839,-0.0588055837433785,0.26379955066368,-0.447444617981091,-1.12699995003641,1.29202307551168,0.589756665984169,-1.08625077037141,0.717923507094383,0.966417177580297,1.40489656361751,0.0782056313473731,-0.878547427011654
-0.324567786185071,-0.240835998672992,-0.339622131315991,-0.346367389895022,-0.192584212403744,0.0487792373634875,-0.0583286549896002,-0.0571669232100248,0.0208423342555761,0.253746209666133,-1.26799534214661,1.44637314369902,1.42420248594135,-1.11093868128955,-0.896185308694839,-1.0046170076821,0.242870682617649,0.202667757170275,-1.41820799256675,-0.301223677117378
-0.0549691063351929,0.17928317678161,0.0262161768041551,-0.277708124136552,-0.288287738105282,-0.052651952393353,-0.182085981639102,0.117577041406184,-0.295769177936017,0.0460298893041909,-1.20961994421668,0.924946786137298,0.809736690949649,-0.902994256233796,-1.15353702683933,1.46870462642983,0.360647977329791,-0.995974980527535,-1.28415734390728,-0.724046418210492
-0.00561646209098399,-0.0858223957475275,0.120810118503869,-0.285766167799011,-0.0828273971565068,-0.219411505619064,-0.159419505111873,0.0668852695729584,0.0675110209733248,0.0425586855970323,0.486798029858619,0.40292581776157,-1.18101069820113,1.19350052112713,1.03552127117291,-1.49897745461203,-0.668059481307864,-0.544238511705771,0.28098477772437,0.549094440881163
0.382632793625817,-0.0180742084048688,0.324111902154982,0.457298811990768,0.188826774246991,-0.128206476336345,-0.165666862903163,0.270584911387414,-0.162542360415682,0.0170986625365913,0.228127688867971,-0.0959473242983222,0.442349878605455,1.42215952905826,1.3742679040879,0.808296774281189,0.5461186026223,1.44859283789992,0.522145080612972,-1.12925254320726
0.122691477648914,0.44562875200063,-0.0891614982392639,0.417036747327074,0.301175066269934,0.200864012539387,-0.236375198699534,0.294388063251972,-0.092479360057041,0.00221504475921391,-0.145092351129279,-0.733279192820191,0.633188324980438,0.489138047676533,0.844320607138798,-0.126487268367782,-0.126052133040503,-0.648112101014704,1.48939987155609,0.921180616831407
-0.186686865054071,0.245090013835579,0.000651855254545808,0.00625306414440274,-0.323810102650896,0.0275153264869005,0.103617461398244,-0.255776335392147,0.0242350874003023,0.159355869144201,0.366062537301332,-0.606502632843331,1.16709831054322,1.21944251353852,0.0692907872144133,-1.41619652090594,0.787002142751589,0.37322360300459,-0.141684950329363,-1.49556950619444
-0.370102791581303,0.0386393719818443,-0.288522349204868,-0.432988745626062,-0.234993543243036,-0.0166297942399979,0.232184314448386,0.165560214361176,0.29924658536911,-0.0967966675758362,-0.500446734018624,-0.521346760215238,-1.47208238602616,0.680783315096051,-0.757762485416606,-0.341227829921991,1.07140730693936,0.323342689080164,0.130414014682174,1.19485638057813
0.179994135163724,-0.381505971075967,0.430795817635953,-0.0223339179065078,-0.365356300957501,-0.284602345945314,0.220701539190486,-0.067418211651966,0.0669162131845951,-0.0458587023429572,-0.170696398476139,0.238646186655387,-0.658926003612578,0.889019372407347,0.824817263055593,1.1460154959932,1.32344458135776,-0.0457510203123093,0.427944263443351,1.06571035436355
-0.405599641380832,0.0955012536142021,0.125568996882066,-0.338114305166528,0.245380464242771,-0.0745420885272324,0.136868770932779,-0.119848866993561,0.0160714487079531,0.0332040397915989,-1.07498233113438,-0.381507948506624,-0.878076833439991,0.551376240095124,0.546795427333564,-0.234681174857542,1.09780861227773,-1.18619507574476,-1.1155707151629,0.636449708137661
0.405359552474692,0.340088312514126,0.01291842921637,0.409107009647414,0.34692298527807,-0.162127779331058,-0.171652930788696,0.169782497640699,0.0773715445306152,-0.0188639135565609,1.40405188500881,1.41834496613592,-0.0164176861289889,-1.03421612503007,0.00220658560283482,-0.378228572197258,0.446443836204708,1.34735021693632,-0.298061660025269,-0.78535610740073
-0.00947604002431035,0.189560133963823,-0.382386669050902,-0.406962846871465,0.397351170657203,-0.0855372841469944,0.106762854661793,-0.114861610718071,-0.279834106843919,-0.279159577237442,-1.35281645553187,-0.790951183531433,-0.957979692611843,-0.14952755626291,0.732018233975396,-0.815047173528001,-0.137478002579883,-1.36864222772419,1.01177099486813,1.06704036332667
-0.402026497060433,0.104749586200342,0.247891142731532,0.0685988639015704,-0.461867756908759,-0.097639145096764,-0.0995340302120894,0.220804023323581,-0.0134861533530056,0.0158311371691525,-1.44820384425111,0.278404311742634,1.11587761924602,1.26629870664328,1.33180587831885,-0.257951683597639,-0.811626965878531,-0.902529360959306,0.505463298875839,-0.446310281055048
-0.121292422059923,0.194366296287626,-0.149045524420217,0.0916986810043454,0.076701584039256,0.254440434509888,0.10038523580879,0.259309037262574,-0.15521658891812,0.158231969363987,-0.20669467211701,-0.235521637368947,-0.126430200180039,-0.139778980286792,0.431718607898802,0.526182759320363,-0.621403269236907,0.789529513567686,-1.10021640406922,1.05260911770165
-0.352158203953877,-0.349536380264908,-0.338941722875461,-0.453122053062543,-0.488156460225582,0.184862765064463,-0.26909115021117,0.00958132166415454,0.255612196912989,-0.0652931635268033,-0.93472169036977,0.520489366957918,-1.1678941519931,-0.201280551496893,-1.0709591426421,0.58350269892253,0.440883834147826,-0.697522111935541,-1.30003899056464,0.364323562709615
0.424342450220138,-0.392474964959547,-0.000181412091478705,-0.467457929160446,-0.149282817263156,0.0603974404279143,-0.293601782759652,0.00140511975623669,0.0310195134021342,0.18655451098457,0.497134249890223,-1.32773653767072,1.17224975139834,-0.771834887098521,-0.939315933035687,1.14126489800401,0.236815234646201,-0.980491413502023,1.13924012286589,-0.528009024448693
-0.27067556953989,0.408939051674679,0.0300553883425891,-0.415314681362361,0.109492266084999,0.250775086786598,0.19473571353592,0.0681878079660237,-0.136957636568695,0.0443482690025121,-0.511378767667338,1.48337008059025,-0.997154010459781,-1.29379760823213,0.861349317943677,0.718181099044159,1.20928284642287,0.244992770953104,-0.78270253026858,-1.34556264407001
0.142156526912004,-0.450112256221473,0.168354280060157,0.191347215557471,-0.108240873087198,0.186336756683886,-0.201322785392404,-0.155346263106912,0.219860252039507,-0.206703251274303,-1.38689769362099,-1.19949680892751,-0.597883191425353,0.411497532622889,-1.23394298250787,-1.30184697336517,0.785994700156152,-0.627163240453228,-0.322055626194924,-1.32248547580093
-0.131681851344183,-0.44828329491429,-0.113357591908425,-0.0711046792566776,0.258694115793332,0.0706830460578203,-0.205449069198221,-0.235066317440942,0.104318757774308,0.00345488232560454,1.1609447565861,-1.31392676965334,-1.39163724775426,-0.00806549680419266,-1.13077357783914,0.91440890589729,1.17306538741104,0.595869717188179,-0.537535656709224,1.28329473780468
-0.486344742355868,0.487505564233288,-0.0205096991267055,0.164209279930219,-0.183421143563464,0.24958106665872,-0.103213883377612,-0.125861365674064,-0.201803957624361,-0.230081830127165,1.05178135028109,-0.977105839876458,-0.542320753913373,0.300676125101745,-0.583243253175169,-0.448601367417723,-1.48448921972886,-0.891376630403101,0.32037501479499,-1.34572016517632
-0.0370195901487023,-0.336227241903543,0.170982372714207,0.385727230459452,0.276125630130991,0.133528458327055,0.0533621137496084,-0.283832909865305,-0.113570911483839,0.0279615573585034,0.155583695042878,-1.06800041813403,0.841343999840319,1.09374055056833,-1.29203350679018,-1.16142970765941,1.4050813454669,0.758151296060532,0.368945917580277,0.097186845028773
-0.0670855012722313,0.436450929148123,-0.0782330802176148,-0.306733425240964,-0.0889143773820251,-0.0934194237459451,0.0313493576366454,-0.263143497426063,-0.27424312052317,0.0684641773346811,1.00081529351883,-1.31776218744926,0.767050628084689,-0.110957609256729,-0.247330324491486,-1.45735309249721,-1.3372757344041,-0.631346690235659,-1.34244829136878,-1.02653034240939
0.177028372883797,-0.0307254299987108,0.342184241395444,0.26711567514576,0.37341341516003,0.295906370831653,0.295030074426904,-0.256575296446681,0.0344596818555146,0.169854291714728,1.23379909875803,1.11148102255538,0.404466228559613,1.20005512051284,-0.915839809924364,-0.785741672851145,0.774367182981223,-0.59392013750039,-0.299558725208044,0.661643494851887
0.256983450613916,0.230762292863801,0.381060501560569,0.389857545960695,0.313140842830762,0.209420963516459,0.123858160665259,-0.0593949708156288,-0.260712810466066,-0.163971689762548,0.473712280159816,-1.42670702445321,-0.437928115250543,0.0587204480543733,-0.407198907807469,0.642679580720142,-0.704486646456644,-0.740880617871881,0.237899898318574,0.0426574400626123
0.0276665070559829,0.420106554636732,0.18974377005361,-0.265693196561188,-0.356330778915435,-0.295291701704264,0.209756640717387,-0.178688911674544,0.210177944926545,-0.188758440921083,-0.463722249493003,1.23446394852363,1.4310566552449,-1.46744838170707,1.46959722437896,-0.309680236503482,0.862875013612211,1.28340584412217,-0.422495658975095,-1.21286353399046
0.252762828022242,0.156337413005531,0.229647775646299,-0.183089115424082,0.451058555394411,0.188766057416797,0.21787855331786,0.275723907072097,0.0664878526702523,0.179110134439543,0.88307829410769,-1.4815263915807,0.632247544359416,-0.947247194359079,-1.23126226966269,-0.145905989455059,1.07559839403257,-0.535480514634401,1.02152621140704,-0.916234595468268
0.28399123554118,-0.396506233839318,0.0192157116252929,-0.190354799618945,-0.43498932570219,0.254854538664222,0.0335753726307303,0.0914204543922096,0.270847867475823,0.290621164441109,0.335743294330314,-1.49766347743571,0.309216995257884,-0.347393237985671,-1.26648852531798,0.46100017754361,0.380281317746267,-0.170911734458059,1.29962116247043,1.0321239978075
0.481480392627418,-0.326339246705174,0.269209948601201,-0.34901022631675,0.0434473166242242,0.0136468917131424,-0.131149543449283,0.219075481686741,0.0442414688877761,-0.152344542648643,0.397534639108926,0.364457055693492,-0.433955507352948,-0.947910618502647,-0.13043763069436,-1.14929849887267,0.479388379259035,-1.17379122180864,-0.863888463936746,0.0270871671382338
-0.277998940320686,0.13510158774443,0.0968708796426654,-0.035257583251223,-0.272481182357296,0.227975323051214,0.0519346984103322,0.100004918547347,0.152168799145147,-0.0501657248474658,1.0584240204189,-0.659433673834428,0.253244410967454,0.182699384400621,-1.16503597679548,-0.580565677257255,0.0629083367530257,0.780008506961167,1.20177674177103,-1.22332263481803
0.323219567537308,-0.304973151534796,0.0699574551545084,-0.000824487069621682,0.061621064087376,-0.228977408912033,0.081755553977564,0.283164190594107,-0.0337969189044088,-0.0365778698120266,-1.11866453639232,-0.999208570690826,-0.164411294739693,-1.02158339344896,-0.32558208075352,1.24345879023895,-1.20709804189391,1.16948725562543,1.45263469568454,-0.310365347424522
-0.16917499830015,0.0041124892886728,0.0569428994785994,-0.41327267489396,-0.214871642412618,0.23118107705377,0.0983024321962148,0.106171808810905,0.0479505454190076,-0.0798679668456316,0.190051929093897,-0.924740535439923,-0.921706629451364,-0.104381419485435,-0.72074509668164,0.872579621616751,-0.182601131033152,-1.10875255102292,-0.474935420555994,-1.40807429957204
-0.444716915721074,-0.0234685335308313,0.0136085879057646,-0.3746869165916,0.173651653109118,-0.140216615656391,0.253427083790302,-0.0682139867451042,0.194066019030288,-0.0281882678624242,-0.00628354679793119,-0.0571215776726604,0.089332916541025,1.16877720365301,0.70891271950677,-0.958850687602535,-0.843147175619379,-0.594596502603963,-0.216470759594813,-0.571281165350229
-0.0885001360438764,-0.33302978053689,-0.237421352649108,0.281624397961423,-0.448998387437314,0.0635680924169719,-0.113995594298467,-0.0370819238014519,0.000880225002765633,0.050951240491122,0.813373415032402,-1.34990418562666,1.24734618840739,-1.24537057313137,1.46294683590531,-0.206804895540699,0.303162934491411,0.0983277847990394,0.112219565548003,0.42705448390916
-0.201356657780707,-0.289899684023112,0.167066431837156,0.336626776959747,-0.207589996280149,0.181244711531326,0.0207305716350675,0.129471809696406,0.139954656595364,0.00972497574985026,0.5212235909421,-1.49477640911937,-0.318247234448791,0.382981030270457,1.33984986366704,-0.495361327892169,-1.44977313140407,0.674449955346063,-0.726645839167759,0.724762076279148
-0.347754121525213,-0.33520142105408,-0.157873030519113,0.410762451821938,-0.443230509525165,-0.287961286632344,-0.287138029932976,-0.137627144576982,0.0601011116523296,0.255833178246394,-0.479279568884522,-0.123343460960314,-0.984387053176761,0.958954208297655,-0.594391078921035,1.23830317030661,-0.0452574065420777,-0.761915677925572,-0.807963622268289,-0.0429486958310008
-0.479843836277723,0.271133933681995,0.367035287432373,0.461715131998062,0.0639074717182666,-0.0489366221241653,-0.253244648734108,0.181186274299398,0.245067796250805,-0.173144115507603,0.735052905511111,0.42652242584154,1.38833462703042,-0.00787011254578829,-1.34271490713581,-0.601821412565187,-0.43824072740972,-1.24471467453986,0.948252130066976,0.0468884194269776
0.476050603901967,-0.378602017182857,0.0887138820253313,0.08889478771016,0.041694822255522,0.112197593646124,0.0926662431098521,-0.0332256966736167,0.18711078716442,0.250686136633158,0.936667124507949,-0.803588539129123,0.245772288646549,0.402346114860848,-1.04550093133003,1.12253431160934,-1.20942142233253,1.38157639210112,0.160440728534013,0.0800675076898187
0.071024976670742,0.250540875364095,0.30002016806975,0.208475844468921,0.311564425006509,-0.290575855085626,-0.150756465364248,-0.085087674530223,-0.141816854663193,-0.0153340066317469,-0.507407439406961,-0.485782536445186,0.31467582564801,-0.602909322129562,-0.503669047029689,-0.186322814784944,0.0969663527794182,0.692988410359249,1.07985741645098,0.85870629362762
-0.395781431114301,-0.0761825260706246,0.15807391423732,-0.400508926948532,-0.146101711550727,0.223900515865535,-0.0684543107170612,-0.187962081329897,0.116235154028982,-0.191152541991323,-0.951700253644958,1.25297989603132,-1.16993992030621,1.36039095371962,-1.45072962739505,-0.4593583017122,1.41224549920298,0.850245715118945,-1.06393687636591,1.19211620441638
0.391579821938649,-0.439568944973871,-0.200144009198993,-0.330403954256326,-0.485333661083132,0.208602611068636,0.204524054657668,0.124235268495977,0.162373737758025,0.094131545489654,1.20457802270539,-0.207169549539685,0.0554583328776062,-0.360224810661748,-0.536116593517363,0.939100516727194,1.33792644948699,1.1472116264049,-1.38305926113389,-0.246769522083923
-0.217445021728054,0.140615068608895,0.399961329065263,-0.270266669569537,0.275699236895889,-0.106122775934637,0.271509095001966,-0.102875162428245,-0.13003916409798,0.024984763842076,0.719779326813295,-0.346627576975152,-1.27878102567047,1.02517166244797,-0.73839487368241,-1.03417344507761,-1.04618345713243,-0.938149165827781,0.670444917865098,-0.496395184658468
0.0452516281511635,-0.163127918262035,0.169520034920424,-0.0323864994570613,0.17523977230303,0.261261079693213,0.0157282430212945,0.269603299861774,0.27066080798395,0.296349586732686,1.34847387252375,0.131082888459787,0.504637693986297,-0.133291547186673,1.49729979643598,0.798629134660587,1.18727825232781,-0.142571756383404,1.45945630827919,0.363404078409076
-0.0490140081383288,-0.00996198039501905,-0.153231663862243,0.283262246986851,-0.138413421344012,0.0788526234682649,0.0570575724821538,0.242768922261894,-0.0537491275928915,0.212219309108332,0.431242316029966,-0.4181620166637,-0.166317637078464,-1.15177645068616,-1.09224871150218,-0.335342936916277,-1.45343942334875,-0.0875929528847337,-0.389738528989255,-0.534925943473354
-0.0422140788286924,-0.25343791814521,0.209864733042195,0.452838365221396,0.188587455544621,0.216721978364512,0.171069448627532,0.160924856504425,-0.19759232760407,0.0809530357830227,-0.6890129505191,0.326297930208966,0.332346544135362,-1.43051041360013,0.105177930789068,0.108623118605465,-1.24657257506624,0.897710858378559,-0.95443776785396,-0.769647633656859
-0.149542888393626,0.485317457700148,-0.0681095565669239,0.251812974223867,0.0620853726286441,-0.0949974399525672,-0.092511493479833,-0.099022950232029,0.0171615342143923,-0.0698008299339563,0.935816700104624,1.47022024495527,0.635946703143418,0.384627372259274,-0.0657189830671996,-0.648657260695472,0.603858551708981,-1.11253493581899,0.0943911590147763,-0.121850467985496
0.138998580398038,0.357642349088565,-0.15920560574159,-0.252274912549183,-0.405484363436699,0.190956450160593,-0.0408658862113953,-0.0450659960042685,0.235004531498998,-0.145172728411853,1.34158064075746,1.08037498919293,1.15590222808532,1.31176399905235,0.956446099095047,0.308571907225996,1.06367445155047,-1.3489504409954,-0.914611479733139,0.878956465981901
-0.0113843437284231,0.467857876326889,0.207279042806476,-0.332710094284266,0.271583542227745,0.0804327003657818,-0.0479018103796989,0.126626310870051,0.128028602851555,0.276051897928119,0.265523249516264,-0.800389027688652,-1.15636749216355,0.982837177813053,-1.43470743019134,-1.28193815401755,-0.00547719723545015,0.02185367513448,0.765123815042898,-0.899249939946458
-0.341966310050339,0.145163722103462,0.0157144791446626,-0.448490653419867,0.0631065284833312,0.227828655391931,-0.0519547124393284,-0.0844711450394243,-0.166791467182338,-0.0892610235605389,-0.170071593252942,0.932245783740655,-0.95130262314342,1.47967662569135,-0.751134238438681,0.367051823297516,-0.678109399974346,0.656978575279936,-0.586650498909876,-0.758313005324453
-0.254730326589197,0.262549737235531,-0.380304228980094,0.173780695302412,0.204866778105497,-0.0672618255950511,-0.239832264510915,-0.0827722116373479,0.211666607111692,0.0468260048422963,-1.30755819403566,-0.137768075801432,1.26371270860545,-0.367564351530746,1.08948482363485,-0.827073718188331,1.42856648680754,-1.2146347865928,-1.28157121944241,0.922346711391583
0.119317984674126,-0.179301459575072,0.134115655440837,0.441444093594328,0.325102457311004,0.228115533431992,-0.0231398352887481,-0.043780667334795,0.244503715122119,-0.117224251711741,0.830000645946711,-0.0663979696109891,-1.18147957348265,-0.646237704204395,-0.169877428561449,0.283664655173197,-0.447881195694208,0.843291352735832,1.14081712556072,-0.355239147087559
-0.119414159562439,-0.245555854169652,-0.0712738272268325,0.458284308435395,-0.285487362416461,-0.0491190760396421,0.267007874976844,0.0902223563287407,0.0305796097498387,-0.157656656345353,0.302843438694254,0.778424465563148,-0.983350761467591,-0.315222817473114,0.53333483543247,0.748072852380574,-0.887460775673389,-0.0717143551446497,0.10678598145023,-0.128999989712611
-0.326865879585966,-0.0729887839406729,0.162157703423873,-0.278619938762859,0.212546437978745,0.13704332462512,-0.272454183502123,0.0424571817275137,0.184269401198253,0.275047498103231,-1.01383373513818,-0.239888916956261,-0.502785133430734,0.478056697407737,-1.14112741453573,0.840342729119584,-1.07686188002117,-1.36633525555953,1.49288399261422,0.379564202623442
0.272564416052774,0.0862612428609282,0.445649313973263,-0.436150949914008,-0.179943318711594,0.0830253604799509,-0.0272265900392085,0.131219341093674,0.298386627668515,-0.0387678697239607,0.91499437764287,-1.15566234639846,-1.22296107443981,0.569532728986815,-0.611277636839077,-0.811581999063492,0.0391844033729285,-1.19341721339151,-0.283468509558588,0.821037037996575
-0.142263614339754,0.0711138243786991,-0.178979051765054,0.153292468283325,0.237669413210824,0.130521320505068,0.173159854207188,0.170500241825357,-0.161525666015223,0.0373889097478241,-0.029022823786363,0.169839979615062,0.227511885808781,-0.58218581113033,-0.742374558700249,-0.765694559784606,0.624504652339965,1.05042991088703,1.12779317004606,-0.366226116428152
0.270666095660999,-0.397056107642129,0.0991307143121958,-0.393296083435416,-0.200383969349787,0.243596470076591,-0.0861699228174984,-0.191131269978359,-0.0701359096448869,0.269037547381595,1.03866590070538,-0.455774517031386,-0.302285143872723,0.984885430661961,-1.42645664303564,-0.153218351304531,0.87282024230808,-0.941258038859814,0.0159733963664621,-0.128819865407422
-0.205041567096487,0.36542079038918,-0.450044298544526,-0.37966104131192,0.065841231495142,0.0689406643621623,-0.12800898598507,0.027621242729947,0.122777245519683,0.288483113609254,0.728731225943193,0.998143821721897,0.717371164821088,0.745098349638283,0.363434838596731,0.419407617067918,0.424615799915045,1.14355848217383,1.25553504447453,0.823579878313467
0.210454039741307,0.449433161178604,0.373678129166365,0.451299152337015,0.477750408928841,-0.123460593726486,-0.196586466394365,-0.184677668055519,-0.233795037539676,0.252006484754384,1.02138486388139,-1.29864939604886,0.974487150320783,0.308280621422455,-0.462370384018868,1.26824175543152,1.39094323315658,1.2817987203598,-1.25888293306343,1.13348256004974
-0.42763820104301,0.114168101921678,0.0945481949020177,0.311319353990257,0.0157032026909292,-0.260115124192089,-0.249280994944274,0.273834791500121,-0.227591529255733,-0.210038787312806,1.36863683746196,-1.36161442659795,-0.118455491261557,0.0220243956428021,0.172445983160287,0.274704620009288,0.0122381569817662,0.121189916040748,0.374062445713207,1.16737759695388
0.204377168091014,-0.402043062495068,-0.341900210361928,0.362564785638824,-0.462323853978887,-0.148453397490084,0.290590439597145,0.198278853110969,0.237785638310015,0.264473698334768,1.45756372832693,0.326755865709856,-0.171180588193238,0.400664059678093,-0.176394907291979,-1.08628334314562,-0.239038400352001,-0.817691251868382,-1.02399563533254,-1.29372671619058
0.0309427017346025,-0.0810302456375211,-0.248864286579192,0.0181093483697623,-0.458766946801916,-0.14613350238651,-0.121591309038922,-0.0907185761723667,0.13265065443702,0.0580171720124781,-0.203033806057647,-0.675817662617192,-0.14137449930422,-1.15945090795867,1.24956739135087,0.00187205546535552,-0.151911471504718,-1.11876510595903,1.29806854762137,0.193468537414446
-0.380785554880276,0.338597903726622,0.0119712706655264,-0.483004504814744,0.0627514664083719,0.0912213946692645,0.138224915508181,-0.0796062857843935,-0.278253703610972,0.0969799419399351,-0.350765682058409,-0.63156964816153,0.876167317153886,-0.295122310286388,1.03168499772437,-1.1290977972094,0.0346368325408548,0.795122514478862,-0.83300011837855,1.09668826824054
0.0891276141628623,-0.146650425856933,-0.257463447982445,-0.179065305506811,0.396886266535148,0.21461672578007,0.21216914425604,0.151996416365728,0.0829211200587451,0.103673194907606,0.924109174869955,0.316132692620158,-0.519488684367388,-1.07927397103049,-0.280006094835699,0.339787598932162,1.25838325358927,-1.47614187374711,0.0556832493748516,1.16046401392668
0.151318516815081,-0.284023595275357,0.0747509219218045,-0.299872056813911,0.0391342276707292,-0.135736137907952,0.278383737104014,0.294075318798423,0.145203783921897,0.0313233258202672,0.186691547278315,0.0519507096614689,1.22369602066465,-0.277502694865689,0.7903145654127,-1.03813931602053,0.369946966180578,0.15720854094252,-0.694026333047077,0.384506644913927
-0.491688559995964,0.473781475564465,-0.321653621736914,-0.203866656171158,0.319682175293565,0.221071986621246,-0.110046471096575,-0.033283291105181,0.123835816327482,0.0972688583191484,-1.23853924521245,0.745880648726597,-0.125610524090007,-0.0499709704890847,-1.44558380590752,0.70982440863736,1.10255649872124,-0.0973462813999504,1.03203721647151,0.0203141493257135
-0.316002390580252,0.129981741774827,-0.0353345472831279,0.360315646743402,-0.447079180972651,-0.0686721499543637,-0.264136248361319,-0.195437753526494,0.129481033561751,-0.0224042871035636,0.89101287885569,0.725961780175567,0.790183446602896,0.833535639569163,0.612595116952434,0.908778271637857,0.48755838512443,-1.48218900058419,0.127897445345297,-1.16367393289693
0.383510950487107,0.483691414818168,0.496335260570049,-0.311234982917085,-0.0818904417101294,-0.120990931754932,0.0427516416180879,-0.190241000661626,-0.0990256929304451,-0.139547330187634,-1.38757803034969,-0.472399881575257,0.127305980538949,-1.06439127610065,1.36275635682978,1.25953923189081,1.4271262481343,0.523130431305617,-0.782554917270318,0.147132236743346
0.473035218892619,-0.272345567587763,0.0160240014083683,0.421102750115097,0.0737158642150462,-0.0571511928923428,0.192640210641548,-0.147959709260613,-0.19699246273376,0.29565173657611,1.49473291332833,-1.34967027115636,-0.785469434224069,0.132741735549644,-0.407599191879854,0.958352665649727,-0.942877307301387,1.03022013162263,-0.320129137951881,0.350333120673895
0.101612661266699,0.110716047463939,-0.177511942805722,-0.336945795454085,-0.0442520726937801,-0.119716184400022,0.278844550531358,-0.184694407694042,0.0571405524853617,0.274730084929615,-0.143501476384699,-0.679399546701461,0.334314070874825,0.278913017129526,0.147599586518481,0.122930233133957,-0.865607873070985,-0.384080369258299,-0.251565589103848,1.33167096669786
0.0864454302936792,0.167059532832354,-0.485942039173096,0.380650765961036,-0.0673988747876137,0.164802974509075,0.19756084070541,0.247989791957662,-0.25163806672208,-0.0842032264452428,-0.347494040848687,-0.703291137702763,0.268128250725567,0.0366884032264352,-0.460977333365008,0.727648646570742,-1.22688123607077,0.926592460367829,-1.46210738481022,0.836914744460955
0.0866071418859065,0.348999682581052,-0.357508982997388,-0.0638527960982174,0.139936637366191,0.148625500733033,0.0715050296857953,-0.108901334786788,-0.21643887120299,-0.205095056025311,0.980313681531698,-0.703057701000944,1.11573941423558,-0.909446556586772,-0.844029215164483,0.31562557280995,-0.691536211408675,0.0429135574959219,-0.46529110847041,-0.907703654374927
0.442013933323324,-0.147315919632092,-0.354951530462131,0.201718743657693,0.36759015545249,0.00522888475097716,-0.243365987157449,0.102151887305081,0.0672801946755499,0.210710627585649,-0.465985137037933,-0.232411618810147,0.972095324657857,-1.14466500235721,-1.30967084993608,1.42196955811232,1.44853534712456,-0.158018428366631,-0.543381897965446,0.701450091088191
-0.373356867348775,0.461355261970311,0.360015204641968,0.30287615233101,0.0580100130755454,0.165699598146603,-0.237519029667601,-0.0811758394818753,0.27345436764881,-0.263271677400917,1.02516788849607,-0.00110108940862119,1.11810795217752,0.431485146051273,0.937689863378182,-1.22068383637816,0.440018330002204,1.14305537450127,-0.638846212998033,0.731614653719589
-0.116034444887191,0.0663854626473039,0.15282060415484,0.110259287757799,0.144568846793845,0.19677150095813,0.22651072810404,-0.195920374011621,-0.122228787839413,-0.253225007979199,0.110446308972314,1.05000386293977,0.043677028035745,-0.587189259007573,0.185019636293873,-0.64195751817897,-0.315426186192781,-0.424661041935906,1.46732080285437,1.30258774780668
0.0541728702373803,0.120626595802605,0.00106044160202146,0.463596212211996,0.476506954757497,-0.0302399733569473,0.0331595355179161,0.283540901262313,-0.246953236777335,-0.14974489803426,-1.02166100149043,0.412436672486365,-0.171007012948394,0.0560148975346237,0.798996694386005,0.782296505989507,-1.02340241381899,0.719348859507591,1.45819221250713,0.474189272616059
0.0944537611212581,-0.432433130918071,-0.445980366086587,-0.111528519773856,-0.481641375925392,-0.0190542271826416,-0.126118824910372,0.245451938034967,-0.136034174216911,-0.0179575896821916,0.814722439739853,0.79025181569159,0.207602026406676,-1.03506408934481,1.48796652490273,-0.0438785513397306,0.289274600101635,1.44405404571444,-0.220320499967784,0.43701362865977
-0.344558947719634,0.199846779229119,-0.18377023935318,-0.443921206751838,0.137306937715039,-0.286151552153751,0.0970088947098702,-0.0263648129068315,-0.257718467060477,0.253188771614805,0.168431947007775,-0.530705279437825,-1.32076700753532,-0.498939171200618,-0.733563208021224,0.989139681681991,-0.943126161117107,-1.19869949156418,1.41458662832156,-1.0844279229641
-0.316672697430477,-0.0584625788033009,0.337615551427007,-0.0367389433085918,0.187294805888087,-0.102851133048534,-0.106229998916388,-0.272395109804347,-0.0226679412648082,-0.140422612382099,0.739653850905597,0.132561191450804,0.0778934089466929,-0.548286092933267,1.19425398926251,1.03655124432407,1.49927550461143,-0.43694106512703,-0.633453220361844,-0.516077025560662
0.113965497352183,-0.0083517509046942,0.259885323001072,-0.465753386495635,-0.477134275482967,0.161004266235977,-0.288850921718404,0.221618115529418,-0.228330206684768,0.171724924072623,-1.07155332318507,1.4596641571261,1.49254917609505,0.41366552375257,0.47520513064228,-1.08770348341204,1.21478474023752,-0.523028923664242,-0.290780326584354,0.996221986133605
0.444670878117904,-0.485020565101877,-0.101138799684122,-0.482213540934026,-0.226006218232214,0.142581055825576,0.102098198980093,0.178611681936309,-0.137709078798071,-0.0913143706507981,-0.622891614446416,0.933437439613044,-0.938831101404503,0.90792726399377,-1.28712742310017,1.02922761929221,-0.74405697430484,-1.33499346440658,1.17455813800916,-0.0727085298858583
0.158030340448022,-0.237199954688549,-0.456183335976675,0.225730501115322,0.225311618763953,0.248376871598884,-0.21663840408437,-0.281226320425048,0.176519145118073,0.237268479773775,-1.25203393190168,0.200153110083193,-0.625317016616464,0.37105692923069,1.10986713808961,-0.696041621267796,-1.33590226457454,0.39309850288555,0.082901501795277,0.00909605389460921
0.199263542424887,-0.327388148056343,0.411278157494962,-0.186192096909508,-0.010163112077862,0.192924359953031,-0.0264010941144079,0.0044054531492293,-0.0256154273170978,0.044173735845834,-0.844004571670666,0.455148807261139,0.826303940964863,0.175798147218302,-1.35683089052327,1.45650599082001,-1.38087928388268,1.43718230025843,1.152141679544,1.48682363564149
-0.49358466360718,-0.460569038055837,0.216415007831529,-0.0786227702628821,0.266967556672171,0.0929605761542917,-0.109236842533573,0.241036543948576,0.00198485171422363,-0.0847812296357006,1.13856417546049,0.596916934009641,0.405817093094811,0.971151060657576,0.110216625966132,0.493852835381404,0.550694786477834,0.40988012147136,-0.773381280479953,0.0662281787954271
0.436471141176298,-0.306408969685435,0.165816696360707,-0.142969313776121,0.0695077094715089,-0.0105979684274644,0.034402426192537,-0.231401333631948,-0.0937773089390248,-0.226354793552309,-0.0394602636806667,-0.737102292012423,-1.17461531586014,0.552827498177066,0.027111092582345,0.804818102158606,0.951347867958248,-0.657663521356881,-0.19047015463002,0.0262577966786921
0.059059162857011,-0.347696820739657,0.487301408546045,-0.180121496785432,-0.401291750138626,-0.296126182470471,0.121221568901092,-0.0241672339383513,0.18768492937088,-0.24282062756829,-0.390808305703104,0.068542402703315,1.39077199855819,-1.41977975098416,1.25458757230081,-0.841647310182452,-1.49763880250975,0.443877881392837,-1.02204978978261,-0.37395329377614
-0.319810300599784,-0.214326854329556,-0.161406026920304,-0.290235695429146,-0.390297391684726,-0.158102636737749,0.238584482297301,-0.0436322134919465,0.119522714288905,-0.250230255536735,-1.24655406782404,0.59337432263419,-1.31346596614458,0.46043269825168,-0.668086943216622,-0.581330097047612,0.7828765490558,0.305336338235065,-1.08922851271927,-1.25423369114287
0.497366221854463,0.492541759042069,0.314993785927072,-0.0542129771783948,0.230343899689615,0.030768645554781,-0.0805913271848112,-0.135755709931254,-0.267525826301426,-0.126576461456716,-0.919592660386115,1.30863149324432,-1.17837618780322,0.921020292676985,-0.880439631873742,1.20233024214394,1.06430769874714,-0.10801376751624,0.64336241944693,-1.1653687285725
0.438902980415151,-0.394906022585928,-0.221385025884956,0.0241179864387959,0.129772143205628,-0.169057176075876,-0.12432052991353,-0.0389797177165747,-0.267858340172097,0.219761269167066,-1.18024509306997,-0.151742340764031,-0.662370775127783,-0.993940822547302,-1.01052005798556,0.78124170913361,0.501844004262239,-1.13582286424935,1.2758747425396,1.31833434174769
0.080090323695913,-0.493505609687418,0.489859846420586,0.422102455282584,-0.280401282478124,0.00983283966779708,-0.101134141534567,-0.1483101405669,-0.148678142437711,0.261500541167334,1.44288875511847,-0.347288805758581,-0.747243831166998,0.855895393760875,0.12693179352209,0.965481296880171,0.536795429885387,0.509058671537787,-1.32507571717724,-0.0772190492134541
-0.444218955701217,-0.0695173416752368,-0.37366996682249,-0.360831856029108,-0.333642268786207,0.225412441603839,-0.0520727254450321,-0.228635615855455,-0.072572283167392,0.144517784239724,0.0207197007257491,1.42593551985919,0.506372573319823,1.38096700818278,-0.94172316393815,0.578134298091754,-0.759831556817517,-0.128176576690748,-0.788729962427169,-1.39725150936283
0.335315648699179,0.0863791562151164,-0.0331925908103585,0.421159441582859,0.414462947519496,0.106042533321306,0.164108265610412,-0.177905830275267,-0.164362523378804,0.133625162858516,-0.556208109017462,-0.00660770223475993,-0.722045096335933,1.19014077354223,-0.909514911705628,-0.144718699157238,-1.40556997968815,0.989970994647592,0.579301118385047,0.548908486263826
-0.450289614498615,0.176797153195366,-0.0980980759486556,-0.399443553294986,0.0734318338800222,-0.047265385184437,-0.0842328515835106,0.0562798629049212,-0.124305523512885,-0.198342992831022,-0.181035434827209,-0.535933309933171,1.28134383237921,-1.26103288703598,-0.0729524593334645,1.28949060710147,-0.484783641295508,0.931342985015363,0.0469969399273396,-1.26372587447986
-0.262187947519124,0.197061966406181,0.353534623747692,0.424852335825562,0.449338504346088,-0.270740245934576,-0.0733713668771088,-0.0920189872384071,-0.0920111590996384,-0.127124345675111,1.24830371886492,0.687379518756643,1.27703041490167,0.198599747149274,0.765850083203986,1.16257154010236,0.974203014280647,-1.46178406127729,1.35824290802702,-0.835357840172946
0.143076399574056,-0.440900827990845,0.0492981679271907,-0.0563645837828517,0.46904029417783,0.138408356532454,0.200086694816127,-0.264672500733286,-0.0981376342009753,0.0742259382270277,-1.35383941163309,0.331074483459815,1.39253680198453,-0.590198956662789,0.212686668382958,-0.570899014128372,0.442798248957843,-1.3420124547556,1.4457827762235,-1.21491549094208
-0.331385709345341,-0.353237929055467,0.335247852141038,-0.0186886808369309,-0.488115290878341,-0.0390251523815096,-0.191361571149901,0.0445302409585565,-0.249718646518886,-0.0818366927560419,0.0536486667115241,0.740699232788756,-0.551239251159132,-0.567702180007473,-0.42561187245883,0.286413230700418,-1.43008978804573,-1.05831001326442,0.448146040784195,-0.828529830090702
0.177154899109155,0.185819206293672,-0.479970184387639,0.427942986832932,0.237480825046077,-0.145493396976963,-0.0425015678163618,-0.0268983119633049,0.034503696905449,-0.0969685127958655,0.0857395674102008,-1.10441307141446,1.27725192974322,1.00252805300988,-0.441671002423391,0.862822843948379,-0.772973407292739,-0.363687427947298,-0.149104846408591,0.692646594950929
-0.479210060089827,-0.256096205674112,0.41520473593846,-0.0690104430541396,0.289621563861147,-0.17362514147535,-0.229024411411956,0.239863910945132,0.290958601282909,-0.0649661104660481,0.332895329687744,0.652099887141958,0.20550180086866,1.28473535994999,0.549529709620401,-1.30891410098411,0.130224460735917,-1.43114804592915,-0.993690552189946,-0.264360842993483
0.203849146608263,-0.259227513335645,0.314091938082129,0.0399063494987786,0.2952439149376,-0.25638867393136,-0.25126506658271,0.088762707542628,0.118169379187748,0.166998080397025,-0.352642432786524,1.27050197683275,-0.559656305238605,-1.40354424202815,-1.1609395458363,-0.509211939526722,0.599871650571004,-0.994058628100902,0.991031721001491,0.246248957701027
-0.357591801090166,-0.241755831521004,0.438866122160107,0.147199109662324,-0.198500577593222,0.00607901411131023,-0.13269852376543,-0.263366984389722,-0.105625618156046,-0.258886105567217,-0.887707198038697,-0.325448804302141,-0.559734729118645,0.901104152435437,0.182223790325224,0.702756220009178,-0.038519399240613,0.546663945307955,-0.616327304625884,-1.23086201632395
0.0482474889140576,-0.0123843534383923,0.137093495344743,-0.15911522670649,0.138968748040497,-0.263320270366967,-0.257297207554802,-0.0959666151087731,0.0726667831186205,0.292208801256493,-0.614452155539766,-0.73078007879667,1.47464227862656,1.36516249040142,-0.474998271558434,0.627698743483052,-0.686407477827743,-1.46197249623947,1.00250518578105,-1.11904195742682
-0.157179180998355,0.432927544461563,-0.429227711632848,-0.222768180305138,0.140738271875307,-0.142898271745071,-0.148543631611392,-0.0472820359747857,0.0300574611872435,0.199870653776452,-0.997496447525918,-0.763544908957556,-0.00199694512411952,-0.635947736911476,1.18211341579445,-0.342330186394975,-0.826894532656297,0.286439774790779,-0.917311209719628,0.506872545462102
0.205014089122415,-0.0951600742992014,0.442008951911703,-0.257198437815532,0.210904273204505,-0.0156709866598249,0.23036097320728,-0.260641312832013,0.0846170558128506,-0.0671984473709017,-0.475652256980538,1.47861491655931,-1.05221812147647,-0.528105452656746,0.452445838367566,0.716938986908644,1.42140954430215,-1.20176200428978,0.270730238640681,1.35811691684648
-0.355054266285151,0.00340282404795289,-0.318831822602078,-0.434735961956903,-0.184635158628225,0.190022394200787,-0.116734747029841,-0.120330363186076,0.0879244526848197,-0.291492050187662,-1.18989519635215,0.241366680711508,0.760215542977676,1.30276584997773,0.173865988617763,0.83601274411194,-0.541980725945905,-1.28885318012908,-0.565537874819711,-1.1540473792702
0.00505558773875237,0.359699248801917,0.0523359153885394,-0.479998680530116,0.302130711264908,0.0326205126475543,-0.0676257586106658,-0.205190836032853,0.179051185911521,0.121808167733252,-0.996406906284392,-0.412822546670213,-1.40830163005739,0.0499557789880782,-1.3828947278671,-0.421005953103304,-1.00313473166898,0.219181413995102,-0.571786565473303,-0.751935473643243
0.369869432412088,0.457992020295933,0.263690630206838,0.204783122055233,0.493235478643328,0.277737955050543,0.221194200636819,-0.0408602319192141,0.299054315965623,-0.261083557968959,-0.271819910500199,0.149064225610346,-0.611332671018317,-0.755051859654486,0.341698115458712,0.981843546498567,-1.16345754778013,0.279347990406677,-0.850154514424503,-0.343154348898679
-0.374076998559758,0.375837910920382,0.105606789700687,-0.38630205555819,0.0822264396119863,-0.147890957957134,-0.0940363350324333,-0.121157231926918,0.181882086535916,-0.0467409561853856,0.831883978564292,1.03973000287078,-1.41439482034184,0.157093386165798,0.172171480720863,0.0722129722125828,-0.85776268132031,0.48741674493067,-0.87645635381341,1.00701228319667
0.307378177763894,0.278406985336915,-0.194378446554765,0.440217260736972,-0.077619617106393,0.114112331997603,-0.15847242618911,0.297035453980789,0.0271435788832605,-0.252065646881238,-0.931157044367865,0.976286296499893,1.27636166196316,0.256807967321947,0.892394348513335,-1.08372496487573,0.454314837930724,-1.36882885429077,1.16010417952202,1.03387731034309
-0.353109633550048,0.471300913952291,0.35286301211454,0.094691124977544,-0.27336607966572,0.212342895660549,-0.124826748948544,0.0184792019426823,0.213840680709109,-0.138308570813388,0.0868516713380814,-0.465954672312364,-0.0960674348752946,0.641974159749225,-0.429524269653484,-5.45752700418234e-05,-0.540459193987772,-0.580512440996245,0.430281673092395,-1.038293446647
0.455992900533602,0.474821287672967,0.495896910782903,0.147790526971221,-0.103405577829108,0.243866199441254,-0.216765596391633,0.0298572606872767,-0.298941840883344,-0.099299550242722,1.15831843181513,1.41307266172953,-1.31778314290568,0.627795685082674,0.639092470519245,0.305080173304304,-1.33621539990418,1.15242555714212,0.197367090499029,1.18325452040881
-0.482341072056442,0.408169337082654,-0.420820337720215,0.44396019144915,0.348825964378193,0.283339984808117,0.179944733669981,-0.139731759438291,-0.219996707746759,0.200311969500035,0.909801662201062,-1.24976235860959,0.907826494658366,1.35391998616979,-0.448741319356486,0.286718467483297,1.18750742962584,-1.02580054965802,-1.4764376571402,-0.365228213137016
-0.209939192282036,-0.253826430533081,-0.111923046875745,-0.0158621529117227,-0.349996811943129,0.0350924750324338,-0.0918254612479359,0.277850493555888,0.135579156735912,0.00892382408492265,1.45362972468138,0.0277923981193453,0.401746715884656,0.355477681383491,-0.977597183547914,0.918966391822323,-0.20636235550046,-1.25048150494695,-0.551875202916563,1.43567490787245
-0.0700831839349121,0.00396273145452142,-0.0929596871137619,0.356134549248964,-0.189809120958671,0.0189580160658807,-0.155038014007732,0.179804603056982,0.0947818604763597,-0.237475503701717,-0.379374139476568,-1.42282889247872,0.993126990739256,-0.630622701952234,0.515830635325983,0.981245486531407,1.4333656586241,1.01535564847291,1.39730389625765,1.17495399503969
0.00516371126286685,-0.278798757120967,0.0118983569554985,-0.328161335317418,-0.244825026253238,-0.0723186139483005,-0.034154272545129,0.104251841967925,-0.234641963336617,-0.0197103480342776,-0.737295910483226,0.295512079959735,-0.0782512952573597,0.716886323411018,-1.40238665719517,0.730132715776563,-0.51835956168361,0.936488959472626,0.790765885496512,0.46150870481506
-0.4748457998503,-0.484361439244822,0.0382721410132945,-0.340218843892217,0.23701012483798,0.0154672432690859,-0.200003385124728,-0.240104736993089,-0.0981758194975555,0.0495667919050902,1.08354863338172,0.482375865569338,0.616055528400466,-0.277809116290882,-0.899068927159533,-1.29545640293509,0.999551378656179,-0.609827444655821,1.23709542048164,1.27897796267644
0.233834288781509,-0.12516773561947,-0.445534975035116,0.162529316730797,-0.289453603792936,-0.130254774028435,-0.0703876999206841,-0.122165520256385,-0.272912833560258,-0.187410425394773,0.984918312169611,-0.564451413229108,0.135886908508837,-0.985160862794146,-0.863617968047038,-0.478903546929359,-1.45660033542663,0.266483969986439,-0.327191872056574,0.851112164324149
-0.367114036111161,0.404159425292164,0.125063188606873,-0.241567875724286,0.288525571813807,-0.00928684053942563,0.0882283099461347,-0.00451109013520179,0.213903669733554,0.188028642302379,-0.253415546379983,0.497215399285778,0.431959088193253,-0.458276664605364,-1.02070861053653,0.716758297523484,-1.05704115377739,-0.775343152927235,1.05916582373902,-0.446759238140658
-0.0719485969748348,-0.102420940995216,0.0443643750622869,-0.459281981689855,0.389047567266971,0.00697054658085106,-0.0160431266762316,-0.00137966475449502,0.292225674446672,-0.132298657950014,-1.15309637691826,1.1136774905026,1.44380541332066,-1.46950208139606,-0.424144099932164,0.699973896844313,0.0232224266510457,-1.05039380234666,1.40419798297808,-0.257085582241416
0.015607385430485,0.390380540397018,0.262480639154091,-0.319724142318591,0.458559298655018,0.0115628390572965,-0.0854236808605492,0.190905295684934,0.160656201140955,0.222818151209503,-0.718013086589053,-1.43568122014403,-0.239503445802256,0.339953080751002,0.456355760106817,0.255331636872143,0.484111291822046,0.564637078670785,1.0009128022939,-1.49157716310583
-0.234009527601302,0.00531632686033845,0.186666397145018,-0.20161538827233,-0.0647472110576928,0.237139392178506,0.126368181779981,-0.12057089000009,0.118201128020883,0.0850768132600933,1.06007869332097,0.210832671727985,0.813255184795707,0.312999868998304,0.413031941279769,-0.219120740192011,1.19009589264169,-1.4772494926583,1.24253281904384,-0.735193935222924
-0.0119934934191406,0.331684642937034,-0.454022809863091,0.0277749509550631,0.316015667049214,0.0963481937069446,-0.0834982200991362,-0.0122935955878347,0.0961333972401917,-0.105226543452591,-0.0676387441344559,1.18907302385196,0.467520971316844,-0.569230032619089,-0.37377028958872,-0.453720454126596,0.909790460485965,1.43071683053859,0.889295289991423,0.894684087485075
-0.000487864017486572,0.368888442171738,0.057860377477482,0.119218830019236,-0.0416412756312639,-0.029630722431466,-0.239470422081649,0.225615548389032,0.0900809994433075,0.165866992576048,1.46297229034826,-0.071808991022408,-0.124911906430498,1.00352973025292,1.46579431160353,1.40247696381994,-0.647960626753047,-1.00854496238753,1.10655672568828,1.30365934269503
0.171611285768449,-0.335573186865076,-0.118249200517312,0.344316379865631,-0.315242337062955,0.169767305301502,-0.105805759225041,0.286593641526997,-0.253827305836603,-0.00556658436544238,1.34879856021143,-0.702098017791286,-0.463115367572755,0.687820001738146,-0.867347507039085,-0.207206937717274,1.05262056807987,-1.17826075083576,0.645812090020627,-0.948896514717489
0.466288554016501,0.39062945661135,-0.277903510257602,-0.189210145268589,0.0933826086111367,-0.0788418562151492,0.100553214875981,-0.0346992481034249,-0.280118595203385,0.0845925598405302,1.27551832376048,-0.95960007305257,-0.701951182913035,0.835663778241724,-0.738359803101048,1.28215582855046,0.82987675932236,1.04496749513783,-0.0275335719343275,-1.01254618959501
-0.416227104375139,-0.322310142917559,-0.0967900378163904,-0.456674487097189,0.467263541417196,-0.12397823240608,-0.245391709031537,-0.240048142382875,-0.0490964173804969,-0.0753777811769396,-0.262278493260965,-0.27341057988815,0.0487635468598455,-1.38308192370459,-0.840475656324998,-0.28884660336189,-0.866496598580852,-1.18624571501277,0.503260820405558,0.597021459136158
0.320358047727495,-0.465373472776264,0.307808626443148,0.316732426406816,0.356056725140661,-0.0971434608567506,0.24262729967013,0.289717300096527,0.135203549126163,0.174431448569521,0.700337674934417,0.108551299665123,-0.370386071037501,-1.42813467700034,-1.11572042782791,1.32000013394281,-0.29007002315484,-0.0831542336381972,-1.27910900954157,1.26183906267397
-0.211343028349802,-0.111620810348541,0.42176753655076,-0.425158116267994,-0.0337572882417589,0.225320858694613,-0.292994021717459,0.170698264567181,-0.176332314591855,0.284003904322162,0.0785524528473616,0.630865548737347,-0.29129267251119,0.499458170961589,-0.737978300079703,-1.38005976215936,0.145874120062217,0.818600428523496,1.16498490027152,1.1639435919933
-0.401166686089709,0.351406392874196,0.111378810368478,-0.249992013210431,0.223142163828015,0.1487067616079,0.201620890712365,0.229240554990247,0.0604503368027508,-0.158859069412574,1.18300034338608,-0.39522491209209,1.31763894623145,0.408973712939769,1.03740553418174,0.349675424164161,-1.03780749533325,-0.185935807647184,1.1731114864815,0.0695366389118135
-0.0611730543896556,0.421660495921969,0.189118755981326,0.311591979814693,-0.293622245080769,-0.267262153280899,-0.214666215889156,0.0669510985258966,0.207976572448388,0.0738815072458238,0.459662814158946,-0.0288533256389201,1.4450624033343,0.613388376077637,0.875554066384211,1.35535830399022,1.26341551495716,-1.09982041153125,0.920909601962194,-0.509472976438701
-0.282492197817191,-0.365115394815803,0.0225783744826913,0.0740343285724521,0.285947993863374,0.0866834244690836,0.194078325619921,-0.0551327611785382,0.152132428949699,0.224358326895162,0.88598076836206,-1.48254250595346,0.571071492740884,-1.23442336195149,0.71711511653848,-1.45587983122095,0.711295576533303,0.930288170697168,1.06816150154918,-0.686415961012244
-0.050177359720692,0.0315720806829631,0.0721244430169463,0.307588723953813,0.405584685271606,0.0704171698540449,-0.245401991251856,0.166461799945682,0.0521818678826094,0.297480483725667,-0.281889548292384,-1.00733953993767,-0.165626232046634,-0.081382144941017,0.451322778593749,1.3883851824794,-0.400295957224444,-0.638841268373653,-0.430277818115428,-0.143057199195027
0.265787896234542,0.297287414316088,0.273391448892653,-0.0145340499002486,0.453075647354126,0.235661900695413,-0.242669698549435,-0.0238282820675522,0.114263402670622,-0.176823968393728,-0.0683789821341634,0.250134844332933,-0.965448641683906,-1.45910979341716,1.39320350345224,0.589580950560048,0.248323116218671,1.13296991656534,1.36063074879348,-0.245426855748519
0.215586057631299,-0.307861168403178,-0.119731292594224,-0.101874511456117,-0.499803912360221,0.151964537613094,0.289622660726309,0.180129472911358,0.00346079813316463,0.15640832176432,-1.29277763329446,-1.4344302455429,-0.0983976849820465,-0.837652020854875,0.0907731070183218,-0.0233163808006793,0.253574108937755,-0.68779723229818,-0.530798014719039,-1.16464724577963
-0.320344142150134,-0.233752336353064,0.0319470788817853,0.254532313439995,-0.204703213647008,0.0784518836997449,0.0172267739195376,-0.219995887996629,0.205980775505304,-0.115116543788463,-0.998120962176472,0.960674373200163,-0.871058996999636,1.2534844391048,-0.541228611487895,1.3219633733388,-0.688018171582371,0.878271796507761,-1.41135575529188,-0.0890134961809963
-0.183742008171976,0.128455269383267,-0.476350439945236,0.246751416707411,-0.464504710864276,0.139342295145616,-0.0645698762498796,-0.25096366032958,-0.0179821106605232,-0.0208588707726449,-0.265684584388509,1.2837877899874,-1.34168678778224,1.11475272593088,1.38502985634841,-0.248035179683939,1.38265786645934,-0.80922044115141,0.819881923031062,-1.32292167772539
-0.165761827724054,0.266778284916654,-0.0899202127475291,-0.0903898952528834,0.338544678641483,0.140311067691073,-0.21700629349798,0.170386273227632,-0.0534592676907778,-0.0586303611751646,-0.34694378147833,1.0700871089939,-0.252888103248551,-0.549078056355938,-1.25492139207199,-1.35732746869326,-1.24543554126285,-0.83389077312313,0.880467565264553,0.787599377799779
-0.308956863125786,-0.330731029855087,0.303000978427008,0.0927594078239053,-0.43134489026852,0.104008427867666,-0.133953703008592,-0.125969687104225,-0.240091893961653,0.141918505076319,-0.90869217691943,1.21571562532336,0.754626290174201,-1.4240176922176,-0.0337171778082848,-0.0310937049798667,-1.41449092444964,0.0981172837782651,0.493808105355129,-0.674991491949186
-0.0168687896803021,-0.496756298234686,-0.186180636519566,-0.341395006515086,0.0629882265347987,0.206720201577991,0.178349335910752,0.237532659899443,-0.0582655719481409,-0.0640055908821523,-0.543472273740917,0.521794423693791,-0.197817246196792,1.16583650722168,-1.45783849339932,0.671569651225582,1.08323149080388,-1.43834829214029,0.406829951796681,-0.399484778987244
0.184381158556789,-0.174554339144379,0.282368903048337,-0.432116895914078,0.474551422288641,-0.195826894976199,-0.269978097779676,0.250442769611254,0.138612354174256,-0.0959411608055234,0.210960840107873,1.40560290939175,-1.31568166147918,-0.252224945928901,0.573926412966102,1.06204490899108,-1.34316672245041,-0.525904719717801,1.04623642307706,-0.15433828602545
0.0549218042287976,-0.191873027011752,-0.351512739434838,0.189246881287545,0.149916354566813,-0.220592461293563,-0.270215878821909,0.19172289208509,0.0086451498325914,-0.275587900495157,0.854896889068186,-0.930094721959904,-1.33561529335566,1.44780383189209,0.515790110919625,1.16499124537222,1.1740659379866,-1.34444425930269,-1.33361113769934,-0.835010162321851
0.318854844197631,0.409597582183778,-0.0844677928835154,0.149074111832306,0.481291271746159,0.00843155100010334,0.241470138682053,-0.0972073255106807,-0.02807941948995,-0.267375273350626,1.19030725280754,0.0445815946441144,0.491597041022032,-1.10025191889144,-1.21008508605883,1.35390847851522,-1.16398811037652,-0.780197034822777,-0.615345665020868,-0.28801980195567
0.265586273279041,-0.348394608823583,-0.0746212101075798,0.470981222810224,0.232809928013012,-0.0180697926320136,0.0545795685611665,-0.0626238284166902,0.0346855621319264,0.0754361271858215,0.768156715203077,-0.966331659117714,0.999317336361855,1.01356195891276,1.43218577373773,1.00429794914089,0.999343190342188,-0.787987347459421,-0.771552715916187,-0.582429843954742
0.206985659198835,-0.134108381113037,-0.25278892996721,0.21717170253396,-0.173691305331886,-0.255968520557508,-0.151425313577056,0.287948679691181,-0.1293524465058,-0.19427223787643,0.338481873041019,-0.635031166719273,0.875209234189242,1.22075096005574,1.07382208295166,-0.940244616474956,-0.749912853352726,-0.243161580758169,-1.01634545344859,0.951903874520212
0.166036311537027,-0.107933792984113,-0.427047775592655,0.249406735179946,-0.373024546308443,0.115544628398493,0.122223087027669,-0.0739449766930193,-0.0999265758320689,-0.175203482760116,0.87463351408951,0.501137060578912,-0.133806387428194,-0.265931128291413,0.748484681127593,-0.372688068542629,-1.10652738064528,-0.597364500397816,-0.754713458474725,0.775791943073273
0.457730682799593,0.489328689873219,-0.0143200687598437,-0.499159902799875,-0.273753158049658,0.107152300793678,-0.0523801349569112,-0.241300556017086,0.160552850039676,0.210728096589446,-1.11181486397982,-0.0200400135945529,-0.640098662115633,0.886916737770662,-0.845198770053685,-1.36214645393193,-1.4154470062349,0.941902299178764,-1.46186996949837,-1.462488807505
-0.00132889486849308,-0.188952188473195,-0.29607514385134,0.183600249001756,0.248643403174356,0.27724331561476,0.155194424651563,0.237900735111907,0.250012466032058,0.258964237757027,-0.989652617834508,0.319204003550112,0.732453368604183,1.32108286488801,1.11378074786626,1.31895607360639,-1.28338992618956,1.24667811929248,0.349163282895461,-1.4379794744309
0.389685367001221,0.156243125908077,-0.355093019315973,0.0891230718698353,-0.226036126492545,-0.00929003306664528,-0.165255853207782,0.131448860652745,0.169001147663221,0.268945477623492,1.24734123330563,-0.953280866146088,0.983352991752326,-0.143742684507743,-0.202071747276932,-0.649630044121295,-0.68522232840769,1.0659236786887,0.512829200131819,-0.324034963035956
-0.232856556540355,0.215043294010684,0.077349251601845,0.32212361949496,0.345333134522662,-0.15457346951589,0.235078190965578,0.297793370950967,0.102987126493827,0.28724000249058,0.75455658766441,0.441657076589763,-1.00132408621721,1.35247113369405,0.652154298266396,0.447485492331907,-1.32410287298262,-1.31987769459374,0.818190342513844,-0.018456905381754
0.00764502841047943,-0.163488375255838,0.411009925650433,-0.399346299702302,-0.0788490292616189,-0.0320327043067664,-0.043097802484408,-0.0792821478098631,0.00312417936511339,0.110129142226651,-0.362134878756478,-0.520701844012365,0.052857250906527,-1.36362155014649,0.16253492468968,-0.901524579618126,-0.758575292536989,-1.0966614887584,-0.976344306254759,1.4069112399593
0.451693496899679,-0.404785027494654,-0.0622116853483021,-0.0444306395947933,-0.220717061543837,-0.0678866012021899,-0.11112115974538,-0.176008012192324,0.123957176925614,0.185159265529364,1.22073612967506,-0.769166704500094,0.533193061128259,-1.06010766117834,-1.4121948829852,0.515665279235691,1.49517639214173,0.3994275550358,-0.823785616317764,-0.700369476573542
-0.27850782382302,0.404851428931579,-0.0740212283562869,0.0824129940010607,-0.151232486590743,0.2655498043634,0.0875694813206792,0.240281158871949,-0.243464010441676,-0.119757711840793,-0.844494082499295,0.422164154006168,-1.31788019347005,-1.38589121145196,0.914710187818855,-0.147299324395135,0.559807472163811,0.900873980484903,-0.844136849977076,1.33883980941027
-0.302269426640123,0.19756379746832,-0.280327215557918,0.249081508954987,0.495392793091014,-0.137536809453741,-0.168256644811481,-0.0265598378609866,0.131458551390097,-0.0731700131669641,0.733582876157016,0.605678152525797,0.560611064778641,-0.616933775832877,-1.20719810924493,0.778597602853552,0.72181031294167,0.0796821000985801,-0.486202585045248,0.70074175670743
-0.0425949008204043,0.267257980536669,-0.412882985314354,0.0346922390162945,0.0642992912326008,-0.284287036629394,-0.0903773261234164,-0.243009535549209,0.278264747466892,0.151540018664673,0.684483702527359,-0.6322666418273,0.789049831219018,-0.66937348083593,0.280073488829657,-0.134963748045266,1.03179290844128,0.592982333153486,1.44141453830525,-1.34478233498521
0.148899651831016,-0.378231457900256,-0.0724149709567428,0.466748188249767,0.0873027732595801,0.210405739070848,0.251018953090534,-0.109389069210738,0.105863760598004,0.0101537549402565,0.650582088623196,-1.23228450980969,-0.519590527983382,1.07173799048178,1.4884090279229,-1.27142634289339,-1.09727358701639,1.07355128601193,-0.590662751812488,-0.223863642197102
0.023271502694115,0.0695768024306744,-0.409458330599591,0.221988992299885,-0.284868324408308,0.0350452272221446,0.281686915783212,0.131055933656171,0.0135306268930435,-0.289854101836681,-1.17597197298892,-1.05083120567724,0.634522200096399,1.29851067066193,0.665976586053148,-1.21308328374289,-0.147258288692683,1.33526890841313,-1.2438980480656,0.582963656634092
0.151311511872336,0.179113526595756,-0.0886662811972201,-0.397558093303815,-0.376930257305503,-0.0874283267185092,0.0793587644118816,-0.275233368342742,0.0149731278419495,-0.290037171263248,1.37581214751117,0.255247310036793,-0.737392609007657,-1.08222267916426,-0.334264433942735,-1.23802726669237,-0.976528634782881,-1.38809505826794,-0.700843399157748,1.46386019652709
-0.129682086408138,-0.0801467911805958,-0.339866345282644,0.229232426732779,-0.354482383001596,0.0359464711043984,-0.0905727437697351,-0.050152397621423,-0.28902822942473,0.295640816213563,-1.4408979085274,-0.657990405103192,-0.996503975708038,1.23850360396318,-1.38267953018658,1.07587823364884,0.445207728305832,0.191249082097784,1.18117136252113,-0.226079209009185
-0.0226192423142493,-0.432189860381186,0.216301840730011,-0.0905075599439442,-0.219373619183898,-0.295399245014414,0.200004936335608,-0.286260151444003,0.110433016810566,-0.269475514255464,0.543679173337296,1.17693302105181,-0.101384039735422,0.68385574221611,-0.612087946850806,-0.0417485197540373,0.208901626523584,-0.30632636253722,0.689163783565164,0.162395419087261
-0.371397017966956,-0.296088878065348,0.493906704941764,-0.0428032609634101,0.178802206646651,-0.228865187242627,-0.187798374798149,-0.0706438779830933,0.232768897432834,-0.190147266676649,0.393082805676386,0.918129442725331,-1.38846781407483,-0.340431922813877,1.2002260631416,0.756341162603348,1.30802595173009,0.635802833363414,-1.44601946999319,-1.28721875720657
0.32324841292575,-0.322777743684128,0.452406973578036,0.473065208178014,0.354324946645647,-0.0969858215656131,-0.193795535713434,0.0086979101411998,-0.262085015745833,0.244612569641322,0.766266906168312,-0.0147623517550528,1.16243419633247,-0.507672918727621,0.0553313666023314,0.276828662026674,0.397153343539685,-0.773811523569748,0.0537699437700212,0.805587173206732
0.320533454418182,0.232866524951532,-0.11607679259032,0.242730691796169,-0.0755404133815318,-0.060227708844468,-0.0182605447713285,0.238714664708823,0.00111210881732404,-0.193492001993582,-0.075869980501011,1.23811733582988,1.13882593391463,-0.62618138641119,-0.0675284089520574,0.197956425603479,1.04868520027958,0.818794996244833,0.631634311052039,-0.0546158412471414
0.106202823109925,-0.459078055340797,0.432764600496739,0.185468971496448,0.155516090570018,-0.235461535770446,0.258968921145424,-0.156560660619289,0.186901769740507,0.032970308046788,-0.664346896111965,-0.0004404466599226,-0.202511995565146,0.586820448981598,0.0963063219096512,-1.15815330483019,-0.772275591501966,1.22680059517734,0.511709898943081,0.99590680282563
0.0626054774038494,-0.00555738876573741,0.23258579405956,-0.240816610166803,-0.3786961811129,-0.290574515936896,0.0445213703904301,0.0731344636995345,-0.22597107924521,-0.0874066090676933,0.643773145973682,-0.943842683918774,0.0626471685245633,0.669192718807608,0.45306685147807,-0.0258133371826261,-0.00264268484897912,1.4173503855709,-0.318548202747479,1.22840318921953
-0.13707164186053,-0.0894643275532871,0.352249005110934,-0.273610641947016,0.240136156557128,0.0544962991029024,-0.205676062731072,-0.0890828761272132,-0.0826204961165786,-0.231478293193504,0.288168122526258,1.14638736611232,-0.282501390203834,-0.679599689785391,1.39369147690013,1.33420873177238,1.20332060311921,-0.0599688459187746,-0.492227655602619,-1.38452190323733
0.468781589064747,-0.0500711689237505,0.194515691371635,-0.365291125839576,0.434826408978552,-0.127028719894588,-0.283556045265868,0.150634021963924,0.284030115511268,-0.143320683063939,0.208830070914701,-0.844754735240713,0.646643194137141,0.77642159583047,0.590432166354731,1.24414248601533,1.10592703102157,1.0107326223515,0.865089481696486,0.722190106054768
0.109768346883357,-0.395725275622681,-0.442797616356984,-0.423784068319947,0.327478787163273,0.270933593111113,-0.215297766309232,0.12166303396225,0.0271342375315726,0.24798572785221,0.102044340921566,0.23310596588999,-0.505516417091712,1.37385655101389,-0.363209099275991,-0.949365648441017,1.02071698196232,-0.746038586832583,-0.676100049633533,1.34362823003903
-0.440839418210089,-0.349936160957441,-0.157971029402688,0.0887582874856889,-0.0964165211189538,-0.22931674704887,0.0364982080645859,0.0175533334258944,0.28179285521619,0.211988778272644,0.554566685808823,-0.105456105200574,-0.396189618157223,1.37851600907743,0.967686840333045,-0.571968285134062,0.0961093206424266,0.22584563610144,0.915738845709711,0.923326625023037
-0.278519233921543,-0.0405890587717295,-0.151455581653863,0.488769730553031,0.0949057163670659,0.248594775376841,0.179599490063265,-0.155005932273343,-0.134052140777931,-0.0766070371493697,0.10279252496548,-0.152180730365217,-1.06542045576498,-0.775516954483464,-0.576230702921748,0.951560485409573,0.124824548140168,-0.326639473205432,0.268428307492286,-0.619125327095389
0.383658511331305,-0.0586948639247566,0.0732059800066054,0.197659142781049,0.300990084186196,-0.012602490093559,0.133605049364269,0.256436390290037,-0.270157723780721,0.0477690445259213,0.822131842374802,1.3511858030688,0.460408543003723,-0.794555227272213,-1.30578174255788,1.34921646793373,-0.948558174306527,0.489552438491955,-1.22855479759164,-1.27769468841143
-0.0727127536665648,-0.450141273904592,0.431804007384926,0.286208448233083,-0.0638352974783629,-0.104797407332808,0.236340775480494,-0.197792139742523,-0.208861910412088,0.0807128978893161,0.878331606974825,-0.684725275961682,-0.969193293945864,0.147754120174795,-0.199362822342664,0.97526644449681,-1.44820246822201,0.860361713217571,-0.950374368578196,-1.49065330903977
0.48569283564575,0.477978006703779,-0.149613675894216,0.200519210891798,0.000412532826885581,0.246679436322302,0.152790889330208,0.0170742893591523,0.255477303871885,0.051960194343701,-0.618305429583415,1.13664225046523,1.0701085429173,-0.677352565107867,0.17291623656638,0.898596088634804,0.654007583856583,0.455883678747341,0.129215171327814,0.0642006704583764
-0.320227130316198,-0.17729526036419,0.353325350442901,-0.421618733322248,-0.441535115474835,-0.0318383962847292,0.1070581167005,-0.188570322655141,0.197426209459081,0.18952069231309,-0.847632210468873,-0.811119555495679,-1.37152773281559,-0.507822706829756,-1.1587883150205,1.23272017948329,1.05292615760118,0.221326761413366,-0.137090518372133,-0.666297922376543
-0.467419650638476,-0.229724417207763,-0.220551204169169,0.45984921627678,-0.15794462012127,-0.284629494650289,0.0125668132212013,0.129018800379708,-0.141094037052244,-0.206224623927847,-1.08206923864782,-0.923323064111173,-1.45951909362338,1.29293426242657,1.42137275263667,-1.44759184797294,-1.40713577438146,0.456049194792286,-1.22145028389059,-0.851956176571548
0.283028027275577,-0.170630356529728,0.487488707061857,-0.00283171352930367,-0.0639360724017024,0.0683291640132666,0.243220823910087,-0.189022348774597,-0.252713960269466,0.150334173906594,-0.347050256794319,-0.509410895872861,-1.29797518649139,0.700924508040771,1.42634217767045,-0.889882513554767,-0.804270460736006,-0.224418107187375,0.732438840670511,-0.00740493927150965
-0.106995430309325,0.0740433703176677,-0.105559694813564,0.406329135643318,0.189980889670551,0.216022058995441,-0.0224950710777193,0.00187699184752999,0.0991775998380035,0.259934444027022,-0.631998068187386,0.460481109330431,0.34833175688982,-0.786309757037088,-0.760340981651098,1.13795671309344,-0.649309110129252,1.03902755468152,1.1196267621126,0.276044902391732
-0.00796886999160051,0.193493654485792,0.0190529343672097,0.362291997298598,0.242704212898389,-0.0999372388701886,-0.190360139636323,-0.0900505966041237,-0.0811543336138129,-0.0729929165448993,1.16676798323169,1.28798871743493,1.44346280372702,0.913941812468693,0.114170943852514,0.999595388537273,-0.694074153201655,1.11392398760654,-0.341146538732573,1.30914832209237
0.0288424689788371,0.285058070207015,0.0118637303821743,-0.164891097927466,0.425527138635516,-0.194378271186724,0.126001317612827,0.00518919448368249,0.0514442638959736,0.031105742091313,-0.638110256753862,0.000836409162729979,-0.757209411123767,-0.372869881801307,0.389426148729399,0.571653160499409,0.93570379447192,1.15780593222007,-0.495071415323764,0.309452322078869
0.354552022414282,0.124987803865224,-0.020898544928059,0.156864626798779,0.219797987723723,-0.0560082452371717,-0.092270000372082,-0.174394492199644,0.145746937813237,-0.0324755020905286,1.1515757641755,0.75092068919912,-0.102376809809357,0.829928369494155,0.0489433079492301,-0.555036302888766,-0.702191018499434,1.47493147663772,0.40615810174495,-1.21717319497839
-0.143438884522766,-0.163150766165927,-0.187557296594605,0.383879630826414,-0.036975878989324,-0.175849174708128,0.193443907611072,-0.275959774944931,0.0971885026898235,0.276051282277331,0.727148939156905,1.02333248290233,-0.556255320087075,-0.578937947982922,-1.24310406669974,1.3571139879059,-0.235440951772034,0.189231408527121,1.19256995664909,0.270396444713697
0.0668972197454423,0.333168897079304,0.424695450812578,-0.0892945993691683,0.471905148820952,-0.173419507266954,0.262042107945308,-0.254676008736715,0.208105617156252,0.248259359691292,-0.403809058014303,-0.433996594743803,-0.453543215990067,-1.13204905064777,0.294358779676259,-0.695152471074834,1.08079032786191,-1.12721074302681,0.462971067521721,0.717736041639
0.475760797271505,-0.174227296374738,0.0149356457404792,-0.127351843286306,-0.0791023620404303,0.00627758977934717,0.190082776034251,0.261906242743135,0.0660340888425708,0.0478976328391582,1.22357808658853,-0.41452972101979,-1.19531206344254,0.730054493062198,-1.45695602078922,-0.951864019967616,0.755890065338463,1.08933890098706,-0.00119539001025259,0.144154761219397
0.113830021582544,0.244541134918109,-0.11655570846051,-0.190741294063628,-0.348030979279429,0.240546444570646,0.187208422087133,-0.249976240145043,0.113571488438174,0.202453466830775,0.31350405793637,-1.12134663853794,1.41997392475605,0.287463832413778,0.935191028052941,1.05979628604837,0.114288462325931,-1.44433006178588,0.419070445932448,1.31020745518617
-0.13685187138617,0.261101213982329,0.44120090873912,-0.496004094136879,0.290278929052874,-0.0108831520657987,-0.0134357215370983,0.226734376139939,0.226361285895109,-0.273764643631876,-0.915378428762779,0.202149122720584,0.032837878447026,-0.210453781066462,1.41605166555382,-0.894408551277593,0.112974029732868,-0.718125693965703,0.0216956643853337,0.440443518105894
0.054034270811826,0.0559967691078782,0.208679193397984,-0.482915935572237,-0.309107202803716,-0.14483167855069,0.0502959272358566,0.271852343017235,-0.232401423761621,0.283793303417042,-1.43832502397709,-1.24956823093817,-0.133569216588512,-0.539332934422418,-0.551512841368094,-0.269773329840973,0.488356254994869,0.989615016616881,-1.2448719420936,-1.4078108612448
-0.281738275894895,-0.172894378891215,-0.16784150688909,-0.0881637525744736,0.377322020707652,-0.117493998119608,-0.000482330191880487,0.0210528919938952,0.201389273023233,-0.0741604213602841,0.420521384105086,-0.872112214565277,0.957355523016304,0.353368617827073,-0.584421750856563,0.825585945742205,0.252745996462181,0.391450784867629,-0.736735558602959,-0.497890947153792
0.270019257906824,-0.151315940311179,0.336598364403471,0.26004028134048,0.474742950173095,-0.012344386568293,0.159573584608734,-0.145619113789871,-0.162243740307167,0.231671883584931,-0.0362764927558601,-0.748450153274462,-1.18771661259234,1.41060188272968,-0.790415688883513,-0.626944388262928,0.196926306467503,-1.04363869666122,0.26165071525611,0.852926965104416
0.366907218936831,-0.332403433509171,0.353198831668124,-0.0287402381654829,0.309703685576096,0.12881349013187,0.259655310586095,-0.041854700865224,0.0102924537844956,-0.114255722332746,-1.40960458852351,-1.18304718495347,-0.901351243257523,1.14455544459634,-0.738935101311654,0.860923972679302,1.25929722259752,0.790531885111704,-0.0975674036890268,-0.236016043927521
0.321723877219483,0.46445469930768,0.0975961573421955,-0.141716809710488,0.244478292530403,-0.201037232670933,-0.237502810545266,0.173013389948755,-0.206942574307322,0.260097874794155,-0.0452118453104049,-0.228137370664626,-0.808948118705302,1.47110414737836,0.265063705388457,-0.139966990565881,1.25807855394669,0.553033471573144,-1.44307047966868,-0.640641655772924
0.14343513501808,0.213506790343672,-0.162350660189986,-0.27513436623849,0.2324178237468,-0.169731643656269,0.0263831857591867,0.193765893112868,0.00212073493748904,0.0429014716297388,0.595589705044404,0.887464773841202,-1.14271107665263,1.1156040171627,1.2936442270875,-0.616798257222399,0.772209435235709,0.111519029829651,-0.39811394456774,1.48633981472813
-0.236718556843698,-0.290116979973391,-0.405287811998278,-0.157148896250874,-0.17115378100425,0.273969293246046,-0.225838308781385,0.15887657655403,0.0227505119517445,-0.0709367644507438,-0.633277261862531,-0.481044978601858,-0.217202702304348,1.36288660112768,1.13063199841417,0.250182340387255,0.562184173380956,1.25007664854638,0.447825710987672,-0.792508302954957
0.224449215689674,-0.0449567744508386,0.216775318374857,0.324483432108536,0.276188146322966,0.209548792988062,-0.151315640844405,-0.051634999550879,-0.0981187610886991,0.124465845013037,1.44362519821152,1.19530574209057,1.13420547405258,-0.169849714497104,-0.506818709196523,1.20074137765914,1.20548091642559,0.51024377765134,-0.969118988374248,0.696550629101694
-0.141992269782349,0.478152764495462,-0.0677216616459191,0.388831794960424,0.430539240827784,0.0436425828840584,-0.292675205972046,-0.128720357269049,0.203263285662979,-0.0151626307982952,-1.16797729977407,-0.542697974480689,1.1321464497596,0.973633540794253,-0.0129661839455366,1.12993148923852,0.467356319306418,-1.45567579264753,0.47928565973416,0.0331915423739702
-0.426876635756344,-0.393704887013882,-0.368700871476904,-0.256230536615476,-0.487969819223508,-0.158036932675168,0.0758083380293101,0.253461840189993,0.127316374797374,-0.220320578757673,-1.03570649027824,-0.675854612141848,-1.26311495318078,-1.01561975246295,1.35113667254336,0.344815748278052,0.767920820508152,-1.39425454032607,0.187865651445463,-0.603959797415882
-0.13430036813952,0.0386397833935916,-0.360504869837314,-0.0273319373372942,-0.23967349412851,-0.149427980789915,-0.0344067594967782,0.241077485214919,-0.237439051363617,-0.0460305952001363,-0.727740182541311,0.447989704320207,-0.604535409947857,-0.630254272604361,1.40154905780219,0.859039050992578,-1.09004915272817,-0.168585889739916,-1.08623875631019,-1.24181925575249
0.277901484863833,-0.052405858412385,-0.116252332227305,0.0195372831076384,-0.344128832686692,-0.147506619337946,0.128439040342346,-0.0623431520070881,0.25862777098082,0.143653938313946,-0.214360564481467,-0.781679601408541,-0.8000394157134,0.0585206940304488,1.24392759008333,-0.0808101261500269,1.02514093089849,1.40835969150066,1.09374675177969,-0.0541734402067959
-0.201783814234659,-0.292098887497559,-0.31692449003458,-0.0861122426576912,-0.00785335409455001,0.287539014173672,0.0578041066881269,-0.292082030000165,-0.0355519131291658,-0.0718007808085531,-1.21445083525032,-1.01949292025529,-1.35168618522584,-1.44631394511089,-1.13676791265607,-1.30202651931904,-1.12105489242822,0.0570098015014082,1.05236029461958,0.646454642526805
0.357967977179214,0.160149584291503,-0.00487670698203146,-0.0745316576212645,0.239670157898217,0.188531700102612,-0.0436295293271541,-0.19014846207574,0.192763175815344,-0.294472340634093,0.0888387328013778,-0.886879846919328,0.103317929897457,-0.436595239676535,0.0444226493127644,1.0495531973429,-1.26111046224833,-0.444226693594828,-0.600523484637961,-0.502104903571308
-0.215988281182945,0.20256019406952,-0.091898211510852,-0.439482256304473,0.438955454388633,0.0986126080155373,0.0857520708348602,0.12001363998279,-0.041170124989003,-0.295518548972905,-1.41328917467035,1.20939262560569,-1.2199804787524,0.531026986660436,0.434621694032103,0.47488519619219,-1.06408854899928,-1.26455273735337,-0.519137488212436,0.712354003451765
-0.00180834368802607,0.294060344342142,0.0195214364212006,-0.442119968356565,0.433236680924892,-0.16703322166577,0.101067023724318,0.0652069606818259,0.205837040953338,0.0959875035099685,-1.45505663123913,-0.640358784003183,0.735561419511214,-0.498935980489478,-0.419709567446262,-1.11800536606461,-0.697312737582251,-0.969544063322246,0.570936868898571,0.930406194878742
-0.296781458659098,-0.188165076542646,-0.102373958798125,-0.394429217791185,0.290100158890709,0.177063559228554,0.105585156613961,0.0674081170465797,0.177913920767605,0.00317900539375843,0.176809587981552,0.187512985663489,0.568650034256279,0.897170693613589,-0.844313726993278,-0.816331464098766,0.172713152132928,-1.28510224423371,1.3137197108008,0.625505924457684
0.4265446360223,0.276332458248362,0.171995465643704,-0.337668533204123,0.0137993972748518,0.036476721893996,0.0148369543254375,0.162934711854905,0.00911380397155881,-0.0361963688861578,-1.13805064908229,-1.37666370416991,0.370176644995809,-1.14638209179975,-0.560341782169417,-1.06738240714185,0.222013661172241,1.186208819272,0.580724654719234,0.550921255722642
0.0954811580013484,-0.480856784852222,0.0489398743957281,-0.384084617253393,-0.2817934055347,-0.251775411050767,-0.00791416461579503,0.0760870811529458,-0.259260382968932,0.195145165873691,0.977294659009203,0.164316272595897,0.363385530654341,0.750131170498207,1.2991589626763,-1.03819459676743,0.367651491891593,-0.939954799599946,0.0671708174049854,0.00800437177531421
-0.124751790426672,0.292026225244626,0.473667693557218,-0.474934652680531,-0.419245719676837,0.25977868004702,0.240886421687901,0.135834514349699,-0.271646896423772,-0.192078560125083,0.442085919901729,0.569669556571171,1.07739543775097,-0.885915003949776,-1.42564153647982,-1.46436995384283,0.0854964083991945,1.44139006873593,-0.364692530594766,-0.167410218156874
0.0102486063260585,0.262640703935176,0.406078715575859,0.18159239878878,0.240778455976397,0.193775528250262,-0.102101397374645,0.144388772221282,0.0390487438067794,0.0906245479825884,-0.439870708622038,1.41664923168719,-0.457349536707625,-1.37588626728393,0.855505693238229,1.41254086210392,-0.0435715508647263,-0.405945288017392,-1.07708425680175,-0.19221259932965
-0.127879458945245,-0.267807176802307,0.333615841111168,0.461594845866784,0.00530974310822785,-0.285127657698467,-0.237054734677076,-0.00468119289726021,-0.130533524556085,0.146871422650293,0.970316033111885,-0.723726932192221,-1.41949985828251,0.28170154010877,0.990968232275918,-0.373217456974089,-1.19615608197637,0.0404764213599265,-0.0745594433974475,0.544687671354041
0.407505398616195,-0.434766120510176,0.119878264376894,-0.14535331656225,0.155191134894267,0.270251557929441,0.201259387750179,-0.147989342780784,0.0669951959978789,0.0800027458928526,-0.55469461879693,-1.14255807758309,-0.648583945585415,0.0214174760039896,0.239149439614266,-0.97322804806754,-0.667378541082144,0.0123704352881759,-0.159842428285629,0.995761290192604
0.222974959295243,-0.165764388395473,-0.404229678679258,-0.229652874171734,0.194419469451532,0.0313117930199951,0.0490821128245443,-0.0632522944360971,-0.288826549518853,0.137323755864054,0.436634472571313,1.4628007679712,-0.390575612196699,-0.948576403548941,0.473803397733718,-0.572919726138934,0.210850559407845,0.118520624237135,1.12949497858062,0.812131682876498
0.00839484087191522,-0.267175342189148,0.398113091476262,-0.0960050991270691,0.165515256579965,0.209259991999716,0.0263640473596752,0.148672894528136,0.230988519452512,0.259594554500654,0.6611405282747,-0.360592386452481,0.402371893404052,0.0175446819048375,0.51375527260825,0.883688047528267,0.0381535647902638,-0.842274373630062,-1.08308012690395,0.0145916766487062
0.233201900031418,-0.49786640307866,0.0576901601161808,0.433666257187724,0.206199964275584,-0.0574378998018801,0.0106237091124058,-0.226076697092503,-0.111338537419215,-0.0714384288992733,1.18005442922004,-0.839134470093995,1.25835921429098,0.67782546300441,-1.10669921524823,1.25755250151269,-1.4980693005491,-0.220393904484808,-0.20461019477807,0.686942469561473
0.240287235938013,0.422596324235201,-0.0477029622998089,0.16448874771595,0.016219891840592,0.256878627184778,0.207748977374285,-0.265150992572308,-0.155852509243414,0.0214258366730064,-0.105280660791323,-1.27777375490405,-0.495666558388621,0.171665016096085,-0.102652542293072,-1.28622252470814,-0.606232029385865,0.154797224560753,1.03339167195372,-1.47432285198011
-0.186525833792984,-0.1662669822108,-0.444504136452451,0.055926833068952,-0.324996303534135,-0.0649483418092132,0.281590256514028,-0.297422101953998,0.201224054675549,0.20380817935802,1.37018220475875,-0.990408648736775,0.880285719875246,0.903372121509165,-0.173645608127117,0.218544201459736,0.885462117847055,1.34441411937587,0.554633817868307,0.555229641962796
-0.109409627504647,-0.418490693438798,-0.160280863987282,0.0108410832472146,-0.108812301419675,0.0948629513382911,0.187103710742667,-0.00794079420156779,0.237794203218073,-0.143720514932647,-1.22417957335711,-1.4419858858455,-0.569468158297241,-0.964943994535133,-0.290200690040365,1.25635438878089,1.11923363409005,-0.897802587132901,-0.946414974052459,-0.541161469649523
0.0634447906631976,-0.152192253386602,0.325466692447662,0.391306042904034,0.0309388907626271,0.228204473666847,0.181333095487207,-0.0946619481313974,-0.226389461522922,0.0837062041740865,-1.18788095936179,-0.863273174967617,-0.164649142418057,-0.87115861941129,-0.151754214428365,-0.378554529044777,1.3195669753477,-0.530718252528459,0.260672057513148,-0.0141943478956819
-0.479560391977429,0.47680997941643,0.407180748181418,-0.377056806581095,-0.395881821401417,0.283398566767573,0.154022152209654,-0.0570305518805981,-0.271714747790247,-0.0436692071612924,1.11906214174815,-0.735757348593324,1.23845241777599,-1.03513239766471,-1.06913037132472,-0.338187814224511,-0.601196293020621,-0.0457783746533096,0.997296928195283,-1.36711681075394
-0.25770540558733,0.054400583030656,-0.109515322139487,-0.441936692921445,0.466393746202812,0.108967221155763,0.0306743829511106,0.162731798132882,-0.16539924913086,-0.0220955688972026,-1.01293102442287,1.19122741324827,0.478741365484893,-0.915169428801164,-0.89483721088618,-1.43424346251413,1.26642056345008,0.378093515289947,0.126995295519009,-0.0668359471019357
0.0456495203543454,0.0476712447125465,0.124397801235318,-0.173650630516931,-0.488409489626065,-0.270170017937198,0.135642237402499,0.0332453751470894,0.0596285226289183,-0.249701550509781,0.701476341113448,-1.29599216999486,0.158874360378832,0.905179248657078,-1.35480735311285,-0.189275979995728,1.30581602314487,0.568947978084907,-1.34014972834848,1.21765966666862
0.435007225489244,-0.498788460623473,0.258573897182941,-0.346706807380542,0.0518609823193401,0.11602846942842,0.223837727028877,0.130491480370983,0.145504856854677,0.195803668582812,0.643617046298459,0.969346294412389,-1.00930040236562,-0.65857271826826,0.353896404616535,0.871786052361131,0.0476195812225342,1.4736736016348,-0.373910696944222,0.933001980185509
0.0974262920208275,-0.375460546696559,-0.34345080354251,-0.0565547356382012,0.411372404545546,-0.10929734702222,0.289516855124384,0.278831274854019,0.167959184478968,0.0871224580798298,1.33010736876167,-0.156068173237145,0.81898784218356,-1.23494514939375,-1.18525982717983,-0.182749837171286,0.562911692541093,0.0524917335715145,0.569474506191909,0.345692307455465
-0.289002562640235,0.464657178148627,-0.0427525504492223,0.334677002858371,-0.171272762585431,-0.105456421896815,-0.0646536692976952,0.0363864501938224,-0.152519789943472,-0.087561593670398,1.14011966250837,-0.380962656112388,0.0877696573734283,0.11451338371262,-0.988847797969356,-0.0632322274614125,-0.016873060259968,0.278851475799456,0.0360028725117445,1.03739389800467
0.154693322023377,0.118253503227606,-0.435151513898745,-0.0863797375932336,-0.167780220508575,-0.249739336548373,0.198697427334264,-0.119664362026379,0.0157528622075915,-0.0816432484891265,0.756787114078179,0.836891910759732,1.42592640523799,-0.686085107037798,-1.33583687595092,-0.046008097473532,1.39964846684597,0.165326136862859,-0.0270586707629263,-0.161278186831623
-0.166823115665466,-0.335810909979045,0.101369980722666,0.00138512463308871,0.0831378158181906,-0.174408789910376,0.205858431849629,-0.203711948124692,-0.19118638378568,-0.156463386677206,-0.316940990276635,0.47067014942877,-0.331921916920692,0.946928671561182,0.941874853335321,0.105612957850099,-0.0599417947232723,-0.0484698491636664,-0.84279470751062,-0.113281924277544
-0.458330311113968,0.0475833374075592,0.426228634314612,0.451395973563194,0.374777059303597,-0.0542340779677034,0.289343348192051,0.153735389281064,0.263866812223569,0.0644426230341196,-1.30313102435321,0.947701763827354,0.98963418812491,0.583998035872355,-0.941672827815637,-0.12479943386279,-0.792192840250209,0.114742809673771,-0.324779491173103,0.692892655497417
0.135706281289458,-0.0753591400571167,-0.303254333557561,-0.0682406546548009,-0.157224241411313,-0.116739757731557,-0.221447557210922,0.208451636647806,0.264470567554235,-0.178369385423139,1.24166681058705,-1.05008373549208,-0.560387038858607,-1.37364880694076,0.949013364035636,1.23968576383777,-0.754027706338093,0.846076511777937,-0.580870545934886,1.48305071541108
0.00419708294793963,0.118496048729867,0.0519158376846462,-0.385569106088951,-0.0592374568805099,-0.183386928448454,0.0217813968658447,-0.227088011009619,-0.227131577208638,-0.262146139517426,-0.320292153395712,1.26043812534772,0.134942511096597,0.429259138880298,-0.918667711084709,-0.724193334113806,0.0912192764226347,0.527809530263767,1.35481178294867,0.0978916827589273
-0.0864989329129457,0.408045071177185,0.0743465977720916,-0.0133228981867433,-0.264492180664092,0.283501008991152,0.0647520024329424,-0.216743218945339,0.0344324806239456,0.295199356321245,1.46767125511542,0.0118472592439502,-0.0801656933035702,0.0793153003323823,-0.393476037774235,1.40240752673708,-1.34181206021458,0.93525208812207,0.747944093076512,0.00929495017044246
-0.0253430940210819,0.103603552095592,-0.38652692665346,-0.138447376200929,-0.140441900817677,-0.0499032937455922,-0.178932493412867,-0.054284937819466,0.00212557674385605,0.141093951417133,0.533437615027651,1.04455425962806,0.7879611288663,-0.215878796065226,-0.634415815584362,-0.0834895460866392,-0.558731187600642,-0.320166564546525,0.834434566553682,1.35865537589416
-0.315348609350622,-0.247299956390634,0.117925341241062,-0.0649463885929435,0.195534841855988,-0.0333686507306993,0.0203856366220861,0.123186053568497,-0.206018633907661,0.0138201200868934,1.17329005384818,1.49993970058858,0.908591100247577,-0.300525034312159,0.480284905526787,0.162116297520697,-0.691391270142049,1.24893299303949,-0.413255856139585,0.344844267005101
0.170479665510356,0.232581533724442,-0.101776672760025,0.24784245621413,-0.298513591755182,0.180390360346064,-0.230086798360571,-0.215636980952695,0.289374207286164,-0.199412351148203,1.19066882296465,-0.981745213503018,-0.0844381609931588,-0.268607524456456,0.34314420260489,1.42319750762545,-1.01062696217559,-0.205997863551602,0.22348919743672,0.959811111213639
0.153275054879487,-0.486814490752295,0.0907269846647978,-0.0361787308938801,0.443624397274107,-0.268327503511682,-0.258135280106217,-0.073122099135071,0.0462445435579866,-0.24425002830103,0.292847541393712,-1.13627154263668,-1.39529153052717,-0.474052788689733,-1.13367661857046,1.41030355123803,-0.562283197185025,-0.549518678337336,-0.00866503408178687,-0.723265327513218
-0.266306955600157,0.45881147752516,0.497849829029292,0.170873431256041,-0.104085860773921,-0.033866484509781,-0.0899712649639696,0.248370800027624,-0.230838685948402,0.222057571168989,1.38103330344893,-0.266497312579304,-0.473232750082389,0.197024364955723,-1.42589610046707,1.42104220599867,0.208279116544873,1.06986101553775,0.781390999210998,-0.209892104845494
0.415977880125865,-0.0207975495141,-0.194376748753712,0.469979137647897,0.285643424140289,-0.191440657759085,0.186858840007335,-0.246813481952995,0.0549540045205504,0.192666897363961,-0.966009849216789,0.403327259235084,0.583380756899714,-0.919633965007961,-0.0315038908738643,0.293104840675369,0.880060467403382,0.152646865462884,1.03021068871021,-0.862217800458893
0.408172876341268,-0.348380188224837,0.337447026278824,0.265992941102013,0.38417359162122,-0.0631244273856282,-0.00140161039307712,0.296538679534569,0.160548805072904,0.0202568639069796,-0.436729433946311,0.573397528147325,-0.993336576735601,-1.4156201092992,-1.43772303988226,1.3532244139351,1.0363913141191,1.29528309870511,-0.351511535933241,1.14447877183557
-0.0739198783412576,0.307345081120729,-0.270273329457268,-0.325324659468606,0.082030488178134,0.0716561102773994,-0.204543516878039,-0.216008189320564,-0.271082155220211,0.149812279315665,1.43713472178206,-0.730827195569873,0.92155571677722,0.797639319906011,1.07296281075105,-0.365855403011665,0.419903507223353,-0.321046534460038,-0.934591792523861,-0.193543874658644
0.330552447820082,-0.163811344886199,0.224076801910996,-0.391924196854234,-0.0683350635226816,0.00567663190886381,0.133149715326726,-0.138108438206837,0.171141825942323,0.136811469588429,1.03121415758505,-0.807037904625759,0.935012654867023,-0.964963363716379,0.578019505133852,-0.621208904776722,-0.990786227630451,0.865975063992664,0.214337768498808,-1.47012211731635
-0.400406070286408,-0.153706361074001,-0.247678533196449,0.210817964980379,-0.351978755788878,-0.119929533312097,0.0583897530566901,-0.285494664357975,0.291694704070687,0.050521501712501,0.585738078458235,0.137283048592508,-1.23627918865532,0.315079160733148,-0.73482521250844,0.124336800305173,0.957444770727307,1.37855035462417,-0.415338247781619,-1.43435548734851
-0.46915559261106,0.430473020300269,0.396808001212776,0.493837401736528,0.377200557850301,-0.0616240125149488,0.221300074411556,-0.137356467638165,-0.251572743896395,0.0169515456072986,1.24894504551776,-0.866669242735952,0.582768579712138,1.03649075841531,-1.20323695591651,0.0664112563244998,0.727123281452805,-0.36157582886517,-0.961499884491786,-0.839435629779473
-0.126759666251019,-0.422553922515363,-0.102244541980326,-0.118674269644544,-0.0614941427484155,0.104906962020323,-0.0156719502992928,-0.208547505363822,0.0424175744410604,0.299399129021913,-0.826221298193559,1.21548749227077,0.47128679137677,1.3506377201993,0.521368796238676,1.42667860351503,-0.367956798523664,-0.0370629164390266,0.601315670879558,0.282516044564545
0.04497638810426,0.288947662105784,-0.288145524682477,0.321726199472323,-0.0556265560444444,0.113186012813821,-0.268686854140833,-0.234181232191622,0.204134050989523,-0.227472899062559,-0.99775029416196,0.398605580907315,1.42501984722912,1.00681409100071,-0.869052187073976,1.32415959052742,-0.145816108910367,-0.461337623186409,1.45577816013247,1.47781444410793
-0.416400385322049,0.484217700781301,-0.101666731527075,-0.40379609935917,0.11854020296596,-0.0721778397448361,0.0616881951224059,0.152534948615357,0.00885106916539369,-0.236177480500191,0.604692781576887,0.897019741125405,1.26006436371244,0.0708324008155614,0.356990053318441,1.20707160537131,-0.830147340428084,-1.37524894508533,0.327947693411261,0.549701766343787
-0.371631955727935,0.384973150677979,-0.0583309174980968,0.47795822750777,-0.296507201623172,-0.0064587534405291,-0.147711600316688,-0.153631159337237,0.263164744572714,-0.13313426496461,-0.185816443758085,-1.32782110688277,-0.265121132601053,-0.780790430260822,-0.483613459160551,1.31024170923047,-0.368441595230252,-1.49122353340499,-1.28854920552112,0.916901677614078
-0.409845676505938,0.223986721131951,-0.487357904901728,0.249601651448756,-0.408180490136147,0.0422613090835512,0.0681638974696398,0.23968041180633,-0.196842024615034,0.100116612995043,-0.971986572956666,0.935512668918818,0.754775411915034,0.526551281567663,-1.38930011540651,-0.227791697485372,0.35186673165299,1.36089492123574,-0.297902799909934,-1.02555392473005
0.464930188609287,0.401342712342739,0.0494794740807265,-0.476825656602159,0.111979738110676,0.180868059815839,0.158498760731891,-0.0346103740856051,-0.0595025234855711,-0.026978995045647,-0.352918389486149,-0.505058504641056,-1.09046977199614,-1.43629303411581,1.36225652997382,0.0289641085546464,-0.908536435570568,0.767801800277084,0.475760178873315,-0.674887597560883
-0.0429293811321259,-0.153034886112437,0.396394293522462,0.395845528459176,0.0720670525915921,-0.180881290929392,0.0611252630129456,-0.0148458946030587,0.190906713344157,-0.107357961824164,-0.661523730726913,-0.720307268667966,-0.305560022592545,-1.14147633360699,-0.354406423866749,0.71178698237054,-0.228057945845649,-0.0145098755601794,0.26095424615778,1.20986835518852
-0.187988482182845,0.298495264025405,0.129938486497849,-0.244523178087547,-0.103978614788502,-0.228504900773987,0.218773554079235,0.127942981431261,0.0552464706357568,0.195717902295291,-0.133743653772399,-0.156790988752618,-1.18886455474421,-1.11746395588852,0.206604162231088,-0.0355855424422771,-0.174874275689945,-0.945552966557443,-1.46082766377367,0.909891352755949
-0.0388753511942923,0.135427496861666,0.45966085488908,-0.116657369304448,0.175895416643471,0.0998607808258384,-0.216223733872175,-0.0811402239371091,0.275557952933013,-0.00543452384881676,0.0721618691459298,1.1996453369502,-1.22390147927217,0.456473773112521,-0.429558966541663,-1.28519083117135,0.25652426853776,0.0353652897756547,1.13366306293756,-0.193717017536983
-0.0222157503012568,-0.467717837775126,0.245644302107394,-0.469678641762584,0.40510697523132,0.0268913450650871,0.216062310570851,-0.143865841487423,0.120354919787496,-0.170809155050665,-0.789405617164448,-0.770062141120434,-0.806235269643366,1.06723985541612,0.0798275547567755,-0.959964759182185,-0.529601487563923,-0.993718255776912,0.108341061277315,0.15632407204248
-0.0141492523252964,0.34268684592098,0.00117579801008105,0.200348429847509,0.188998683355749,0.175204258365557,-0.133385540731251,0.129312661243603,0.210071728611365,-0.284138764813542,-0.807736518792808,1.24439531844109,0.0527751634363085,0.571301065385342,0.366590787190944,0.963088494725525,1.35874167247675,1.14453236712143,0.520828547654673,1.20414006966166
0.0105673465877771,0.492723999079317,0.131834727711976,-0.46981235453859,-0.0185783992055804,-0.138406281592324,0.246456734323874,-0.0362448873929679,0.108804925857112,0.0871024353895337,1.12324264249764,-0.665683713974431,1.17960022366606,0.844297528965399,-0.366602574940771,-0.522300985408947,0.121911507798359,1.4106909467373,0.658854314591736,-0.238983516348526
0.389688504161313,0.0676449940074235,0.345537674846128,0.359678099863231,0.281865410041064,-0.178279191395268,0.141575801325962,-0.224101409967989,0.213331570336595,-0.292463294137269,0.984601559350267,0.827283248305321,-0.164363079937175,1.19232738018036,0.545141828013584,1.27442030142993,1.3739837394096,1.35741018131375,-0.18258990207687,-1.07466268935241
-0.166647340869531,-0.422986256191507,-0.149908970110118,0.319615806918591,-0.173049245029688,0.0658139920793473,0.0885862413793802,-0.0835556047037244,-0.0566142708063126,-0.111722414335236,0.536947879940271,0.681003349134699,-0.315204077633098,1.10825690324418,-0.71356227924116,-0.269835349638015,0.416885172016919,-0.477627944899723,-1.23428959306329,-1.49785409867764
0.460727722616866,0.260951889213175,0.197675708681345,0.188411840237677,0.328706630971283,0.21631831554696,0.195987021597102,-0.0388479419052601,-0.126437114551663,0.147041112883016,1.41237064800225,0.683220601407811,-1.29930000635795,-0.970551885897294,0.178671640343964,0.239668944384903,-1.20876607694663,1.49417502712458,0.171483213314787,-0.672023627674207
-0.00673082820139825,-0.172799106920138,0.0612762537784874,-0.267314950935543,0.0594319787342101,-0.275644164020196,-0.116427536029369,-0.146339499671012,-0.022337440168485,0.27020298242569,0.414481226820499,0.843422173289582,1.46400451124646,-1.47035249113105,-0.689570933813229,1.19731154409237,0.392937318887562,0.285939463181421,0.308665496762842,-0.437279337085783
0.322688330663368,-0.280108803650364,0.0176936583593488,0.235464635770768,0.361490582348779,-0.276833206554875,-0.0257402052171528,-0.0579306410159916,0.0192716590594501,-0.285395469563082,-0.550524075748399,-0.484512543305755,-0.182492025196552,0.863740056753159,0.852244162000716,0.269801460206509,0.427433838369325,0.680893418379128,1.45892322971486,-0.713453329866752
0.170546278823167,-0.468168477993459,-0.316976720001549,0.0234252128284425,0.301481033209711,-0.0210722840856761,0.0364724092651159,0.0969103819224983,0.236601931555197,0.238818966178223,-0.138372455025092,0.71660145604983,-1.25367706432007,-0.135409070178866,-0.96796114789322,-0.534344502724707,0.0542664520908147,0.443311122944579,0.728890719590709,0.904796313028783
-0.424646413419396,0.19945745752193,-0.16587657853961,-0.221996741835028,-0.497935199178755,0.276279531000182,0.0415639100130648,-0.290455540968105,0.298504333756864,0.244561967113987,-0.70734223164618,1.35143214510754,1.42017626110464,0.516492134425789,-0.460600559134036,-1.12482919497415,0.167910050600767,-1.25220161536708,0.44859146559611,-0.557681213133037
0.234361920272931,0.210254650330171,0.268291942775249,-0.336809288011864,0.197261542547494,0.157757295062765,-0.0806740938685834,0.29452230152674,0.0996034665964544,0.226443331874907,0.382163721369579,-0.225772024830803,-0.29356185416691,-0.794041488552466,-0.883670742390677,0.398324680980295,-0.300307655939832,-1.11989969434217,1.2222680230625,-0.406567690428346
-0.48057868797332,-0.397929289611056,-0.0615241648629308,0.0521178038325161,-0.13013407937251,-0.121597692696378,0.263387864688411,-0.039565907092765,-0.23002145960927,-0.236473766807467,0.0791586767882109,1.38239280413836,0.425251338863745,0.0290667065419257,-1.12704612105154,0.414343697950244,0.707832459826022,0.85246941796504,-1.09139844845049,-0.532520368695259
0.284314082935452,0.494568956550211,-0.374644856201485,0.167223114287481,0.452834381489083,-0.139563836948946,-0.223185025295243,-0.0385631495621055,-0.0793523909524083,-0.0134399595670402,-0.17754214676097,-0.666191029362381,0.502223601099104,0.509844245854765,0.642011607997119,0.801004870561883,-0.810135906329378,-1.33061245805584,-1.23234291281551,-1.01575030689128
-0.324197081616148,0.194805913139135,-0.307828365825117,0.465404602931812,0.476278880843893,0.00727976141497494,-0.209915715549141,-0.159525967156515,0.278330549877137,-0.0406329948920757,-1.20448337635025,0.491457065334544,1.15161101287231,0.953292844584212,1.41821806901135,-0.978063475806266,0.890064622275531,-0.979281406151131,-1.17555287783034,-0.623504312708974
0.0437947595492005,-0.0339158133137971,0.0120282091666013,-0.0335046881809831,0.0917191926855594,0.280716475658119,0.209301012614742,-0.290369495563209,0.158523997105658,0.0118373698554933,0.048335260944441,0.0169367291964591,-0.98059556633234,-0.9644040602725,-0.547963611781597,-0.363640259485692,0.936333145480603,-1.08511258056387,1.1890646063257,0.0411313308868557
-0.474929411197081,-0.453004592331126,-0.445999013027176,0.247255832888186,0.426478316541761,0.0757252114824951,0.195434960816056,0.00449766302481291,0.18493627589196,-0.211781096924096,-0.685172957601026,0.963564909528941,-1.05354903568514,1.12142605357803,-0.0294921733438969,-1.081184923416,-0.674654705682769,0.910197857301682,-0.971789593342692,1.12219004728831
0.415934006683528,-0.271299105137587,0.395984297851101,-0.25296557508409,0.18674951302819,-0.171314791264012,-0.145076769171283,0.125073651317507,-0.168284741370007,0.162455629371107,-0.978764362167567,-1.46144893812016,-0.0808710667770356,-1.37800981267355,0.0585141421761364,0.522351602325216,0.010969016700983,-1.40251269377768,-1.14267019252293,0.327436901628971
0.216099543031305,0.0504936850629747,-0.257098146015778,-0.117418092908338,-0.353034789906815,0.214604279352352,0.293245901959017,0.186782555188984,0.0849317782558501,0.204529985412955,-0.115628965431824,0.419050751952454,-1.23400887893513,0.982932092389092,-1.26370598003268,-0.856544697191566,0.955097527010366,-0.340025237062946,-0.905358235817403,-0.33977134572342
-0.230824497528374,0.279355067992583,0.450820924248546,-0.0919940290041268,0.183882512850687,0.253367009852082,0.0928796511143446,0.101424737228081,-0.0802174990531057,0.222667064890265,-0.976588825229555,0.99619674263522,-0.502969746245071,-0.867075575748459,-1.16391239594668,0.272809073561803,-0.892756442539394,-0.986331350868568,0.867741509573534,1.25094260810874
-0.0498563710134476,-0.0802301210351288,-0.309098581317812,0.0843639941886067,-0.126878114882857,-0.144560286356136,0.0645331956446171,-0.269393401779234,-0.272430875524878,-0.0193036780692637,-0.383995317388326,0.426683931844309,-0.938713531242684,1.06945976335555,0.420179832028225,-0.678566463058814,0.313803350552917,-0.048067724565044,-0.362137982156128,0.602967827115208
-0.0806986459065229,0.43784614210017,0.16469901567325,0.488780687795952,0.461707617854699,0.0432130359113216,-0.233042016997933,-0.171137108607218,-0.116980390856043,0.101026570843533,0.801937910495326,1.07817519293167,0.280862268526107,0.604568388545886,0.441409127321094,1.26209305948578,0.522168754599988,0.723430779296905,-1.42213818035088,0.534074421040714
-0.425477196229622,0.0967480263207108,-0.245284490752965,0.203772856388241,0.461142570944503,0.187661581020802,0.238266894361004,-0.252743224008009,0.190251683676615,-0.0439654979389161,1.05598477832973,0.288896423298866,-1.46003211708739,0.806029888568446,0.209786826046184,-1.13788626948372,1.34804164781235,-0.279698580270633,-0.808665175689384,-0.498759444337338
0.0770933295134455,-0.121014435077086,0.448039628798142,0.0902580735273659,-0.269386761821806,-0.282030657771975,-0.0358710327185691,-0.295408404059708,-0.112414499139413,0.278040001960471,1.27219850756228,-0.665754187619314,0.680570513242856,-0.740372081520036,-1.30587463011034,-1.14184770779684,-0.466498845722526,-1.26287852204405,0.957519574323669,-1.14443960040808
0.491997554432601,0.279058687156066,-0.492157209431753,-0.490888871951029,0.013702662428841,0.145923400623724,-0.215052274474874,-0.164660879177973,0.257970015658066,0.267065727571025,-0.999490169808269,-1.01068271510303,0.0466796241234988,-0.136083235032856,0.551615371601656,-0.621534683508798,0.110633165342733,1.10667273122817,-1.16814692085609,-0.783646582625806
0.257411759346724,0.0114377550780773,-0.419805290875956,0.149489327799529,0.353886608034372,-0.154818006092682,0.290227368101478,-0.180629134504125,0.109876977140084,0.0497392144985497,0.897898765280843,0.324339828919619,-0.430350890150294,-1.39999556355178,-1.42819377710111,1.27865016181022,-0.816599353216588,-0.440760562196374,-0.447956819320098,0.0264247802551836
-0.2775278033223,0.499465041095391,-0.204950324259698,-0.296651407377794,0.4651055757422,0.0269794218242169,0.228486782452092,-0.298903748206794,-0.273560993140563,0.160169738950208,0.661788317374885,1.03496607206762,-1.49819259974174,-1.04530424368568,1.07941232761368,-0.218669336289167,1.38478069240227,0.447541848756373,-0.840112643083557,-1.00347480084747
0.475585140986368,0.352428247919306,-0.276805369416252,-0.491746612591669,0.31552693946287,0.0246157722081989,0.207292226655409,0.0516503364779055,-0.282272288342938,0.0379958275705576,-1.20979246892966,-0.831791644217446,-1.2721993024461,-0.206231854856014,0.727633327944204,-0.58594585256651,-0.246665053535253,-0.301478647626936,-0.740721414098516,-0.87938626203686
0.331421077949926,0.34158672625199,0.464247994823381,-0.108918885001913,-0.326554203871638,0.28165643485263,-0.101290811877698,-0.0957426857203245,0.0980147835798562,0.262216521380469,-1.48928870866075,-1.42363291676156,-0.504080099053681,-1.39023024612106,-0.414112819125876,-0.825080265523866,-0.0123224628623575,-0.216272705700248,-1.10753770591691,-1.34713756665587
-0.323031640611589,0.370029698591679,0.161485680844635,-0.379257953260094,0.429693793412298,-0.210656862845644,-0.145994461979717,0.261544658895582,-0.100413972185925,-0.284329765336588,-1.26200597919524,0.997373257996514,0.0282004424370825,-0.96753915399313,0.777314441744238,-0.325616343179718,1.29728911933489,-0.303321490064263,-1.25120787229389,-0.554773141164333
-0.460781316505745,0.338709187926725,-0.0583147988654673,-0.0362124505918473,-0.488344555255026,0.171876353630796,0.0417182722594589,0.0743012513034046,0.100739708449692,0.141364951198921,-0.895314710447565,-1.01627412764356,-0.664022550685331,-0.522789370268583,-0.627957870718092,0.12928217696026,0.165702246828005,-0.758860494475812,0.432595393387601,-1.47736334754154
-0.431670647813007,0.33678658050485,-0.242491151206195,0.174287543864921,-0.0349694488104433,-0.0477851397357881,0.0856415991671383,0.0152444384526461,-0.229622187232599,0.159475265303627,0.443477815948427,-1.47029188438319,-0.67406311724335,1.13362431549467,-1.20832303189673,0.0955088026821613,0.813833066727966,0.107547377469018,0.372021591290832,0.480619899462909
-0.173727014800534,-0.388390050269663,0.0340612847357988,-0.410246696788818,-0.231357041047886,-0.225916097033769,-0.17809769064188,-0.25743925916031,0.0524594311136752,-0.156073072599247,-0.923813948174939,-0.514146445551887,0.313942740904167,0.567476947093382,-0.609413856407627,-1.25846796669066,-1.32829607790336,0.658689596224576,-0.948367769597098,0.260935161262751
0.391117176041007,0.0928778238594532,-0.278749308781698,-0.430998930474743,0.429256415460259,-0.0579306927043945,-0.251713886903599,-0.154515070840716,-0.136304018553346,0.0111694207414985,1.46160263218917,-0.324979771161452,1.07065375079401,0.297574159456417,0.430145103950053,1.30293207219802,0.472218020819128,0.371482766233385,-0.132621716475114,0.852828439325094
-0.269562013680115,0.163610561517999,-0.0413990176748484,-0.160977132851258,-0.331004598643631,0.20825730334036,0.258509111311287,0.2568294220604,0.222118985513225,0.111319364374504,-0.0822390324901789,0.0639519940596074,0.231185571989045,1.49434805335477,-1.2832392565906,-0.56926132296212,-0.0276218173094094,0.885641037952155,1.11953805573285,1.11839349358343
0.139630893012509,-0.478916294872761,0.236169480485842,-0.420061485376209,0.150668695801869,-0.147049242211506,0.121263431198895,0.29114666855894,-0.178719842573628,-0.180954501824453,1.21680469857529,1.42261465732008,-0.708470208803192,-1.2995178680867,0.788305277936161,0.158849563216791,0.121021162485704,0.450147188035771,1.34273040038534,0.994983894517645
0.0400133254006505,0.148269326658919,0.423805225174874,-0.320474589476362,0.0164263781625777,-0.117196104303002,-0.097959800530225,-0.037560123950243,-0.186462793545797,0.135790588147938,1.47045460226946,-1.26426106598228,-0.547628371277824,-0.117895863717422,0.525001294445246,1.02210171637125,-1.08953764149919,-1.362903194502,0.57418441423215,0.921805873978883
-0.481659162323922,-0.294070962117985,0.0323482828680426,-0.378450341755524,-0.0563921404536813,-0.137095781229436,-0.133276360854506,-0.141244552424178,-0.197103041550145,-0.07985601243563,0.11891140602529,0.0831689299084246,-0.212430233135819,-0.330331076402217,-0.833569001639262,0.698477166937664,1.31904618465342,0.200675401836634,0.754950801143423,-0.506488113664091
-0.0223890002816916,-0.171527863480151,0.421968428883702,0.190328127704561,-0.331568182911724,-0.281811860064045,-0.204073219466954,0.123301805835217,-0.211368688009679,0.188425543159246,1.10697685950436,-0.478377525927499,-1.19854042259976,-0.282910102279857,-0.911722846794873,-1.49791172845289,-1.28360984567553,-0.347310424782336,0.6076993457973,-0.0867348206229508
-0.30555708729662,-0.199718573363498,-0.429417262319475,0.112670514034107,0.0699562125373632,-0.0878891208674759,0.204197633871809,0.294747817190364,-0.0880989816505462,-0.176758787082508,1.49683645251207,0.695523659465834,0.527126991888508,0.882001501740888,-0.905432623112574,0.174644062528387,1.1929844871629,-1.47169391834177,0.895249364431947,-1.0009486831259
-0.475489188684151,-0.171632675454021,0.147105938522145,0.181214135140181,0.384476734092459,0.206205946253613,-0.224575436906889,-0.0695885680150241,-0.0492371334694326,0.288087618397549,1.30009761708789,0.722042971523479,0.648270196281374,-0.437822786159813,-0.923122581560165,1.45415596920066,-0.0896025253459811,-1.03306598262861,0.169994483934715,0.0978201753459871
0.187415049411356,0.169566215481609,0.143810524372384,-0.105663752648979,-0.497281099203974,0.19604983208701,0.0843125808052719,-0.163393811462447,-0.183015436632559,-0.209463276760653,0.40203625545837,-0.904150148620829,-0.798801623750478,-0.599632035708055,1.21000736695714,-1.28252806607634,-0.394857598934323,-0.627324786270037,-0.924490303499624,1.14815707225353
0.369391400367022,0.284322366584092,-0.0212880480103195,-0.349050318822265,-0.301320879952982,-0.0981190875638276,0.0975630421657115,0.140001131594181,0.0589196101762354,0.220614114403725,1.10553298727609,0.83866515965201,0.55262551875785,-1.09058249252848,-1.21977973775938,0.157917682081461,0.493238299386576,0.711207926273346,-1.18051701248623,-0.80375409219414
0.430688740219921,0.419310166267678,-0.480675698025152,0.100591635098681,0.0642323398496956,0.116123646637425,-0.0680182445794344,0.0931459623388946,-0.258239822136238,0.125072025507689,-0.316328400280327,-0.464305112371221,0.865911237196997,0.599696062272415,1.12248368980363,0.560034553287551,0.846118170535192,-0.943611735245213,0.652163840364665,-1.38364011235535
0.361832617782056,0.0651287636719644,-0.362211511470377,0.32964148465544,-0.305909700924531,-0.160905023664236,0.256430234201252,0.278831144515425,-0.159035136736929,0.160338392620906,1.25780551834032,1.09846674464643,-0.995109687326476,0.788228485733271,-0.123817602172494,-0.449235819512978,-0.756458456162363,-0.773550041019917,-1.41808350314386,-1.25082064373419
-0.0724961564410478,0.35079303313978,-0.277854033047333,0.470546535216272,0.115007348824292,0.222998081892729,-0.0603569245431572,0.213296369416639,-0.23692122772336,0.0855201263912022,0.606020908104256,-0.606619283091277,0.682300053304061,1.20749763725325,0.757233821321279,-0.74843622604385,-0.958979159826413,0.104341822676361,-1.18948683422059,0.0802978710271418
0.0952435969375074,-0.41802689130418,0.125422010896727,-0.0850251773372293,-0.29835716728121,-0.19923289725557,0.212991159176454,0.284446104895323,0.145710177300498,0.277238697605208,1.43379728263244,0.797987242229283,-1.091553398408,-1.13665045704693,0.0342950883787125,-0.570030907401815,0.923030805308372,-1.20090565318242,-0.550988081842661,1.1302974934224
0.0311115738004446,0.136961488751695,0.434321736684069,0.273453268921003,-0.458786286180839,0.248008258687332,0.0968651748262346,0.0133242250420153,-0.00932004335336389,0.0724706791341305,-0.584583268733695,-0.204317895462736,1.22092050639912,-0.21040131454356,0.57867643260397,-0.142869265750051,-0.273330089170486,-0.84675849834457,1.34744625259191,0.544205666519701
-0.189560105092824,-0.238127983408049,0.0806646323762834,0.30203087348491,0.471989778103307,0.0988628231920302,-0.252813656441867,0.110945232538506,-0.0184089047368616,-0.261365363141522,-1.15437635988928,-0.522644732147455,-0.107677532359958,-0.265209426172078,-1.43698070361279,0.148644989356399,0.722386786714196,-1.24197360849939,0.800375268096104,-1.08872716035694
-0.27597399475053,-0.482553776586428,0.0847977802623063,-0.214694864815101,-0.172431314829737,-0.0583588003646582,-0.220062637701631,-0.293657247768715,-0.145017221756279,0.00811406099237499,0.596493281889707,0.575800549937412,1.16709831822664,-1.02151939203031,-0.287003195844591,-1.17715206043795,-0.512328447075561,-0.824708781670779,-0.189057547599077,-1.41413247934543
-0.00131154689006507,0.231141520198435,-0.208810447482392,0.408065107883886,0.356567191425711,-0.201471099955961,0.141959046386182,-0.266088964836672,-0.0727308598347008,0.231720210285857,0.00688056112267077,-0.674279165687039,0.100536726415157,-1.12211675522849,-0.790237002074718,-0.620644530281425,-0.752421162324026,-0.283393211429939,1.29399564256892,-0.202352374792099
-0.337987208040431,-0.163098336430266,0.352984016295522,0.356047484558076,-0.449631959199905,0.192410052660853,-0.276307607442141,0.283873646194115,-0.0628499066457152,0.0222856352571398,-0.964387133019045,1.34871241031215,0.041471547447145,0.593346690991893,1.12737404694781,1.41314526647329,0.587906926637515,1.22565283393487,0.374990694690496,-1.33724013017491
0.0880682216957211,0.0564537139143795,0.0762586398050189,0.306126734940335,0.274644391145557,-0.104296697443351,-0.292294168844819,-0.171579185966402,-0.225144534604624,-0.0863796687684953,-1.12100391578861,-1.4744219945278,1.02015126845799,-1.48772008856758,-0.590746636502445,-0.0172793995589018,1.17630223254673,0.700464703375474,1.47691127588041,0.644633238203824
0.427539084572345,-0.0160009765531868,-0.480654341867194,-0.123117307666689,-0.0076813381165266,-0.288832215545699,0.0668922497425228,0.10666083348915,-0.130978278256953,0.129376111552119,-0.0735593705903739,1.16623713355511,0.683217039797455,0.277114012045786,-1.24696730822325,-0.144269056851044,0.658940203255042,-1.03512910776772,-0.955994356423616,1.24211993068457
-0.116197230527177,0.257664592005312,-0.155755331739783,-0.372585829813033,0.297982343938202,0.0825382672715932,0.0678188051562756,0.0856293349061161,0.243409017333761,-0.0771867950912565,1.47501748404466,-1.27823462686501,-0.675312700448558,1.30616070586257,1.2547171083279,-1.21681382786483,0.707373765762895,0.17296348605305,0.013744049007073,-1.17918711807579
0.309227610006928,0.354938006727025,0.00791898230090737,-0.0310707320459187,0.372080535395071,0.0539063011296094,0.0997078455984592,-0.0340523439925164,-0.268957852665335,0.292282350501046,-1.2563678319566,0.911447366466746,-0.663253971375525,-1.05710623087361,-1.46046962938271,0.760721518658102,-0.238376496126875,1.17638060334139,1.04664920526557,0.81838694983162
-0.213079158915207,-0.0949850010219961,0.0727328071370721,0.470958885038272,-0.101246589096263,0.129942970024422,-0.00635971524752676,0.275903632398695,0.091455345461145,-0.197327355667949,-1.32493534684181,0.67122793989256,1.15104377735406,1.02006531413645,-0.613296318333596,0.557668328052387,1.23439796338789,-1.30847700079903,0.0572922297287732,-1.42463802639395
-9.36824362725019e-05,0.210961857577786,-0.287334844702855,-0.0723819395061582,-0.000462383730337024,0.122500855335966,0.164598335092887,0.243009143136442,-0.219720324967057,-0.0935387046542019,0.205742469057441,-1.35584181337617,-0.914547242224216,-0.147984250215814,-1.33957812935114,-0.610896577360108,1.15874426602386,0.956762847723439,-1.49956652987748,-1.10934444260783
-0.0978558452334255,-0.0390579623635858,-0.0374478127341717,0.217610460706055,0.22266347380355,-0.0600535823497921,0.236018244177103,0.139961525145918,-0.1729877803009,-0.0679266239516437,0.603408785769716,-0.614296923391521,-0.812569304136559,-0.591227223398164,1.02610762836412,-1.19155448698439,1.4629308222793,-0.588035039836541,-1.19681526347995,-1.36633080686443
0.273357055382803,0.210002947365865,0.0239026825875044,-0.130122527480125,0.430007745278999,0.280753572005778,-0.0522779422346503,0.0997391687706113,-0.269425262929872,0.0146026908885687,-0.832779690390453,0.732351385988295,1.01486152969301,-0.0355169100221246,1.46365941432305,-0.0160017041489482,0.55449004098773,0.957134461496025,-1.09406402288005,1.25426697009243
-0.0416537241544574,0.455905205802992,-0.331922437995672,0.0407378184609115,-0.372418880928308,0.243477938650176,0.000934841204434655,-0.205204435810447,0.167134647583589,-0.102995715430006,-0.70220813434571,0.963780417339876,-0.708531963871792,-0.60398946586065,0.265329162357375,1.27586141880602,-0.4995196480304,-0.172119071474299,0.818702171556652,0.947279493324459
0.159845523536205,-0.407706310739741,-0.134480284759775,-0.448913830798119,0.301274383673444,0.181173785263672,0.00373285696841774,-0.253185959905386,0.0956271710805595,-0.23647762206383,1.49169509438798,-0.208090699743479,0.315693877637386,-0.765468911267817,1.12406293745153,0.599331334233284,0.552533256355673,-0.339261791668832,-0.804097685962915,-0.0587000213563442
0.144900894025341,0.0906135269906372,-0.386006080312654,-0.0781273688189685,-0.0743237028364092,0.0102253711782396,0.290998323820531,0.250542408227921,0.256328724883497,-0.280696296365932,0.185042887693271,0.93252339377068,0.373485047137365,1.1820734187495,0.267724210163578,-0.585221350891516,0.587341446429491,1.19312600232661,-1.08192729670554,0.530307983513921
-0.277196718379855,-0.0378290778025985,0.394584861118346,0.145876069087535,0.376099906861782,-0.160539421532303,0.0175048055592925,-0.262013700837269,-0.099737022863701,0.214128800807521,-0.215208505047485,1.25264262361452,0.288642555708066,-0.795413862448186,-1.33874408109114,1.18224422307685,0.871993438806385,-1.36459706886671,0.620509237283841,0.628685773350298
0.419402197236195,0.206378743285313,0.344870193162933,0.220838879467919,0.322585320100188,-0.0926916467025876,-0.290909136319533,0.0473942566663027,-0.0933945544995367,0.0222573540173471,-0.793556826654822,-1.32062967144884,-0.369349532062188,-0.950814089505002,-0.351503455778584,-1.37918042298406,0.243904546368867,0.709907494252548,-1.42264533997513,0.363040729193017
0.170965928817168,0.373397485818714,-0.204583205748349,0.114940194645897,0.327208971604705,-0.210385908465832,-0.112888412224129,0.226141235930845,0.0685770815704018,-0.248105233674869,-0.995164818596095,1.11590669536963,1.19250444089994,-0.921686063753441,-0.00379931763745844,-0.364171102875844,0.905159783083946,0.415205196244642,1.23744515958242,1.16158304689452
-0.145554060814902,0.248184530297294,-0.483621681109071,0.322125241626054,0.234078925801441,-0.298747791303322,-0.25038254968822,0.197646485175937,0.241537992004305,0.209905085619539,1.06959899305366,-0.635752838803455,0.923938489286229,-1.14181236410514,-1.4849936706014,-0.273011147975922,-1.30964630213566,-0.431997017702088,-0.991601246874779,-0.0325206241104752
-0.230133045697585,-0.324323671637103,0.331846108194441,-0.281753397546709,0.401127056684345,0.141656969022006,0.242666838085279,-0.0716892438009381,-0.0177523140795529,0.0305495182983577,0.719098361441866,-1.060438886052,1.37891429197043,1.42676964215934,-0.984672534512356,1.38318175077438,-0.983118666568771,1.2209968494717,1.06806765077636,0.917193281231448
0.161573895486072,-0.117175939958543,0.00621534115634859,0.342453878605738,-0.353952676290646,-0.0359315645880997,0.124552299454808,0.184957348974422,0.184229898964986,-0.0958409948274493,-0.322381955338642,-1.10417320509441,1.24442036496475,-0.972293662838638,0.453265036689118,0.0384519298095256,-0.361995028099045,0.334178520133719,-0.697296462021768,-0.422416879562661
0.211548870196566,0.193627159809694,-0.455571239814162,0.0539911238010973,-0.29820621246472,0.203852191194892,-0.0669102118816227,0.248751002456993,0.0545138783287257,0.229678948083892,-0.187353693181649,-0.0790757155045867,-1.2516205762513,0.434969538124278,-0.950776020297781,1.23278663051315,0.420285783475265,-0.315587701974437,-0.650928806047887,0.168309789150953
-0.417137169511989,0.187854751013219,0.185960139846429,-0.388874934753403,-0.264576975489035,0.262879702169448,-0.0764088633935898,-0.11327959257178,-0.0995005141943693,0.17615415751934,-0.377432831330225,-1.48500455380417,-0.44433755823411,0.448417620034888,1.32555913785473,1.17853304184973,-1.14975980878808,0.538288704352453,-1.05613735690713,0.626071732956916
0.406393654411659,0.157950687455013,0.401107242563739,0.289918296737596,0.275638286722824,0.219195759762079,0.285950358677655,-0.227018136531115,0.0333009079098702,-0.154842800181359,-1.41661741328426,0.122749715577811,1.26942249247804,0.655469197081402,0.301356387790293,-0.732010178966448,-0.0620116197969764,0.657230246113613,-1.19142479728907,0.28373711113818
0.02170360670425,-0.187278837198392,-0.0316580727230757,-0.45513648702763,-0.231803860748187,0.172866736119613,-0.164065824542195,-0.167694890638813,-0.125081112608314,0.283745385613292,-0.864868356613442,-0.283218608703464,-0.17710256902501,1.08992494898848,-1.18979599443264,-0.0900544566102326,-0.424337191041559,-1.17768032080494,-0.137069752905518,1.20910338009708
-0.169535662978888,0.425018209964037,-0.256235891953111,0.0168527420610189,0.159059226512909,0.0206180095206946,-0.00603837752714753,0.00859458865597845,-0.0338102342560888,-0.00365388211794199,-1.14510238193907,0.8816451667808,-0.954450231045485,0.159240369452164,-0.471649623010308,1.22908581141382,-0.0457893891725689,-1.06637606886216,0.714975154493004,0.322135434485972
-0.203301841160282,-0.292958631180227,0.18157881917432,-0.0108405842911452,0.0937917090486735,0.110707811778411,0.12231015516445,-0.0329080689232796,-0.054479824192822,-0.164429713832214,0.0458178604021668,0.416134140919894,0.0613760899286717,0.14676927938126,-1.17675749282353,-0.511794713325799,1.13495522481389,-1.44316689181142,1.29654452763498,0.212248675525188
0.479955216636881,0.446925193769857,-0.0627091557253152,-0.243793130386621,-0.162690515862778,-0.105830613384023,-0.2606477196794,-0.0500030353199691,-0.0969398376066238,0.234576591895893,1.10812671342865,-0.262306493707001,-1.35760696185753,0.729931914713234,0.367118826135993,0.537837943062186,0.971029358915985,-1.24631494819187,-0.596446800744161,-1.06772725959308
0.0152578963898122,0.419187686638907,-0.445181477116421,-0.418744289781898,-0.366197368595749,-0.00566227328963576,0.271923877531663,-0.0746570355724543,0.166591290989891,0.196163346804678,0.799938584910706,0.611216759774834,1.29907527915202,-0.403423855081201,0.349931139266118,0.874706655275077,-1.14019773644395,-0.327421626308933,-1.32379338028841,0.0816224156878889
0.42798361950554,-0.169207090279087,-0.101298118242994,-0.0369701199233532,0.285718664526939,-0.0369720026850701,-0.112188163585961,0.0764648718293756,0.0276741664856672,-0.137595675839111,0.0817458846140653,-0.746197773842141,0.0993008895311505,0.220728273969144,0.641713891876861,0.787496923003346,-0.471965778619051,0.479397402377799,-0.428138632792979,-1.18928312743083
0.043000417528674,-0.49281515670009,0.279666363494471,-0.402663669316098,0.159987000981346,-0.271640525897965,-0.295228905044496,-0.201192962843925,-0.191998146241531,-0.0629928925540298,-0.840028534177691,1.08909148327075,-1.13358579715714,1.45388173917308,1.38643357856199,0.668210127856582,-0.22514564380981,-0.654637724161148,-0.00287195853888988,-0.139194587012753
0.162440477870405,-0.409193142550066,0.221397202694789,0.0486481911502779,-0.440440076170489,-0.261511047463864,-0.254006737098098,0.297737325215712,-0.0581143226008862,-0.193296818481758,-0.330942197469994,0.70908103720285,-0.917535067303106,-0.982719691470265,0.57746668998152,-0.943069961154833,0.0842726421542466,-0.920640363357961,-0.891644101822749,0.23725986876525
0.425538227660581,-0.0620387413073331,-0.314075825735927,0.152391181793064,-0.416159880580381,0.238024758221582,-0.235238029528409,-0.272254789760336,-0.238711596373469,0.0907082444988191,0.715261128265411,-1.4867902547121,0.929091915255412,-0.0530957391019911,1.08840577094816,-1.306414345745,-0.56165582430549,-0.496826656395569,0.130167789990082,-1.05762475566007
0.0267755358945578,-0.273533725878224,-0.231731635285541,0.293498210143298,-0.137891587801278,0.270601768512279,-0.281534858001396,0.0520340288523585,0.170882784482092,-0.273438297584653,1.17261549714021,0.656365742208436,0.491243796190247,-0.308088337769732,0.976803140714765,-0.81580149801448,1.1193117457442,-0.781266550999135,0.361248552566394,0.433898012386635
0.409681617747992,0.441297387937084,0.126047928351909,-0.270682620350271,-0.273631105665118,-0.10236260429956,0.227625513961539,0.208168640965596,0.110706601571292,-0.289918733853847,1.45437914994545,0.748809736920521,-0.0165843057911843,-1.05216371524148,0.0697752633132041,1.44910873286426,1.47596486331895,-0.109447370516136,0.17195841902867,-0.986221137223765
0.208350027678534,-0.26694001420401,0.376445189118385,0.286645145155489,-0.310754099627957,0.017890867497772,-0.0439956814516336,-0.207781986007467,-0.135893633309752,-0.0398377917241305,-0.466750868596137,0.095284715294838,0.566920154727995,-0.498995350208133,0.724301918176934,-0.109924248419702,-0.624294467037544,0.764977646525949,0.530538647202775,0.613734721904621
-0.443739807466045,0.184299332788214,0.0275329540017992,0.395383596653119,-0.0238125359173864,0.116170121915638,-0.197976529318839,-0.137863804679364,0.0708834906108677,-0.151207137946039,0.749069886049256,0.830127054825425,-1.22071441635489,-1.25641140108928,1.31376634561457,-0.932302441215143,-0.265281060012057,-0.0614099563099444,0.393781896913424,0.25449430430308
0.185855974676087,-0.219369742786512,0.330313673708588,-0.462801775895059,-0.43023001216352,0.175026875082403,0.0511943256016821,-0.27811134159565,-0.11700432007201,0.0465656608343125,-1.16851111594588,-1.41267390386201,0.295724831521511,0.992146805394441,-1.19021964306012,-1.07974956650287,1.25929551199079,-0.551532357931137,-0.482387517113239,0.389521340606734
0.476765781641006,-0.135598835302517,-0.371813648147509,0.0749866492114961,-0.249292648397386,-0.0412955573759973,0.190862070629373,-0.293509632116184,-0.181151932943612,-0.0015503534115851,-0.722146828193218,0.622537039685994,1.13931777072139,-1.26071942411363,-1.29148525837809,0.793610549764708,-0.82810764061287,1.37116005714051,-0.630086084827781,-0.760923952795565
-0.33029801864177,0.103471572278067,0.357335729058832,0.217356893699616,0.303786534117535,0.272709035407752,-0.0543080553878099,0.154690408101305,-0.273408732376993,0.0372798840980977,0.888978096423671,-0.466967051848769,-0.895244716666639,-1.2111810897477,-0.345046330941841,0.235034092795104,-0.335345427738503,1.49334232136607,0.32370487600565,-0.0394651733804494
-0.426026123110205,0.320872960612178,-0.100282004801556,0.12204246642068,-0.161244872724637,0.1779134624172,0.105401978921145,-0.11944663929753,0.0244365838821977,0.287568222451955,-1.09750401810743,1.10173458885401,-0.612400328507647,0.509436860913411,1.24139135540463,1.28144032275304,-1.233737857081,0.649066597921774,1.44458360876888,0.703005312709138
-0.155975926434621,-0.213078101398423,-0.326799582922831,-0.0645803406368941,0.110416964860633,-0.0136449124664068,0.104063332686201,0.114864104334265,-0.185384082561359,-0.163247244944796,1.29138957406394,0.772128079785034,-1.47040153504349,-0.758695727214217,1.46432175929658,1.342029300984,-0.371356014395133,-1.49610749515705,0.985208006110042,-0.882956501562148
0.114754351787269,0.399338689399883,0.354577756021172,0.234117228770629,-0.41145099978894,0.199325759662315,-0.0242635829374194,-0.283911515772343,-0.167988923750818,0.0389458394609392,0.896842621034011,0.194528983673081,-1.28059489675798,-1.41852027294226,-0.341775140957907,-0.167249149410054,-1.40369896776974,0.083707497222349,-0.332360358210281,1.4969019186683
0.0978797664865851,0.481309720315039,0.320748482132331,0.291908835759386,0.0638175143394619,-0.254648328339681,-0.198007527412847,0.091196396201849,-0.174860724667087,-0.0100926862098277,-1.1865067044273,0.952829618705437,-1.09713775548153,-0.613578571937978,-0.983608722221106,-0.326667716028169,0.717617473332211,1.33578054327518,-0.170932345557958,0.180051041767001
-0.412019103299826,-0.076303783338517,-0.140548628056422,0.424967282451689,-0.0800699472893029,0.130196682130918,-0.287508429028094,-0.124500797409564,-0.156474105175585,0.267205946752802,-0.909280923195183,-0.325284220045432,-0.782476644963026,-0.378360986709595,0.521543408045545,0.246035017305985,1.15700525860302,0.148769695311785,-0.507924278732389,0.776609520195052
-0.0757588464766741,-0.0277813691645861,0.0932438841555268,0.180319610750303,-0.256789519218728,0.0567656591534614,-0.261256724316627,0.0874757550191134,-0.0644542369991541,0.243900479469448,0.266981289256364,0.770859596785158,-0.759529737057164,1.20157269272022,0.0582001700531691,0.545666510006413,0.46286125970073,-0.960759207140654,0.528376869857311,-0.870839106850326
0.00259235221892595,0.481314191129059,0.400597926462069,-0.48586834827438,0.233793935971335,0.0449565553106367,0.0749962376430631,0.194312287587672,0.0994358432013541,0.22686441312544,-0.876966183772311,-0.602791109355167,0.144211495527998,-0.221774051897228,0.859567260369658,-0.789998144377023,0.965839302632958,0.230117230676115,-0.539039685856551,-0.509552953066304
0.358038813108578,-0.262777842115611,0.297266904497519,0.40112750721164,0.307199385715649,0.099351869802922,-0.254070614324883,0.194069646159187,-0.281197103345767,-0.252474736841395,-1.43170679407194,0.104162495350465,-1.03092452371493,1.25541894882917,-1.20102789974771,-1.09827362978831,0.933527198620141,-1.23381007625721,1.06427554646507,1.31225825543515
0.22087729210034,-0.0102616474032402,0.39990363153629,0.321391575969756,0.000549309654161334,0.13127336637117,-0.174375507887453,-0.133746023057029,0.0539079381152988,-0.267449422739446,0.127225172705948,0.198626393917948,1.18162417947315,-1.07122627878562,-0.594213494332507,1.30805008881725,0.0892588910646737,-0.73370672785677,-0.0922974350396544,0.388244649628177
-0.44009267212823,0.152322229463607,0.0933511019684374,-0.125179307535291,0.340017179725692,-0.147672665398568,0.249842946091667,-0.156010741554201,0.222408742876723,0.194466393766925,-1.37303427094594,0.103943957481533,1.12082856777124,-0.782301009865478,-1.29573249514215,-0.613469725241885,1.44782221340574,-1.06022602692246,-1.41598049481399,0.940399856306612
-0.138251441298053,0.498670150293037,-0.436978300334886,-0.107882725074887,0.153533750679344,0.00671202898956835,-0.0619242356624454,-0.209884186461568,0.218912994582206,0.294465977372602,-0.571439189370722,-0.0892469014506787,-0.82801232370548,0.736094055231661,0.225010322174057,-0.691392862005159,-0.0167339283507317,-0.295390351675451,-0.3085808577016,0.264087706804276
0.278469511074945,0.177582067204639,0.391895423643291,0.363256880547851,-0.0746533388737589,-0.235580789158121,-0.0619334239047021,-0.11598388357088,0.166514930874109,-0.246765879169106,-0.546709997579455,-1.05373869859613,0.487492494285107,-0.174446612829342,-1.41277155582793,-0.072354644536972,-1.43064651964232,-0.452683494659141,0.374206591397524,0.00615848740562797
0.414950279053301,-0.471949210623279,-0.230296431807801,-0.159854696830735,0.499741029459983,0.103112788405269,-0.144578298786655,0.0134520022664219,-0.0265761032234877,0.00673917015083136,-0.327822762541473,0.0374580819625407,-0.512273645494133,0.921641456661746,-1.43385045672767,0.732918377732858,0.231059006648138,-0.212814763421193,1.39087394624949,-1.06442971690558
-0.0736230716574937,0.129807195160538,0.236487503629178,-0.0742691403720528,0.216484496137127,-0.124746245937422,-0.161571572860703,-0.12091978029348,-0.110394172696397,-0.171213624626398,1.34655176801607,-0.20440280274488,1.19960292521864,-0.194211582653224,-1.14701938466169,0.803889144910499,0.758406121982262,-1.25070090265945,0.586200234247372,0.0370585704222322
-0.288498314563185,-0.193537957733497,0.220374251250178,0.493834543740377,-0.179599780123681,0.148730619158596,-0.295300814788789,0.124604218639433,-0.271022424381226,0.0577262332197279,-0.895440567517653,-0.838409376097843,1.28893569298089,0.87123472080566,1.18870296562091,-0.726252688094974,0.680538010317832,-0.3319789795205,1.07430315110832,0.821997878607363
-0.022060388000682,-0.051921326899901,0.12337712966837,0.477958442177624,0.2410376239568,-0.108991100499406,-0.0931899083778262,-0.0966500942129642,-0.143781805643812,-0.223623205069453,-0.0373102719895542,0.811245745746419,-0.322182356379926,-0.219753870740533,-1.15923103387468,-0.879520937567577,-0.861379554960877,-1.43376014381647,-1.20597152528353,-1.11808487679809
0.270142441615462,0.423428255366161,0.145286021521315,0.404213566333055,-0.103136598365381,-0.169630484981462,-0.0276520731858909,0.0439074311871082,-0.199251653859392,-0.294392009172589,-0.234422410139814,-1.32111123204231,0.854549581417814,-0.556675715139136,-0.733150863787159,-1.42696157377213,-0.234857763396576,0.926189644262195,0.412803678307682,1.17133974842727
0.394637102726847,0.0830441433936357,0.192764877574518,-0.202582469908521,0.00684525794349611,0.0642612221650779,0.126154943788424,-0.275738127389923,0.246211029868573,-0.0654412558302283,0.0298272343352437,0.387031628284603,-1.49047523830086,-0.00276159751228988,-0.836785408202559,1.41716539836489,0.020065731368959,0.320287677459419,1.18396083405241,-0.716836557956412
-0.438093660864979,0.133516749599949,-0.109990593977273,0.421746313804761,0.39580998243764,0.0607325742021203,0.0491498689167201,0.0586304121650755,-0.282063642935827,-0.170176941761747,0.27035849285312,-0.946126781171188,-0.386904844315723,0.224974155658856,-0.995581212686375,1.35118883941323,-0.299763933056965,0.279206586303189,-0.256760256830603,0.152935842052102
-0.061985770938918,-0.0311793379951268,-0.158071829006076,-0.0154782014433295,0.186964387772605,0.170661873975769,-0.0870855588465929,0.27917475393042,0.136082977289334,0.129168223030865,1.42590241762809,0.907130561303347,-0.719825633335859,0.207362171960995,0.270580431679264,1.03837306844071,-0.597210679901764,-1.09570316132158,-0.54306693887338,0.370526441372931
-0.409638127544895,0.0908625966403633,0.217431642347947,0.0324645948130637,0.442729066358879,0.207358760805801,-0.0994274136610329,0.151523429201916,-0.00296878628432751,0.256855427054688,-1.33895439771004,-1.4858857432846,0.230328416218981,0.0964893114287406,1.49395644385368,-0.356040140613914,0.703606410417706,-0.409233182435855,-1.15174155472778,1.38115905714221
-0.0118345725350082,0.342222094535828,-0.105245541548356,0.316778267966583,-0.220174995949492,-0.155107027245685,0.198847016366199,-0.16743905749172,0.262022195616737,0.202998100267723,-1.4542675903067,1.08683481998742,0.406411611009389,1.29045110824518,1.24418281554244,-0.303368064807728,-0.891705218469724,-0.912092097569257,0.247376549290493,-1.09020535438322
0.363558422541246,0.393263230798766,0.0362779344432056,0.237604593625292,-0.472080737818033,0.153191559528932,0.199114897102118,-0.149704079283401,-0.295033089537173,0.298399430327117,-0.330957743804902,-0.0583521891385317,-1.24161133915186,-0.586256229551509,-1.33263147622347,0.527682005194947,0.555107248714194,-0.966703948331997,0.425164844607934,0.526996038621292
-0.489492813590914,0.164025176782161,-0.117077358067036,-0.0543418014422059,-0.478458595462143,0.00217739464715122,-0.00146475546061992,0.0214935033582151,0.126926119951531,0.253865499515086,-0.95579225057736,-0.995863708667457,-0.910018756287172,-0.645893100416288,-1.11630547977984,0.306304226629436,-0.720357729820535,-0.844898097217083,1.31763691850938,-0.661638459423557
-0.280185697833076,-0.270163435256109,0.268711875891313,0.0201003646943718,-0.176481208996847,0.0413866809569299,0.0212888649199158,0.198447642708197,0.170155515382066,0.213741429615766,0.276477815117687,0.45243491535075,0.491483581485227,-1.45762005681172,-1.49528667912818,-0.0980321026872844,0.0659335716627538,0.925251730950549,-1.27031179424375,-1.2826268048957
0.168996540829539,0.388792715966702,0.244482134701684,-0.280952122062445,-0.274414473446086,0.0264635841362179,-0.268677059048787,-0.241589102474973,-0.073203723365441,0.0840751557145268,0.312125223688781,1.39805353246629,0.413743413984776,-0.733773072715849,-0.396764486096799,-1.29808289324865,0.759235977195203,0.748677669558674,0.503443856723607,-0.205652742879465
-0.278615588089451,0.323921242495999,0.38032608688809,0.0877362773753703,-0.0721066065598279,-0.0911869636271149,0.0637158237397671,-0.0995117849204689,-0.0152988106012344,-0.0732779044657946,1.00170817575417,1.42066553444602,1.09862351906486,0.938668009825051,-0.0198781408835202,0.0857035643421113,-1.27799236192368,-0.269400909310207,1.05353314359672,0.604421044467017
-0.200237033190206,0.442734801443294,0.276147696888074,0.358432187465951,0.367165069328621,-0.0939885454718024,-0.0197728863917291,-0.188840257795528,0.145751208253205,0.207997198775411,-0.241313466802239,0.0545529364608228,1.1076117453631,1.27291969349608,-0.383845092728734,-0.50766704021953,-0.823439153144136,0.663303137524053,1.10952957370318,0.707953804638237
0.0367342836689204,0.07968152849935,-0.019576997961849,0.37486312771216,0.311003000242636,-0.0845591347664595,-0.0247242882382125,-0.0683757208753377,0.133195819426328,-0.174638347467408,-0.382624085526913,-0.765445712255314,-0.158721728017554,-1.21133194235153,-0.851992409443483,-0.0266397544182837,0.326675917720422,-0.538825561758131,1.38683906360529,-0.963043735362589
-0.116628110874444,0.0126980035565794,-0.356489201774821,0.482449080562219,-0.444768081884831,-0.120593110285699,0.162284572748467,-0.2752358477097,0.0576831351500005,0.16274074469693,-1.0575977799017,-0.0738986707292497,-1.01840358856134,0.777788397856057,-0.609213090268895,0.401888210792094,-0.197414686437696,-0.624437220627442,0.409117952920496,0.0121404288802296
0.0697731317486614,-0.185264705214649,0.457154845586047,0.44079364114441,0.165359974605963,-0.00735372863709927,0.00510503849945965,-0.100235133524984,-0.218989368807524,-0.243704543681815,-0.912663079798222,-1.22371773188934,-0.249870513333008,-0.826765694422647,-0.00197772961109877,0.634852275252342,0.236730632605031,-1.21541934390552,-0.769149124855176,0.798625808442011
-0.252260179491714,-0.226944543421268,-0.043755354359746,0.11540791974403,0.413935572840273,0.0720407892018556,0.24314849646762,-0.203305928874761,0.28319531287998,0.285664232214913,-1.36142462259158,-0.17154754512012,-1.36636599269696,-0.456669450737536,0.248326984466985,0.951944672735408,0.133273750310764,-1.39994419016875,-0.19709187769331,1.35131181590259
-0.439839129569009,-0.430370238842443,0.0201946143060923,-0.0337795680388808,0.134888009168208,-0.158925575762987,0.211137161543593,-0.176576521340758,0.238771485211328,0.0327802817802876,-1.38561921869405,0.289068748941645,0.635028105229139,-1.4121954110451,0.27718592248857,0.619432982057333,-0.633715490810573,0.572663139319047,1.43535345629789,0.211699481355026
-0.15692390454933,0.172950755571947,-0.396582948043942,0.0112998334225267,0.347669706679881,-0.0277781565673649,0.21067798496224,0.282352012814954,0.0219809153582901,0.00484127020463349,-1.47935412987135,-1.19202288030647,-0.197153402259573,0.347191361244768,-0.255446237744763,-1.08298722258769,-1.47366801300086,1.2522356424015,0.51956371567212,-0.385473783127964
0.141082345042378,0.127583571476862,-0.281611892394722,0.47101684869267,-0.119334329850972,0.121818562131375,0.281103893229738,0.0274225209373981,-0.218066055653617,0.286967175872996,-1.48425230942667,-0.0966089183930308,-0.50346727645956,1.34942062804475,0.783448708243668,0.721139676170424,0.591695044655353,-1.20994890178554,0.429563544457778,0.886256207479164
-0.114892070414498,-0.436446732608601,-0.272803220432252,-0.435883164172992,0.124073726823553,-0.01024558134377,0.280950721353292,-0.0347145615611225,-0.212998218135908,-0.160510617680848,-0.853135619312525,-0.877438684925437,-1.15598764736205,0.16692511131987,-1.17242845077999,0.712370803579688,-0.73219900787808,-0.867841475643218,-0.229845697525889,1.19149577314965
-0.423674831865355,0.271617766236886,0.126126774353907,0.0796567148063332,-0.346704509342089,0.128319525998086,-0.176562116341665,0.0346472590696066,-0.0843205033801496,-0.242761401599273,0.265444514807314,-0.167371551739052,1.2626107216347,-0.275910570519045,-0.876649248646572,0.170526664936915,1.21373663004488,0.872304479358718,-1.43815081031062,0.152228060178459
0.316437585046515,0.0228379594627768,-0.267077583819628,-0.336077348794788,0.391297619557008,0.251904234616086,-0.197030933294445,-0.258768145786598,0.277051742048934,-0.194856903702021,1.10976908938028,-0.775465458165854,-0.0662948309909552,0.576129885390401,-0.29205182637088,-0.773247116245329,0.0368345780298114,0.78510018135421,-0.939976904075593,-1.10225055855699
-0.302290240535513,-0.0423179706558585,-0.457061684224755,0.0517532408703119,0.478498229524121,-0.0957280752249062,0.126268702698871,0.278899930045009,-0.0340081078000367,0.183751658862457,-0.213591197272763,-0.478417692007497,1.49484169716015,0.24537635827437,0.25827630632557,-0.954008799511939,0.578985650092363,0.689801348140463,-0.146596468985081,1.19536090409383
-0.216109110508114,0.357307779835537,-0.315727149369195,0.221754568861797,-0.00388211687095463,-0.261065671686083,0.0433903408236802,-0.0624811332207173,0.106550101004541,0.262348112370819,0.939134668093175,1.41656972793862,0.166962565854192,-0.835710115497932,0.827379434136674,0.564029873348773,-0.56026074802503,-1.48648769315332,-1.19917087792419,1.3854402510915
0.126220777397975,0.24288672581315,0.135513218352571,-0.147889961022884,0.397412827704102,-0.0420535949058831,-0.141685423906893,0.176345103001222,-0.10827949619852,-0.299291498679668,0.786126131890342,0.721651401137933,-1.20823370735161,-0.175009181722999,-0.683832894545048,-0.787727723596618,0.917140135075897,0.631085123866796,1.29118171753362,-1.38642468815669
-0.319786844775081,-0.427245221100748,0.418743981281295,0.450758205726743,-0.284635996911675,0.182238095998764,-0.231586622307077,0.161932242102921,-0.0840129420161247,-0.184738023625687,-0.846235459204763,-0.0764262853190303,-0.667305843438953,0.446720443898812,0.505333419889212,1.1443347951863,1.06698907865211,-1.11977265542373,-1.0549586454872,1.34780555334873
-0.221762402914464,-0.256493901368231,-0.111661987612024,0.0862031914293766,-0.0927896809298545,0.258600155962631,-0.227692354051396,-0.198588230274618,0.0874070932622999,-0.0852865959517658,-0.708984710974619,-1.12117009749636,0.624021893134341,-0.809819395188242,0.346635091351345,1.02304318570532,1.07010692730546,0.978809607680887,0.439503118162975,-0.0355671043507755
0.123051990987733,0.0827899381984025,-0.336600191658363,-0.0142774907872081,0.339326359331608,0.0458723029587418,-0.113824495347217,-0.0390345283783972,-0.202028124500066,0.261324827698991,1.10080595361069,-0.027151846094057,-0.972671203315258,0.738098523113877,0.23977821925655,-1.01108054257929,-0.6246359848883,0.96414616308175,1.07027850206941,1.36000224994496
0.0678667011670768,0.302040348527953,-0.0934595323633403,0.438091632211581,0.0723292217589915,0.0449157938361168,-0.227844338770956,0.0862461130600423,-0.00441381745040414,-0.097303401120007,-0.316734590800479,-0.0742143129464239,0.0814518984407187,-0.0635888215620071,0.396735533606261,0.995841857045889,-0.909137933515012,0.87793568498455,0.489182153251022,-0.0592620419338346
-0.297476967331022,-0.140657828189433,-0.0507826814427972,0.127813312225044,-0.278375056106597,-0.289069786341861,-0.0622662438545376,-0.1610702696722,0.0410455124918371,0.222174120275304,-0.662208331050351,-1.46288136066869,1.39523741486482,-0.00808454118669033,-0.837834605947137,-1.16595408786088,-0.549887114670128,-1.4963739879895,-0.132703569252044,1.09681295463815
0.307591583346948,-0.358550382778049,0.304522674763575,0.383801614167169,-0.391776542877778,-0.216665759822354,-0.031793331541121,0.077503828285262,0.22973444564268,-0.237674274947494,0.990309776505455,1.32694806461222,-0.267011964926496,-0.552936164662242,0.88872953527607,1.19550090143457,1.02809757529758,0.849720749538392,0.361093455925584,0.86918464419432
-0.386859267717227,-0.179179944563657,-0.142790595535189,0.282803354552016,-0.308394456515089,0.253997700847685,-0.0566400535404682,-0.0617954129353166,-0.184940095385537,-0.157590079447255,-0.5263094259426,-0.831390648381785,0.355643284739926,-0.157731197308749,1.09200324397534,1.08797173784114,-1.42410441418178,0.880559209501371,1.42583861458115,-1.09643416106701
-0.0729396410752088,-0.493946207221597,0.385631499346346,0.21506627718918,0.443683492718264,0.181893952656537,0.208335758792236,-0.114926762552932,0.270382360601798,0.115568436356261,-0.223361506126821,0.98208574578166,1.03942023497075,-0.166220219107345,0.19466256396845,-0.909569495357573,1.12495930236764,-0.286477769259363,1.25345289520919,0.317122179083526
0.102056961972266,-0.0221597624476999,0.193485352210701,-0.0929137526545674,0.0716242061462253,-0.0190745950676501,0.0875555131584406,0.160286829248071,-0.000437026284635045,0.0554978391621262,-0.93296181759797,-0.241856026696041,-0.958224650938064,0.56252535036765,0.535339286550879,0.0693296059034765,0.424674459267408,-1.28004336892627,0.196900279959664,0.56435867305845
0.29750125319697,-0.35444049234502,0.112868931610137,0.291025758720934,-0.170140181900933,-0.127235936466604,-0.260220920015126,0.0897319742012769,-0.250711145577952,0.0333568138070405,-0.458412220934406,0.44256438058801,0.259413150139153,-0.321245210710913,0.755805319407955,-1.48739445931278,1.04893996333703,-0.184685177402571,-1.22893280396238,-1.35017295484431
-0.292129947338253,-0.182621487416327,0.227363381069154,0.158980063628405,0.317390181822702,0.0300480822566896,0.165126684727147,0.107703309087083,-0.179840405657887,-0.0392354649491608,-0.663404834456742,-0.943097073119134,-0.555049282964319,-1.24780158489011,-0.871772980783135,1.11063999356702,0.275873909471557,0.243360203225166,-0.0197408103849739,-1.28803091682494
-0.0679995187092572,-0.207157491706312,0.467050099279732,-0.396129278466105,-0.137281386880204,-0.169658558629453,0.18975317585282,-0.143523963633925,0.0378300194162876,-0.215633479133248,1.34487843001261,-1.42231521871872,0.91427032998763,-0.715779942227527,0.694812485715374,0.651108649559319,0.591541686560959,-1.39390926389024,-1.3298235218972,-0.53909702016972
0.47817023913376,-0.327164217829704,-0.215085195377469,0.177604182623327,0.455634164856747,-0.140152954682708,-0.100399961415678,-0.121861930796877,-0.261234275065362,0.182252576295286,-1.25898363045417,-1.1127284669783,-0.327957711881027,0.773496481357142,1.46542435116135,-0.580338596133515,-0.219806897453964,0.156827411614358,-0.414003797108307,0.271420016884804
0.0539514375850558,0.379667170811445,-0.163857765262946,0.220221445895731,-0.313389022136107,-0.109762629121542,0.084095938783139,0.192824815353379,0.097024366306141,0.141284700063989,0.966934541473165,1.30069200508296,-0.036323104519397,1.34519859147258,-0.474464316386729,-0.422339492244646,0.578412994276732,1.34402949619107,0.779698350699618,0.859070418169722
-0.235822733025998,-0.0214601713232696,0.132448363583535,0.0470362703781575,0.378127981675789,-0.278130124881864,0.0915211063809693,0.0520046229008585,-0.0148369850590825,0.122861028090119,0.207898005377501,0.0977478080894798,0.229496420128271,0.265908174449578,-0.675541025586426,1.26947974786162,-0.822345230961218,1.44580906676129,-0.448041192954406,1.23118390375748
-0.0346045230980963,-0.0628422724548727,-0.127291654003784,-0.402069421252236,-0.117360206553712,0.256195816677064,-0.150877237832174,-0.00877765710465611,0.104462602268904,-0.216061936598271,-0.845011789351702,0.970242664217949,-1.24703464074992,-0.0185285594779998,-1.40802643052302,-0.271903010783717,0.654884462943301,-0.806209621019661,-1.43828982836567,-0.857188450405374
-0.422329070745036,-0.486740812659264,-0.388604633742943,0.474300857400522,0.000325145432725549,-0.186821531038731,0.114896114822477,-0.24896670836024,0.164993346109986,0.0844975066836923,1.05924264038913,-1.12970294407569,1.33037891727872,1.18104085978121,-0.140930197667331,-0.455692698480561,-1.21421594219282,1.34021143033169,1.33557593333535,1.04301501810551
-0.464417977025732,0.134379245340824,0.423214827431366,-0.415272201877087,0.309956859797239,-0.0420375888235867,0.181680771103129,-0.295647293329239,0.0904558297712356,0.295776591729373,1.49771581892855,0.332979419734329,0.332761588040739,0.963886528741568,-0.740555647294968,-1.06617722148076,-0.869919718941674,-0.248329684138298,1.48106382368132,-1.30157568259165
-0.326968678971753,-0.10616220231168,0.257126433076337,-0.37394171115011,-0.0621183111798018,0.21744623654522,-0.0441113317385316,0.0220800918526948,0.0808328661136329,-0.189161830348894,-0.959174489602447,0.880461066495627,-0.389061050489545,-0.928968722932041,0.805694201728329,-0.913961599348113,0.990503044333309,-1.44027774129063,1.01431680377573,-0.00797617714852095
0.492656672140583,0.306305411271751,-0.467491501942277,-0.155385114252567,0.250994368921965,-0.171324599348009,0.106821956997737,-0.180759449349716,-0.0180361209902912,-0.293190248357132,0.760548935970291,0.277902812696993,-1.41559683065861,0.575454740552232,1.0404336929787,-0.32577692088671,-0.350387999787927,-1.21996476547793,-0.113881937926635,-0.454982162453234
0.459974572295323,-0.0176712456159294,0.378594078589231,0.324635122204199,-0.0988172949291766,-0.126184041984379,0.176530668139458,-0.0715115685481578,0.0728790138848126,0.151217481913045,0.938317765714601,-0.941561231855303,-0.538114239228889,0.807327484712005,-1.40806079632603,1.47818625625223,1.346762645524,0.0385832833126187,-0.589179469272494,0.264853155473247
-0.412608036538586,0.301797170890495,0.344905411591753,0.291185265639797,-0.000530954683199525,0.28761879298836,-0.0293757252395153,-0.0157129031606019,0.0455474709626287,0.194233032083139,-0.525226803962141,-1.39794924412854,0.582607522141188,0.858179305214435,-1.3838126747869,1.04156762058847,-1.16619249433279,-1.32137803221121,0.144772719126195,1.01646318705752
0.0691621142905205,-0.118216514587402,-0.228325210046023,-0.106603772379458,0.0421008740086108,0.201244658231735,0.0649993143975734,0.196629792591557,0.0302207380067557,0.112617545435205,-1.40629630652256,1.10058769444004,-0.695895384997129,-1.22283300245181,-1.39661297737621,0.147432587575167,1.17329787835479,0.229449704987928,-0.297845165943727,-1.20988116762601
0.493617672938854,0.0595801586750895,0.421826938865706,0.247660900233313,0.120343699818477,-0.191366772400215,-0.00167590230703352,0.210181046510115,0.219566561747342,0.166342931287363,-1.30257358029485,-0.360508944606408,0.95576632884331,1.21325251366943,0.487132222624496,-1.46335091907531,-0.497561457334086,-0.467010735534132,-1.38521506707184,-0.87368880934082
0.492204301757738,0.107424070127308,0.307081822538748,-0.185919049894437,0.46450515370816,0.280139631545171,0.16799629800953,-0.0498989470303058,-0.0184723852202296,-0.126755015132949,0.405395108275115,1.41652058134787,-0.327247456647456,-1.09645285480656,-0.894077017670497,0.283800273668021,-1.26142685534433,0.318207669071853,-0.383411211892962,-0.0929371607489884
0.253498873440549,-0.387939142528921,-0.105747235473245,-0.0348705891519785,0.405705159762874,0.0989402324426919,0.229778811056167,0.109487757319584,0.206220851792023,-0.239313889341429,-0.523750280728564,-1.1188036466483,-0.819418439408764,1.36603664117865,-0.752733383327723,-1.3806708776392,-1.08183027477935,0.0733801054302603,-0.515653101028875,-0.210604644846171
-0.303194333799183,-0.382682085270062,0.182820148998871,-0.349931580014527,0.284192716469988,0.295577647536993,0.00511037972755729,0.0771724688820541,-0.137587673217058,-0.229362839413807,0.454418472480029,-0.546525911428034,1.08449093601666,0.402015217579901,0.108389115426689,-0.281593717401847,-0.569880823139101,-1.14561793603934,-0.162904407363385,1.13907656120136
-0.194896002067253,-0.040094350464642,0.209268288686872,0.0924213586840779,-0.213304084260017,-0.18602268313989,0.0757953350432217,-0.159308562381193,0.177248686272651,0.29865123569034,0.668172122212127,0.834088843781501,1.24029734521173,0.0297444057650864,1.11402123095468,0.871228068368509,-0.57518122298643,-0.336302284151316,-1.0160701952409,0.36430604942143
-0.200743235414848,0.110848747426644,0.460348836844787,0.295496599748731,0.176758199231699,0.0349185008089989,-0.275431624241173,-0.187212984496728,0.0843606715556234,-0.110824818816036,1.48524233093485,0.878471677657217,-1.19767194846645,1.45091501134448,-1.22968724509701,-0.0860110921785235,0.95968720712699,-0.771166099933907,-0.400792031083256,-0.178794206120074
0.0461429241113365,-0.382028280524537,0.0259914582129568,-0.358880997169763,0.16958197648637,0.0211757459677756,0.225161639973521,0.0783201625104993,-0.204364154487848,0.0019392575137317,-0.103635789826512,0.396907588234171,0.131412225309759,0.315811089472845,-0.805688073160127,-0.535599786322564,-0.167333648074418,-0.214364383136854,1.42516510351561,-0.282577178673819
0.454882411751896,-0.47934423526749,-0.403024314902723,-0.0281789181753993,-0.135399192804471,0.088029498886317,0.197012902144343,-0.11383913741447,0.0331199230626226,0.2594738970045,-0.728967083618045,0.952377578476444,0.910431775962934,-0.224491746397689,-0.421588924247772,-1.38588902098127,0.136696157511324,-0.578513447893783,0.0252965271938592,0.777829145779833
0.321874290471897,0.488466854440048,-0.152033977909014,-0.409175280015916,-0.0943791340105236,-0.034559608111158,0.0796959958970547,0.00503893210552631,-0.0774426452815533,0.153059607977048,-0.41698212060146,-0.371081313584,0.681744947098196,1.38742548879236,-0.302072156220675,-0.885794646805152,0.549989193677902,-0.51600064127706,-0.010482287267223,-0.0996562542859465
0.0067643157672137,-0.0304564654361457,-0.0360292785335332,-0.0516212517395616,0.167337691411376,-0.187730801431462,-0.130923790857196,0.00133261280134322,-0.298244889965281,0.198926139436662,-0.908334639854729,0.234594536712393,-0.932989769848064,-0.982334101572633,-0.409945962717757,-1.0133130135946,-1.17301507783122,-1.205962611828,0.793442457681522,-1.00923016341403
0.368924185400829,0.443846714682877,0.276363452197984,0.347281024325639,0.285386085743085,0.0959876901470125,-0.220222217962146,0.272209150157869,0.0222195340320468,0.136080029932782,0.757232893723994,-0.102427771082148,0.629263454116881,0.640346825122833,-0.830189529340714,0.683165206108242,-0.0542256413027644,-1.32531715719961,1.11057246825658,0.984497593017295
0.482544444734231,-0.265487052034587,0.0194617942906916,0.351022443501279,-0.160851653665304,0.0502863974310458,-0.233854210842401,-0.153079548804089,-0.134726422000676,0.110891384398565,0.762595301494002,0.458665938349441,-0.679426219314337,-1.24966873414814,-0.679838594980538,-0.596354405628517,-1.09458255465142,1.0267610012088,-0.501612521940842,1.2933076468762
-0.300988389179111,0.425331069389358,0.000275325262919068,0.247723926091567,-0.0155223496258259,0.0305321523919702,-0.243443730147555,0.247443844657391,-0.237929313769564,0.140751600125805,1.07592040929012,-1.28217873559333,0.346649967832491,1.25342102861032,-0.273657181067392,0.964888476300985,1.31318674678914,-0.453935283003375,0.643552296794951,0.411153712542728
-0.0671396455727518,0.0844893965404481,-0.177797093987465,0.00112426979467273,0.0328984842635691,-0.107620661985129,-0.0276174457278103,0.225450366083533,-0.0332347876857966,0.204794249217957,-1.12857941281982,-0.153767134761438,0.229859712067991,-1.34423662349582,0.0936121582053602,0.638778140768409,-0.283242280595005,-0.31442383560352,-1.11085422663018,-0.095821030670777
-0.377722042379901,-0.380044216057286,-0.213962971232831,-0.436536696273834,0.181021444499493,-0.0315018768422305,0.0628327032085508,-0.0748510994017124,0.263424865482375,0.125213094195351,-0.759046028601006,1.34933976782486,-1.18403734196909,-1.23219090420753,-0.346768546616659,0.215564346173778,-0.0503719027619809,-0.458337735850364,-0.101984420791268,-1.4291003854014
0.000963045051321387,-0.426426087040454,0.259114473825321,-0.021185640944168,0.00048406096175313,-0.236755545157939,0.179459071392193,-0.197553072497249,-0.297912513418123,-0.291757388273254,0.743042953312397,0.868680780055001,0.833316443022341,1.41683801100589,0.662879571318626,1.26443135482259,-0.0261595482006669,1.23974346136674,1.34637650870718,-0.974748597946018
0.108608064707369,-0.0749308024533093,0.169402063358575,-0.484734099823982,-0.153962761862203,0.243675411259756,0.0687122569419444,0.0995373736135662,0.076231406070292,0.290302587859333,-1.08900557155721,0.0160494181327522,-0.925397751387209,0.384409544058144,1.48879338009283,-0.0726091931574047,0.73539838870056,0.0121983157005161,1.37084443867207,0.533392004901543
-0.145603509852663,0.421918591950089,-0.129927741363645,0.213098350446671,-0.256749091902748,0.0449845306109637,0.271053012181073,0.00401647277176381,-0.234979192446917,0.103579462878406,-0.831240005325526,-0.803757099900395,-1.4186355737038,1.25478522595949,-0.95860081887804,0.209022853290662,1.06087718065828,0.20444180094637,1.10439723869786,0.164835923351347
-0.0935337531846017,0.304307150421664,0.247888678684831,-0.328518053051084,0.316317837452516,-0.285641982592642,-0.268853121344,-0.0528985157143325,-0.254310807399452,0.0175473833922297,-0.591297458857298,1.40702179516666,-0.521272094221786,-1.37966085621156,-1.43460280727595,-0.998460835777223,-0.580430719535798,-0.078975094947964,0.298004433978349,-0.12987394630909
-0.210056704469025,0.331303145270795,-0.101952090626583,-0.356208789162338,0.0564566550310701,-0.227993871783838,0.157051913067698,0.226935796206817,-0.286619596229866,0.194072009855881,-0.574373591691256,-0.584032270358875,0.192641692003235,1.11541860387661,1.30188563489355,1.05869919410907,-0.247599802678451,0.852818886050954,1.32670101989061,0.462075499584898
0.496705766767263,-0.224867609096691,-0.357775894459337,-0.131404761224985,-0.392987100640312,0.247677674191073,-0.0770840583834797,0.138652317691594,-0.221304380474612,0.0232313888613135,-0.728234941838309,-0.898056822130457,0.119999635498971,-0.0700170819181949,-0.0580129211302847,-0.944869666127488,-1.45900632021949,-1.43873852980323,0.04453234677203,0.662851022556424
0.192897029221058,-0.00854795752093196,0.486180822597817,-0.300280504394323,-0.180251692188904,-0.0796286421362311,0.148125224048272,-0.144619071576744,-0.155944486800581,-0.0506163178011775,-1.03711807751097,-0.0553234526887536,-1.30355600360781,1.21256355405785,-0.475380304036662,-1.31251826556399,-0.516148730646819,0.725130789913237,0.383393074851483,-0.0359819540753961
0.194928538519889,-0.15248367888853,0.286440458148718,-0.369407613528892,-0.284624072723091,-0.287381540704519,0.116993817407638,-0.245522655313835,0.0406748731154948,0.212295737257227,0.588457989972085,-1.02691705757752,0.159441345138475,0.444606949109584,-0.242901465157047,1.15779872378334,0.882432200247422,-0.231361297192052,0.693057095864788,0.677152137737721
-0.190214994130656,0.0231461790390313,-0.0742947873659432,0.466161362826824,-0.287829538108781,0.263766976911575,-0.271803145157173,0.12467295024544,-0.0750300538726151,-0.0854008471593261,-0.143458001548424,-1.25929382722825,-1.42905921419151,-0.967462653061375,-1.01336648873985,-0.163433260750026,0.732470228103921,0.213900146540254,1.1898784590885,-0.972369750961661
0.49300627456978,0.016496442258358,-0.294403911335394,0.338120903354138,0.148559270659462,-0.00876062354072926,-0.278038518503308,0.0132698616944253,0.205736680934206,0.120702635357156,0.150586044648662,0.87437041872181,0.175156696233898,0.237868789583445,-1.10306903603487,-0.0195134966634214,0.343475451925769,0.720070069190115,0.167773659573868,-1.18922425433993
-0.171870421385393,-0.358817261410877,-0.0848337248899043,-0.448603198165074,-0.476254392415285,0.000645537581294764,0.000790285225957643,-0.149160260986537,0.0836722972802818,-0.280115395411849,0.54568012082018,0.68986631766893,-0.717947279568762,1.49622362083755,0.31724543357268,0.14972052234225,-1.49413869157434,0.832382621476427,-1.24662255495787,1.31646770238876
-0.338534267619252,0.237931436626241,0.227392829488963,0.462593173142523,0.455152901355177,0.143470867909491,-0.0411926827859134,0.194281860161573,-0.0971652709878981,-0.0155681915581226,-0.0902313063852489,-0.253504217136651,0.144752587191761,1.35495576588437,0.59076568717137,0.260564599419013,0.48841426265426,-0.212163967313245,0.523301754612476,-1.18217505002394
-0.303141511976719,-0.187566926702857,-0.4332882668823,0.398987173801288,-0.0617541754618287,-0.188802048191428,0.13250909387134,-0.22510451269336,-0.163213327294216,0.197183502651751,-0.986358599038795,-1.0254732244648,0.498855040641502,1.00248858891428,-1.06303420127369,0.555630229180679,0.819743921980262,0.411133558256552,-0.37361512798816,-0.926227607997134
0.0443714533466846,-0.310724253300577,0.155683922581375,-0.0327364432159811,0.416911442996934,-0.246979570761323,-0.145104786101729,-0.0409335977397859,-0.257541511254385,0.135143117420375,0.917148037813604,0.384392512729391,-1.22190069733188,1.05054266355,-0.341189212398604,-0.958349034190178,-0.815794993657619,-0.328332969686016,1.26416850672103,-1.40799560467713
-0.0488691141363233,0.360569760436192,-0.376433705212548,0.0173694812692702,-0.0618353246245533,-0.047501105396077,-0.174275701493025,0.273828048957512,-0.109031764604151,0.293669725349173,0.0430777003057301,-1.35064889886416,1.41539749712683,0.87318755267188,0.401250990573317,0.413748859427869,-0.0451859822496772,0.927402639063075,-1.44257109984756,-1.2402542384807
-0.171378030208871,0.398347426205873,0.0557554629631341,-0.196739619364962,0.125611641211435,0.181070907879621,0.228286720812321,0.129417825071141,-0.097095467755571,0.274776354571804,0.66893846844323,-0.490797809092328,-0.597023581853136,1.14935342827812,-0.78436433756724,-0.0495910481549799,-0.374591745436192,0.18092833366245,1.28946957061999,-0.0791115928441286
-0.0905064523685724,0.22900045174174,0.152714604744688,0.255048549268395,0.455652080010623,-0.217024655453861,-0.186062900768593,0.207654693815857,-0.0733789879828692,0.254409241536632,0.150158965727314,1.49931229907088,0.134287933353335,1.03151913941838,-1.24718027282506,1.49641839880496,-1.1701828383375,1.39071804005653,0.397724418668076,-0.144426575861871
-0.367808355716988,0.151654467452317,-0.0349002969451249,-0.339954423950985,-0.182983375154436,-0.260472454922274,-0.110265957377851,0.135341037483886,-0.214487870642915,-0.287847196217626,0.149614580674097,0.500382115831599,0.931162825087085,-0.860873510828242,-1.41094948304817,-0.573935314547271,-0.982467442285269,-1.17903036111966,1.34520140499808,0.534482156625018
0.408889966784045,-0.19270318094641,-0.111331769730896,-0.133965174201876,0.21359055233188,0.174060551589355,-0.113918661978096,0.111363897006959,-0.194151653302833,0.146390860900283,-0.787451113108546,-0.631732911569998,0.234301107237116,0.173109618248418,1.21636373084038,0.821329935221002,1.01646530837752,0.231362151447684,-0.290085406741127,0.744210159173235
-0.148389068664983,-0.0621987695340067,-0.0474540395662189,-0.434740937547758,-0.16166032012552,0.194833361031488,-0.225763774942607,-0.169763270253316,0.0399660099763423,0.216319563612342,0.842890534317121,-0.627795734675601,0.231299676932395,-1.20045635313727,0.0632030458655208,1.44177552382462,0.676076099742204,-0.335350573528558,0.318623185157776,-0.560299016302451
0.0385333329904824,-0.137775607407093,0.0423254361376166,-0.264144003856927,-0.49733722046949,0.258700328506529,-0.124264067038894,0.171011391794309,0.221778194373474,0.00304709407500925,-1.21657081064768,-1.0308074215427,-0.366231239167973,0.716092386748642,1.47252672817558,0.54256222397089,1.05177629040554,1.47229109122418,0.360261981608346,-1.08421156858094
-0.0622441584710032,-0.379934620112181,0.347124818013981,0.408846461446956,0.153166327858344,0.278251857496798,0.202389825135469,-0.226998656848446,-0.00789312799461184,0.238604941545054,-0.115400314796716,0.45072199520655,0.712485537864268,0.956664432305843,-1.43489795853384,-1.40016858070157,-1.03659074055031,1.25487399660051,1.16245273221284,-1.04015612625517
-0.0855523475911468,-0.229532387107611,0.309812937863171,0.453599525382742,-0.201278391527012,0.196764776716009,0.124166235001758,-0.28083051466383,0.136143107665703,0.000339214503765117,-0.16356379003264,-0.411541108042002,1.46359868184663,-0.727001913590357,0.796085729263723,0.524506791494787,-1.23083903104998,0.538906552596018,-1.07977470592596,0.0967199625447392
0.0147668882273138,-0.489792966283858,-0.431199969723821,0.359250582288951,0.212212964426726,-0.0830839300062507,-0.229771505529061,0.242082423018292,0.157341838208958,-0.0439606191124767,-0.454740820918232,1.28511211462319,1.00544216763228,0.996152454055846,-0.944102371344343,1.02406090591103,-0.87837150064297,0.830740793142468,-0.394855592167005,0.490304349688813
-0.463204132625833,0.0658981734886765,-0.136279507307336,0.462604391854256,-0.38231955957599,0.247549639781937,-0.0631616958416998,0.272863148152828,-0.0538902595639229,0.128287634672597,0.949199088849127,-0.926197445718572,-0.473041913704947,-0.134804790141061,-0.0573828283231705,1.03122439887375,-0.754466295707971,-0.879193895263597,-1.15887596877292,-0.423922724090517
0.419009365839884,0.0425753586459905,-0.0729746019933373,-0.367893257178366,0.143881393829361,0.185399548429996,-0.244403285393491,0.0486589085776359,-0.140010329056531,0.126450973469764,-1.11952980794013,-0.245400667889044,0.415218016365543,1.25217708642595,-1.16238506790251,-0.864212506217882,-0.0955068992916495,1.05211450718343,0.222464964492247,-1.37126800976694
-0.0499715206678957,-0.228498495882377,0.397351898485795,-0.289030125830323,0.363748592557386,0.015587845724076,0.0276097902562469,-0.164946140069514,-0.125053038401529,-0.255139494175091,-0.089632716961205,1.12090740446001,-0.942660961300135,0.200358214555308,-1.40968534606509,-0.921912425430492,-1.04591852752492,0.388519156258553,-1.06048905733041,1.24486701772548
0.0344675362575799,0.0741959321312606,0.163306415779516,-0.0728346244432032,0.01585494261235,0.0911695678252727,-0.157385432487354,-0.00363598731346426,0.148903739824891,0.0335631453897804,-1.48002781625837,-0.408218583092093,1.37513071415015,0.000216726679354906,-0.338320985902101,-0.795322099467739,0.779104535467923,0.284258072264493,0.122148342663422,-0.238378802547231
0.26501663448289,0.0826056336518377,-0.293141985312104,0.149520256090909,-0.215674409177154,0.248951504984871,-0.245967385405675,-0.14803488641046,0.20787054290995,0.0578308135271072,-1.44819957646541,1.09629360632971,1.09767723293044,-0.853469375520945,-0.731224036775529,1.24258347926661,0.0296459798701108,-1.37945047393441,-0.402366820955649,-1.3372170785442
-0.106493451399729,-0.434527044184506,-0.440498657757416,-0.00983059429563582,-0.332387581467628,0.258473684219644,0.172018993087113,-0.243739720294252,0.130810103192925,0.247890850855038,-0.253107014112175,-0.030421428848058,0.225760555593297,0.431742453016341,-0.0319677432999015,0.532523026457056,-1.12246741144918,1.18686565104872,-1.0623815569561,0.536253570578992
-0.0457635670900345,0.0721438524778932,-0.454139749752358,-0.0724047992844135,-0.448898899136111,0.136710149701685,-0.0165348254609853,-0.208933906489983,-0.0391968861222267,-0.152486450364813,1.36675251787528,0.196023700525984,0.71291261119768,-1.15336384694092,0.245397138409317,0.273661017883569,1.25671405624598,-0.19210237939842,1.3804696414154,1.04315125546418
-0.131653090240434,0.233226040145382,-0.354490442899987,-0.259265324333683,0.186238103080541,-0.178197900345549,-0.0900460997130722,-0.244714516494423,0.0348786547780037,-0.122337232623249,0.813413757830858,-1.36241579940543,1.03839812264778,0.580206260550767,-1.34859515936114,-1.00441950839013,0.90319462493062,1.10564585379325,0.706637998810038,0.105005586287007
0.396917996695265,0.442862733034417,0.239708998473361,-0.199332889635116,0.412228720961139,0.106448654271662,0.110408772295341,-0.230231478251517,-0.0991740948054939,-0.0630633734632284,-0.84537803940475,-1.2286596656777,-1.12792937806807,0.392648633569479,-0.275906228693202,-1.29637694405392,0.0222620225977153,-1.40293275145814,-1.33692014054395,-0.627407145453617
0.280933875357732,0.203303400427103,0.142658039461821,0.460842196363956,-0.21701450785622,-0.00283029573038218,0.131169836316258,0.154960429714993,-0.234472407074645,-0.267731414828449,0.752410587156191,-0.413969204295427,0.061177269089967,-0.479863323736936,-1.39486106531695,-0.458841093583032,-1.24399999226443,1.13295661588199,-0.0454243118874729,0.965692875673994
-0.0483902459964156,-0.238154135178775,-0.346211640862748,0.224247488426045,0.324896600563079,-0.00394427315331997,0.23417576411739,-0.280746298190206,0.0371320309583097,0.187431726185605,1.24736668705009,-0.441116614965722,0.867938397685066,0.325050070881844,-1.31372691085562,0.682198338909075,0.655908848159015,0.666572839720175,0.562725628959015,-0.333668487612158
0.0232246411032975,0.328398653073236,0.0207812399603426,0.236628180369735,-0.113979809684679,-0.231527220737189,0.00257642352953552,0.0122642987407744,0.0445200509391725,-0.170253757992759,-0.9763271023985,0.180743819335476,0.573968369979411,-0.102026453940198,-0.957192804431543,0.784988506464288,-1.42964814137667,-1.26106991269626,-1.36575080500916,1.30857703601941
-0.0685964121948928,0.223904456943274,0.414741463493556,-0.208788049407303,0.207644581329077,0.127397380722687,-0.236201478447765,0.0309107794426381,-0.16289550201036,-0.145228757942095,-0.363879805197939,0.803730842890218,-0.498737919609994,-0.766297893365845,0.160354209132493,1.38764359988272,-0.327899975236505,-1.17277652607299,0.162973954109475,0.0151465523522347
-0.239240696188062,0.0962342990096658,-0.0705958367325366,0.315738087752834,-0.328683098778129,-0.192344095464796,0.157157109165564,0.290037544956431,-0.287977369688451,0.209490703465417,-0.0672434829175472,1.13972022011876,0.75053355214186,1.07777869398706,1.23514943872578,-1.07744759763591,0.497503372142091,-0.474603325361386,-0.116668252274394,0.889958556275815
0.329016678733751,0.226517028175294,0.230233231559396,0.336647626245394,0.023993436479941,0.201700554974377,0.0385644343681634,-0.193832666845992,-0.0845158863812685,-0.23054699334316,-0.764473628019914,-0.41535926470533,1.46777437138371,-1.20381378382444,0.332406617933884,-1.3727023517713,-0.811110556125641,1.18946588854305,1.1703758679796,-1.45818052184768
0.46644140756689,0.423719049897045,0.330826582852751,-0.241573493694887,-0.149143319344148,0.0593157650437206,0.294033428980038,0.0537879989482463,0.114067046390846,0.0375758337322623,-0.63939787982963,-1.28584635118023,1.23145974799991,0.66324848192744,-0.593452754197642,0.0603031986393034,0.933597816852853,0.404450852656737,1.2971274764277,-0.409821063280106
0.397211536532268,0.182237737812102,-0.115194515325129,-0.0607847953215241,-0.136075655231252,0.206892862496898,-0.191674789041281,-0.0907930206041783,0.157278583757579,-0.0833584036678076,1.2307563254144,-0.0517237815074623,0.78828852600418,-1.18335373769514,-1.49846677319147,0.745283654658124,-0.956271266564727,-1.48060049582273,-1.12472810642794,-0.600215654354542
0.41793597349897,-0.283993594348431,-0.278558322461322,-0.0607360128778964,0.491269157500938,-0.0161431972403079,0.111190168652683,-0.275936665898189,0.144226453453302,-0.0492903304751963,-0.632301876554266,0.444998399354517,-0.0313568017445505,1.09585593407974,0.926227540941909,0.179832495516166,-1.4843141825404,-1.10181661974639,0.317389259347692,-0.0744904624298215
-0.0254031242802739,0.198864605044946,0.148584838723764,0.0524948174133897,-0.101480652578175,-0.118794341851026,0.240248195640743,-0.0866030316799879,-0.0419475494418293,-0.175742657482624,-0.626098585082218,-0.16968248016201,-1.48439768445678,0.585192386526614,1.24942095950246,-0.850940936012194,1.2732366824057,0.0226210565306246,0.685896774055436,0.726614740211517
0.498612380819395,-0.258719115518034,0.259853588184342,-0.386045079911128,0.357815640745685,0.251920789293945,0.0568770237732679,-0.165199406957254,-0.151132976263762,0.0123113071080297,-0.250730894040316,0.481047975830734,0.0321368845179677,-0.219550431473181,0.508600724861026,1.16782447532751,0.510992738418281,-0.0958257741294801,-1.17939653713256,-0.941007640678436
-0.44276332994923,0.471922465832904,-0.433252910152078,0.206126232165843,-0.233545984840021,-0.0941373975947499,0.279324028082192,0.207722704159096,0.0826672731433064,-0.00183204500935974,-0.234793644631281,-0.0723869386129081,0.721128067234531,-0.794217655900866,-1.20434677996673,0.33840660424903,-0.9889635827858,1.26733759394847,-0.486348650185391,-1.18631310062483
0.0889719279948622,-0.155890131834894,0.289373679785058,0.109081242466345,-0.127365962369367,0.181644090916961,0.108293459611014,-0.270719036506489,-0.257412294996902,0.0706224725581706,-1.14415810536593,0.780859539750963,-0.344150380929932,-0.0798009603749961,-0.65288386750035,-1.38127764849924,-0.542969358153641,-0.524167137918994,-1.21994466846809,-1.31630540150218
0.00615977495908737,0.102555377408862,-0.415687872329727,-0.338097629835829,0.312529851216823,0.140465942351148,0.105722739547491,0.24281169064343,0.18161723096855,-0.286959303449839,-0.84938709740527,-0.806308736326173,0.347456387942657,-0.582411870360374,-0.820492930244654,0.476739943725988,1.38528737076558,0.492917057359591,-1.31516049569473,-1.15798159176484
-0.107549305539578,0.272612820612267,-0.425253976369277,-0.389363220892847,0.396589353913441,0.148728234646842,-0.0630983419250697,0.127795252483338,0.207806531433016,-0.0103687369264662,-0.946385078597814,-0.393929640529677,-0.665949541842565,-0.877137266797945,-0.0664809022564441,1.48400544351898,-1.37723142164759,1.46139886742458,0.0666268025524914,0.816413008840755
-0.392199511639774,0.0307967124972492,-0.374796607298777,0.0159912463277578,0.32933814288117,0.16454524314031,-0.0193530080839991,0.223313557170331,-0.273619580548257,0.197194219613448,1.05900716269389,1.10166554711759,1.2339730435051,-0.876525389263406,-0.946411663899198,1.10643495409749,-0.448626346187666,0.969452743185684,0.689868252491578,0.681148692034185
0.401070032734424,0.372288612648845,0.0827541372273117,0.351176709868014,0.338027874939144,0.197176944371313,-0.215651796525344,0.223939005285501,-0.0260585505980998,0.238784640608355,-1.14145405660383,0.768281576922163,1.0645053901244,-1.10566904931329,0.344532302347943,-0.57716773962602,0.0639332619030029,0.912332693114877,0.113331451546401,0.905141595052555
0.314101813361049,-0.0241715500596911,-0.318895504111424,0.228888856247067,-0.444562395568937,0.147519191494212,-0.185427185939625,0.104543049400672,-0.115074041951448,0.00793942823074756,0.435072392458096,-0.106591154588386,-0.105230962391943,0.466015391517431,-1.17539175390266,-1.11757040047087,-0.618968517053872,0.533807413419709,1.08819471392781,-0.407626826316118
0.0049480211455375,0.036431928165257,0.108763014199212,0.269488992169499,0.244344469858333,0.28928545396775,-0.130768738919869,0.268003817461431,-0.13110761102289,-0.26635439065285,-1.44754219986498,-0.736341553973034,-0.619773218873888,-0.961994022130966,1.29185599763878,0.491829328704625,0.17957504466176,-0.701648674439639,-0.638375344919041,1.03242223919369
0.47175494604744,-0.0417393180541694,0.0423910815734416,0.417277128435671,-0.0677177179604769,-0.218370902258903,-0.00366906872950495,-0.234122163942084,-0.0311618154868484,0.202579360362142,-1.32073745224625,-0.398044996429235,-0.360447517829016,0.787711804267019,0.57323837466538,-0.0354338083416224,-1.47355642262846,-0.787159536033869,-1.32965297112241,1.39485801919363
-0.423659473191947,0.12476396956481,0.333829174749553,-0.400338369421661,0.00811691745184362,0.295475884247571,-0.109263496426865,-0.266568008903414,-0.207538618007675,0.0216132048983127,-0.359682727837935,0.331748558208346,0.674319996731356,0.301975433947518,-0.0177877759560943,-0.346510622184724,-0.852199347456917,0.111282044090331,-0.194486757740378,0.428058614954352
0.267285907641053,-0.202119519468397,-0.34129980369471,0.0849219583906233,-0.289374178275466,-0.0749646354932338,0.176040413696319,0.284131996007636,0.170669921999797,0.132961011305451,1.18515342031606,-1.026386375539,-0.743203943828121,0.144259951310232,-0.101626958465204,-1.38057967205532,0.697287658927962,0.272188271395862,-1.17138790874742,1.37631805194542
-0.37352230749093,-0.492287348723039,0.432866107439622,0.116813202155754,0.0152094359509647,-0.265711179468781,-0.250078373635188,0.135788027336821,-0.0667688498273492,0.131527932174504,-1.39935849281028,0.721940349787474,0.736890199128538,0.13913104031235,-1.24099328625016,1.18323570792563,-1.24291347549297,-1.14280553720891,0.875368246575817,-0.478471219539642
-0.0646023936569691,-0.421696406556293,-0.414608551887795,-0.261663987068459,0.111079510068521,0.0930335847660899,0.130393705749884,-0.040664189402014,0.2627366325818,-0.265018001943827,-0.232786545529962,-0.823207680601627,-0.439738282235339,-1.43529152311385,-0.633890128461644,0.164302073651925,0.724991855677217,0.516970156459138,0.933337354101241,-0.598571447655559
0.093257196713239,0.370910315774381,0.492392241256312,-0.469836208038032,0.485653904499486,-0.135865560220554,-0.276214380562305,-0.182388093369082,0.25478193112649,-0.0110826127231121,1.14577188785188,-0.668290592031553,-0.414494504453614,0.0621791803278029,-1.2067889822647,1.45544710638933,0.654092296259478,-0.311478741466999,-0.280307025415823,0.014324669027701
-0.369540474377573,0.416221228195354,-0.310690141981468,-0.262754897587001,-0.304509868845344,0.150031007453799,0.123202109942213,-0.0620816271286458,0.259939547907561,-0.0782488918863237,-0.444656477775425,1.04185765329748,-0.45080104842782,1.37500548153184,-0.660869571380317,0.989981587277725,0.873863985529169,-0.337639733450487,-0.448444465175271,0.980348558630794
-0.459529146319255,0.320072915637866,-0.279855097644031,-0.400419483659789,-0.120421148603782,0.0927087971940637,0.0662777074612677,-0.108126188954338,0.298612065939233,-0.0633385477121919,-1.30760586820543,1.06055577658117,1.39031184045598,-1.11944485455751,0.295298893935978,0.959151692921296,0.0734431121964008,0.935184553032741,-0.676093752728775,0.0590685729403049
0.347601532703266,0.0995916516985744,0.134904847946018,0.00161489145830274,0.250193863641471,-0.131487688282505,0.0333056536037475,0.158450692333281,-0.225408720318228,0.0802072541322559,0.823125675553456,0.763925177743658,0.178143922006711,-0.44391708704643,-1.41923863836564,-0.377439967822284,-0.174857006175444,-0.276603593956679,0.0775469031650573,-1.42639753525145
-0.0171652568969876,-0.318394589005038,-0.0348459295928478,-0.323967405594885,0.277487139916047,-0.040497347060591,0.16708972658962,-0.0497373819351196,-0.297762684524059,-0.175205734418705,-1.35854602488689,0.0398641924839467,-1.44146183808334,1.04968465003185,-0.797750320052728,0.426648819353431,0.767750313039869,-0.596853957977146,1.19384339265525,-0.385144352680072
0.0281794928014278,0.490395758766681,0.232688451185822,-0.435641798889264,-0.10710935620591,0.186646279552951,-0.0196997920051217,-0.221330712921917,0.299845578940585,0.243444642657414,-0.598529519280419,1.10958498856053,-0.138879924779758,-0.82418017834425,0.015366239938885,0.591591166332364,-1.48130446462892,-0.542013075202703,1.1762096376624,0.975284348241985
0.175094023812562,0.00762033578939736,0.454716466367245,-0.204610459739342,0.0193489128723741,0.277200949424878,0.1912978510838,0.0401484549511224,0.224707992933691,-0.144537303736433,1.03563052299432,-0.405801676679403,-0.499268486397341,-1.46263944916427,-0.134265195345506,0.731108052190393,1.12992660608143,-0.0900742406956851,-0.359067641431466,1.36231313715689
-0.0620762035250664,0.118518003029749,0.250719939125702,-0.121646295301616,0.109846264123917,0.0343159382231534,-0.111136365635321,0.0494668201077729,0.10886601889506,0.11046642428264,1.00367755070329,0.140117342351004,0.643882468342781,-1.37400759290904,0.4447369761765,0.214267902541906,1.39859849587083,-1.45448276563548,1.30461019696668,-1.07493170723319
-0.486150623532012,-0.497232479508966,0.166997138876468,0.281845247838646,0.060893528861925,-0.134268943592906,-0.129453970352188,-0.229615771584213,-0.273729405133054,0.16054877853021,-1.11735014221631,-0.225918667623773,0.793471234850585,-0.646847484866157,-0.109830600908026,0.645876305177808,-1.3795779584907,-1.1499154586345,-1.47276570810936,0.284294522367418
-0.000406523933634162,-0.0343882441520691,-0.407378748292103,-0.251930335536599,-0.268045630771667,-0.0074027595575899,-0.054060616157949,-0.232907969271764,-0.26447637300007,-0.109608466923237,0.280198104679585,-0.946994351455942,-1.00155047723092,-0.985313328914344,0.483650709036738,0.932416090043262,1.35288459062576,-1.17291115969419,-1.17660282296129,-1.18245210475288
-0.165621134918183,-0.0659580833744258,-0.260101747931913,-0.312384586082771,0.251219175290316,0.147592657059431,0.241164936125279,0.22115219598636,0.115557173453271,-0.170068975165486,-1.05876221694052,-1.40678541362286,-0.87837470183149,-0.51674639317207,-1.27660815767013,-1.1502514409367,0.390818289946765,-1.04734489833936,-0.177472537849098,-0.343124718870968
0.47378331143409,-0.0598552380688488,-0.024803546955809,-0.28882635734044,-0.309796614106745,-0.0226459485478699,-0.299147797236219,0.224669273011386,-0.157197543326765,0.0887108942493796,-0.492059905780479,0.104441477917135,-1.37636336521246,1.00722090178169,-1.09074650821276,0.38746398082003,0.18072715960443,1.19090156536549,1.43447170173749,1.11843436514027
-0.304029033286497,0.113686890574172,-0.176838671555743,-0.178918240824714,0.253241931321099,0.0606664810795337,0.132886354671791,0.143948743259534,-0.138189573492855,0.231817469839007,-0.107603905722499,0.529787328327075,0.878703532973304,0.241803472163156,1.2555148859974,0.00725801917724311,1.2420335363131,1.20795822911896,1.48322463361546,1.358668417437
0.467797108925879,-0.183667196892202,-0.309090237598866,0.492821617983282,0.439546424429864,0.274658381240442,-0.226326300948858,-0.170274793216959,-0.286985388910398,-0.109825909556821,-1.04024001862854,0.0998771628364921,0.598883148282766,-1.04660925641656,-0.724255550885573,-1.07376624061726,-0.178793458733708,-0.435724330600351,-0.498839874984697,1.4484494549688
0.131235930370167,0.0440998107660562,-0.406844426412135,-0.449922410771251,-0.411617810605094,0.206682529253885,-0.0721406266093254,0.0109194114804268,-0.0158406055066734,-0.196737044211477,-1.32240768545307,-0.256224856479093,1.4546750751324,-0.60522816516459,-0.951542194699869,1.17125102458522,0.716624165419489,-0.636562187690288,0.517843066714704,-1.37879279558547
-0.362221900606528,-0.335772340651602,0.34944507246837,0.0388924796134233,-0.0353903658688068,0.169447732530534,0.194867686182261,0.122146770497784,-0.295260602748021,0.271916181407869,1.08747765398584,-0.809456458780915,1.30771022988483,0.489136404823512,-0.170869924826548,-1.09653656557202,-1.34070304222405,-1.14673633896746,0.828737532254308,0.312777566257864
0.00223742402158678,-0.0241380054503679,-0.240575648378581,-0.164059899747372,0.069782754406333,0.271406348096207,-0.141510562039912,-0.00901420055888591,-0.287939759111032,0.0282210521399975,-0.132171261124313,-0.365054983645678,0.0957789730746299,0.935261162230745,0.635812958003953,-0.0354022078681737,-0.516529441578314,-0.620893008308485,-0.347013760590926,-0.159471781225875
-0.244853141019121,0.463258874369785,-0.496213533682749,-0.393711951794103,0.133038403699175,0.0100370293948799,-0.101654871180654,0.107389969937503,-0.0388368733227253,-0.244235961791128,0.267104523489252,0.34539003088139,0.125374487601221,-1.35209762351587,-1.16040130401962,-0.145551341352984,0.0668265775311738,-0.943999789422378,0.453514920780435,1.47779623023234
-0.476453261915594,-0.483117321040481,-0.157712963176891,-0.167917005252093,-0.055715334136039,-0.0616944554261863,0.0817133431322873,0.220217691594735,-0.0133579412475228,-0.209751284681261,-0.440011066384614,-0.684164153644815,-0.739014556864277,-0.284302245592698,-0.912799044745043,1.25539444503374,-0.920181857887655,-1.33988392981701,-1.10953268478625,-1.15714465035126
0.0206672884523869,-0.358157742768526,0.278006653534248,0.207425434142351,0.399443889502436,0.278511095233262,-0.139133506128564,-0.222106854524463,-0.220931853912771,-0.0519334464333951,0.431261129910126,-1.24461923190393,-0.78183160093613,0.431048733880743,0.534412347944453,-0.836728150723502,0.373977297451347,-0.162832244066522,-1.22073353896849,0.495903177419677
-0.156869056168944,-0.300878843292594,-0.304835802409798,0.22490590182133,0.49385383608751,-0.202723173983395,-0.129748768452555,0.0120471607893705,-0.0356545070651919,0.266525074280798,-1.23449552594684,0.103486638749018,0.464499838650227,-0.285420826636255,-0.270189642906189,0.23568088025786,0.986782694002613,0.983976546674967,-0.943146133096889,0.598027230240405
-0.411450688028708,0.312949131708592,-0.151919631054625,0.492187974974513,-0.1641008220613,0.169072123384103,0.298729979898781,0.193393626669422,-0.0368634612299502,-0.0243468966800719,0.850758948829025,-0.398005778202787,-0.734421661589295,0.630305215716362,0.593274717684835,0.803965138737112,-0.931341078830883,0.336649825796485,1.25622999155894,-0.645310561638325
-0.202227966627106,-0.430654543219134,-0.235138677293435,-0.204848994966596,0.364494462031871,0.211860257294029,0.241803477611393,-0.292687283596024,-0.0553054350893945,0.0130650656763464,0.0662983073852956,-0.437602187739685,-0.406007160432637,-0.158641871530563,0.029188172891736,-1.33430025866255,0.354716203641146,-0.745222210418433,-0.290763082914054,1.49703974160366
-0.273339974228293,-0.180292731150985,0.211585313780233,-0.255722969537601,0.115911170374602,-0.0467004059348256,-0.105850782897323,0.0683981135487556,-0.0530873629264534,-0.176782944425941,-0.198900279588997,0.623953717527911,-0.72252884041518,-1.15167767973617,0.00140194105915725,-0.149208208546042,-0.26432568160817,0.69127183360979,-1.13153008650988,-0.362484044395387
0.106140019604936,-0.275073511293158,0.181976085528731,0.332090102368966,-0.195815287996083,-0.126326175872236,0.171341216471046,0.0739700658246875,-0.0420999818947166,-0.280563935358077,1.09988235239871,1.12418166571297,-0.287938293535262,0.283568086568266,-0.598190347664058,-0.395219030790031,1.08847523806617,0.350190001772717,-0.155779057648033,-0.983895428711548
0.20537923485972,-0.369082684395835,-0.142295373603702,-0.388729691505432,0.034119063988328,-0.134521005442366,0.0532040365040302,0.0967557467054576,-0.117093940079212,0.286752093862742,-1.15109566273168,-0.739329606061801,0.712106820428744,1.02999576344155,1.16133447317407,-0.187335315858945,-1.31870108563453,-0.234290269436315,-0.102273599244654,-0.135456838645041
0.153102890122682,0.13949460326694,0.27515215985477,0.334658776177093,-0.292080577695742,0.0628362888470292,0.233084773505107,-0.0586336968932301,-0.173999494872987,0.0156833459157497,1.19665623712353,-1.24864617199637,-0.0591162380296737,1.11866364232264,-0.574659713543952,0.50442552077584,0.516254770103842,0.0644315890967846,-0.533318876987323,-1.31618062639609
-0.494836061494425,-0.0997974767815322,0.247185453539714,-0.178959821816534,0.0185588733293116,-0.0825932570267469,0.25803512474522,-0.127862809365615,0.172793220123276,-0.16072597168386,-0.365247178589925,-0.430709191365167,0.707603839924559,-1.09897846332751,0.303855387959629,0.762276067631319,-0.813636587932706,-0.928036424098536,-0.987204321892932,-0.257497151149437
0.0690261628478765,0.134624070953578,-0.251636489294469,0.295125149888918,0.194930928293616,-0.194171138014644,0.0609964091330767,0.0473949051462114,0.0459797096438706,-0.228187119076028,-0.899658848298714,1.27840562118217,1.20967306313105,-0.576128565939143,1.32519558537751,0.295777205144987,-0.420007776701823,0.45226449589245,1.34619966661558,0.540979054989293
0.0826314680743963,0.0909423746634275,-0.366889435565099,-0.224018971668556,0.20706374454312,-0.0495695475954562,0.0400784329511225,0.005494351638481,0.185596640920267,-0.0834595834370702,-0.67232572613284,-0.0396730026695877,-0.547861404949799,-0.844662981340662,1.37091061589308,1.37047455855645,-0.664430708158761,1.06470870017074,0.210012167925015,-0.194026052718982
0.277197079965845,-0.114520999835804,0.46137941791676,-0.24757185857743,-0.273336181417108,-0.274675926659256,-0.16886210013181,0.247374616842717,-0.043150437483564,0.0215877902694047,-1.13952205865644,0.520138157531619,1.11219282425009,-0.893595197238028,0.450351505307481,0.132098554400727,1.37308821408078,0.342975516105071,0.322539873188362,-0.696972879348323
-0.0769878174178302,0.115592980524525,0.160931527614594,0.47265198873356,0.287368883844465,0.245935387350619,0.252926035411656,-0.211481912713498,0.0472264529205859,0.0736201990395784,0.167412674752995,-0.84473572159186,-1.05450211814605,-0.979054872645065,0.134175181388855,1.13279046700336,-0.0584242141339928,-1.01865182700567,1.29458335507661,-1.41813319525681
-0.0629823226481676,-0.178619186626747,-0.0569568765349686,0.276883739745244,-0.160699286498129,-0.138520250748843,-0.271705609001219,-0.21129288082011,0.0756310258526355,-0.0222708231769502,-0.277507866499946,1.44304502522573,-0.211425175890326,0.849336247192696,0.248883361229673,0.275606503710151,-0.0840461931657046,0.831631758715957,0.763455430045724,-1.09648656193167
-0.389559293864295,0.302764820400625,-0.334424856118858,-0.317636331776157,0.488161667948589,0.260099861165509,0.191211486048996,-0.127039340185001,-0.0876023506745696,0.127829946577549,0.867251178715378,-0.818656060611829,-0.485017027705908,1.33523000939749,0.919146724278107,-0.00704416050575674,-0.699112953152508,-0.654279962182045,-0.985651361290365,-0.937787236645818
-0.461851174943149,0.32056176988408,0.444322912720963,-0.201451952336356,0.0952617465518415,-0.0656435483135283,-0.262280045449734,-0.215959080029279,-0.261997641529888,0.210260391840711,-0.769666898064315,-0.00267327949404716,0.564215094549581,1.46750029572286,0.691461977781728,-1.09397053113207,-0.44810494990088,0.831368622137234,0.989548067562282,-0.746471524704248
-0.476885461248457,-0.348617320414633,0.353496659547091,0.229600635590032,0.211310027632862,-0.0938118747901171,0.274605264840648,-0.179848977969959,0.204713159194216,0.0367015921510756,-0.262283493066207,-1.43998822546564,-0.697919580386952,-0.191269685514271,0.3874949561432,-1.07187328976579,-0.151451447512954,0.795926655409858,-0.193424979457632,0.506536329165101
0.120254832319915,0.0175761731807142,-0.309563912684098,0.20656151836738,0.420639036921784,-0.128316108416766,0.0108811469748616,-0.242496143840253,0.120528059313074,-0.0228504115249962,-1.10701560834423,0.867911268258467,0.620532199507579,-1.21940369275399,-1.17397519759834,1.17242056061514,0.406925453804433,0.858056149212644,-0.547770926496014,-0.334966215770692
-0.330656027887017,-0.0137977453414351,-0.260761234443635,-0.0163399074226618,-0.372660112334415,0.207709650043398,0.221737799607217,-0.217090597981587,-0.230998152773827,-0.0341903442051262,-0.535846336511895,0.852183664916083,-0.232716380618513,0.19037325354293,-1.35685726907104,-1.26847668760456,1.32342548528686,0.54370104521513,-0.998079757438973,0.301502485061064
-0.422186997020617,0.2978457713034,-0.190102451946586,-0.0491284695453942,-0.333317754790187,0.241307397326455,0.0596696325112134,0.296007177606225,0.0841926558874547,-0.234613260207698,1.26926276134327,-1.03893058863468,-0.542884909082204,0.937501757405698,-1.13158076489344,-0.896832909202203,0.417174249887466,0.393193618627265,-0.867138662841171,0.6081913781818
-0.10011989204213,-0.179056930355728,0.295251958305016,0.0775864962488413,0.02663155621849,0.234395482437685,-0.051823228597641,-0.063064738875255,0.0794658428058028,-0.12352831796743,-0.163465746911243,0.869134466629475,0.688021043082699,0.410702224820852,1.05357848270796,-1.23145948187448,1.47840391471982,-0.00229618046432734,1.27928054658696,0.0810961502138525
-0.250092812115327,0.454548491165042,-0.15472306846641,0.417154000373557,0.0416130414232612,0.019600227707997,-0.0197995386086404,0.279758043866605,-0.250905877863988,0.0605649026110768,-1.18400099454448,0.132732786471024,1.34887623949908,-1.05468963738531,-1.20108934119344,-1.08818769128993,-0.387868268648162,-1.48919313051738,-0.479270554147661,-1.28674894804135
0.0118314418941736,-0.26336809550412,-0.105399317108095,0.0436132648028433,-0.332041169982404,0.181298988265917,0.11282750274986,-0.000142374727874983,-0.173497028695419,-0.0536218524444848,-0.53961393982172,0.607528178254142,1.4847651142627,0.882546752225608,-0.37078233808279,1.03375495411456,-1.25470775412396,-1.47256349120289,-0.738086187746376,1.44805478747003
0.224782287143171,-0.201123466948047,-0.0398190836422145,-0.0402827179059386,-0.471033219946548,0.218501283600926,-0.227566936891526,0.204624614864588,0.118061736272648,0.0149569055065513,-0.115978474030271,-0.0596221634186804,1.01700818468817,-0.890131886349991,-0.687752572121099,-0.65581545419991,1.33343862206675,1.27162524545565,0.901643458753824,-0.517028234666213
-0.43400075356476,-0.184622169006616,0.0432712186593562,-0.322595846606418,0.361390293808654,0.145976961124688,-0.0925925390794873,-0.0585782116279006,-0.256764536211267,-0.255351969134062,0.733980598859489,-1.30410473817028,-0.993231791071594,0.490788286551833,0.320073701441288,-0.053315025055781,-1.34664877247997,-1.46463131764904,-0.368834907654673,0.950588142033666
-0.452735038939863,0.249657966662198,-0.293800881830975,-0.218635904369876,-0.10709979548119,-0.114353280281648,-0.0405667874962091,-0.126704055955634,-0.00321677299216389,0.124919318268076,-0.527459856821224,1.48094629473053,0.133668172638863,-0.240220563719049,-1.04429633519612,1.11081586894579,-0.982965409755707,0.353864454198629,-1.18543781479821,0.0887467379216105
-0.420596397481859,0.0274856484029442,0.243957797531039,0.0936595506500453,-0.0035303458571434,-0.269732923619449,-0.138889795867726,-0.0569372551515698,-0.00457294774241745,-0.16929001417011,1.41340932436287,-1.05672545568086,-1.48806403856725,1.3258689364884,-1.13295710412785,0.76542533445172,-1.17766821943223,-0.778934256406501,1.02831126074307,-1.25643311440945
-0.439300516154617,0.134520296938717,0.448082956019789,-0.384580502985045,0.209440039237961,0.0353055234532803,0.296219275798649,-0.038239479996264,-0.0905735142063349,-0.115827945666388,-0.296908010495827,1.20316605130211,-0.069130752235651,-1.16315233614296,0.0801605677697808,-1.48263696581125,-0.141106072347611,-0.527490449370816,1.34227906423621,0.148450383218005
0.441144414478913,-0.401009961031377,-0.338706446345896,-0.278531054966152,0.0623913560993969,-0.20234868270345,-0.212214393541217,-0.197517616208643,-0.0359730294439942,0.18488286905922,-0.453936924459413,-0.817697676597163,-0.0133000693749636,-0.972306760260835,-0.384027563268319,1.06448329123668,0.560595146846026,0.970718527212739,-0.952326453058049,0.866343123838305
-0.118034319020808,-0.23173084273003,-0.0687864697538316,0.364441873505712,0.266804446000606,0.0375710436142981,0.271541714435443,0.106598463328555,0.285936748143285,-0.0873079227749258,-1.37830160208978,-1.44095363421366,-0.178376859985292,1.26225095428526,1.271023938898,0.171473956899717,0.688384598353878,-0.196890137158334,-0.21006292803213,-0.649363934062421
0.491314491722733,-0.332661126041785,-0.270540960831568,0.349355938844383,0.12365542142652,0.0306949343997985,0.078617930598557,-0.208666360331699,-0.169904135400429,0.21500202678144,-0.869799891952425,0.144227730575949,0.75147839798592,-0.651265398133546,-0.37655240111053,0.636271432740614,-0.647491583833471,0.523089813999832,0.901630410226062,-0.741956099867821
0.445924680680037,-0.0707936787512153,0.116622362518683,-0.147007777122781,-0.18288873648271,-0.0707045339047909,0.285508633637801,0.199765452370048,0.00160133186727762,0.12186401761137,0.655527794966474,0.961236755596474,0.439247655216604,0.0248696689959615,-0.556768755661324,-0.958397700218484,-0.918978040572256,1.00712468242273,0.280047387583181,-0.931205039843917
-0.455277977278456,-0.354372255969793,0.464216382941231,-0.276202148525044,0.217902431730181,-0.0468845539726317,0.203869281476364,-0.0473642353434116,0.160721694957465,-0.164448772184551,-0.763429618673399,0.359359780093655,-1.31512688775547,1.17688858578913,0.650792818749323,0.185717283049598,-0.634492472978309,0.44369360874407,-0.990716227563098,-0.2420638888143
-0.01984953135252,-0.350832654628903,0.00731036276556551,-0.322587636532262,0.381673332303762,0.164348931144923,-0.280977672804147,-0.0138590879738331,-0.258311274508014,0.0926302271895111,0.853263618657365,0.235178629634902,-1.00637661991641,0.904648148920387,-0.0908431468997151,-0.169539607828483,1.27932896814309,0.379741097101942,0.356634307187051,1.2488991622813
-0.301181614166126,0.442912779049948,-0.103264234028757,-0.311222959542647,0.336821781238541,-0.126821910403669,0.254724436718971,-0.030213825032115,-0.0979351232293993,0.180140869645402,-0.586085977731273,-1.33294395916164,-0.869766004616395,-1.2330087418668,-0.482207037974149,-1.23467143345624,0.505460157059133,1.34129959624261,-0.951222333591431,-0.962361693615094
-0.0936878928914666,0.350834993412718,0.466030320385471,0.413597059203312,0.285670752869919,0.0906157429330051,0.0936219566501677,0.00840194653719661,0.0277659702580422,-0.288946171570569,-1.05238383170217,-0.0711555567104369,1.15930713317357,-1.08777280314825,-0.402451026253402,-0.400333438301459,0.480867030099034,-0.203898525796831,-0.758985917782411,0.739834418753162
-0.105295119341463,-0.467115310952067,-0.0453367491718382,0.296883817529306,-0.35750550404191,0.171289611747488,0.264360939245671,0.0758039109874517,-0.277286056615412,-0.107907442236319,0.295808983035386,0.226912949932739,0.446552303619683,0.222341128857806,0.023385951993987,0.704143992159516,0.796507186023518,-0.979877103120089,1.1809255303815,1.3731590132229
0.3443839692045,0.00238035526126623,0.221664773533121,-0.375644887099043,0.157224942697212,-0.019782381830737,0.140378511697054,0.297953702509403,-0.0325468516442925,-0.222609920566902,-1.16268774401397,0.41177994129248,-1.02499464573339,1.25279262475669,-1.2994476465974,1.35625746287405,-0.0935984663665295,0.435597256757319,-1.02288721664809,0.801063210703433
-0.0270933425053954,0.320824408205226,0.350214055506513,-0.202863403363153,0.0882760686799884,0.0760067562572658,-0.269149530306458,0.153300574282184,-0.0206823537591845,-0.125569382635877,0.115483329864219,-1.24544567777775,0.627569495234638,-0.816649593645707,-1.06966794328764,0.664405403193086,1.30476099648513,-0.878837997559458,-0.771056169876829,0.920837641926482
0.411277618724853,0.198367804987356,-0.456910745007917,0.141614047111943,-0.226080873282626,0.204557146271691,0.0758659405633807,0.13690382251516,-0.0998168829828501,-0.105058159399778,0.261563995387405,1.35401633894071,0.170301836449653,0.541180117987096,-0.183783022686839,-0.405514254234731,0.489495584042743,-0.270494896452874,0.295397207373753,-0.0366017888300121
0.457210804335773,0.497536373557523,-0.061056605540216,-0.338292082073167,-0.356575727229938,-0.0635040701832622,-0.24992472329177,0.00288860192522405,0.169006836041808,0.222285689832643,-0.241569468285888,-1.3142997007817,0.442666741786525,1.22560163796879,-1.27930565946735,0.304006914608181,-0.21481407713145,-0.367350680753589,0.739468334242702,0.139183831634
0.408883283380419,0.317298062378541,-0.347464775433764,0.409573921235278,0.00933593488298357,-0.0273237108718604,-0.0269324587192387,-0.0692851262167096,-0.161212384840474,-0.085377545049414,-0.915284441085532,-0.369001409970224,-0.468669079709798,-0.254129582550377,1.113421873888,0.33726236061193,-1.02469571214169,0.65356056438759,0.106082018930465,0.729793142527342
0.138641544152051,-0.495607478776947,0.457164531806484,-0.0748453917913139,-0.0617301987949759,-0.0968598474282771,0.294360857829452,0.0194015258923173,-0.19003598713316,-0.173960049496964,-0.157409784151241,0.459482369245961,0.225278900004923,-0.903212346369401,0.822617169935256,-0.212376053910702,-0.663874547928572,-1.26174492202699,0.102647928753868,-0.32332897069864
-0.363979020155966,-0.470676690572873,0.491566667798907,-0.470550325931981,-0.469700555317104,-0.125631717452779,-0.0894908216781914,-0.20590698402375,0.0358782868366688,-0.256555713946,-0.0222796280868351,0.198447997681797,0.633189220447093,-1.33270340482704,1.33452109666541,-0.687905400758609,0.411634768126532,0.683819700730965,-0.173330484889448,0.479252762161195
-0.463470751885325,-0.215225583408028,0.405583161627874,0.35159555147402,-0.354007465066388,0.208893971610814,0.0988490141462535,-0.0653461878653616,0.259603563789278,-0.106975924735889,0.909703510114923,-1.28092204593122,0.199514095438644,0.777156438678503,0.0152584367897362,-0.877279629232362,0.39487882819958,-1.28170493035577,-1.05137878842652,-0.661141925258562
0.365936146350577,0.238574536517262,-0.0930102819111198,0.401014339877293,0.410883483011276,-0.154252149816602,-0.0595472461078316,0.00372479832731187,0.278422305593267,-0.0727661183103919,-0.330043173395097,-0.949273325270042,0.728413888486102,0.609187541529536,0.187224991153926,0.671710354741663,0.497514404123649,-0.162403384689242,-0.189668630249798,1.1306103633251
-0.0781432511284947,0.498928015353158,-0.357839538482949,-0.00574064697138965,0.285666569136083,-0.264611242013052,0.19534835871309,0.170371687877923,-0.0576734103262425,0.203211554372683,-0.187996370019391,1.36068173032254,0.958453459432349,0.419906621798873,-1.42316262423992,0.723916956922039,1.10902685299516,0.0654823842924088,-0.381167335202917,1.19452114077285
0.279671417549253,-0.181533297756687,0.241640402702615,0.363891312386841,0.158376947045326,0.0201507516670972,0.192499466054142,0.151934368209913,-0.00915956846438348,-0.250874349055812,-0.180242059053853,-0.0994365981314331,-1.11102182976902,-0.349480584729463,-0.395658751716837,-0.790399907156825,-0.104403025936335,-0.512249868130311,-0.582629678305238,0.599671553587541
0.0229980058502406,-0.0554287526756525,-0.0775911246892065,-0.177836711518466,0.0190964436624199,0.141377608571202,0.210626946017146,0.130302373878658,-0.187182812159881,-0.0177423630841076,0.735948480432853,0.396178468829021,1.36903868196532,1.29218387533911,-0.746075843693689,-1.15259324130602,-0.463849043240771,-0.423225140199065,0.542320971842855,-0.0298977883066982
-0.0943056982941926,-0.0527939391322434,-0.464110954431817,-0.0279619737993926,-0.257542865583673,0.153264605719596,0.0383504808414727,-0.0240805709268898,0.00297236144542695,0.00919984518550337,-0.379491222789511,-1.16865498153493,0.349754888797179,-0.46318931481801,0.225939978612587,-0.56609080103226,-0.640675360802561,0.653916995739564,-0.890218551736325,0.155044610844925
-0.00828701932914555,-0.211903785355389,-0.151957689085975,-0.032172214705497,0.384570201858878,0.0455457409378141,-0.168851321144029,-0.0904293225612491,0.260291613265872,0.232469517365098,1.1574806550052,-1.00825037271716,-1.20942845265381,0.944972792873159,-0.185201190412045,-0.770199151709676,1.43909173901193,-1.38834783062339,-1.15121142799035,0.176293055992573
-0.494352546753362,0.253885057754815,-0.196480576181784,0.253370288293809,-0.141120339045301,0.17840610248968,-0.181486222520471,-0.0654391815885901,-0.0778510314412415,0.0472228966187686,-1.0703430196736,0.557902213884518,0.519097306765616,0.715983723057434,0.517659774748608,-0.165171661879867,0.412413557292894,0.365430589998141,-0.569802450248972,-1.33873394527473
0.263941175770015,0.436931654578075,0.00426247995346785,0.0402017470914871,0.380607063416392,-0.147877702256665,0.0191149813123047,-0.298482666816562,0.142316135298461,-0.102987651061267,0.324023116612807,0.599392006639391,0.512287993915379,1.44655392109416,0.0780066708102822,-0.136322415433824,1.25135623477399,-0.0415027386043221,-0.248328926274553,0.175815377617255
0.315465315245092,0.403699029935524,-0.0285532246343791,-0.147300555603579,-0.265022159786895,0.20226140068844,-0.135233568912372,0.0732677634805441,-0.05011897967197,0.166343062883243,-1.42646524147131,-0.0543043138459325,1.31972148804925,-0.520446510985494,0.534106540493667,-1.23799488460645,1.05143209593371,-0.682445043465123,-0.368167912820354,-0.450445449678227
-0.417864635353908,-0.306088478304446,0.253762566717342,-0.0318472250364721,0.16955367824994,0.107225507358089,-0.228015521401539,0.113497902872041,0.00979114444926382,0.071652214648202,-0.611909735016525,-0.32598307589069,0.591420406010002,0.273970971582457,-0.792500305920839,-0.535555703099817,-0.818820181768388,-1.08222867152654,-0.403229075018317,0.959530015708879
-0.0244603443425149,-0.365658243419603,-0.477086731931195,0.442091028438881,-0.00620354316197336,-0.197042540553957,0.286986248195171,0.0625533297657966,0.26988367466256,-0.0724061964545399,-0.00113769806921482,-0.81173580698669,-0.99171359022148,0.102726680925116,-0.640938295517117,-1.41450754646212,-0.211755105061457,1.14332245476544,0.172179656568915,1.20132418675348
0.334206061670557,-0.317405075533316,0.350109643302858,0.0217125522904098,-0.316686285659671,-0.222976867854595,0.238381341286004,-0.259976707259193,-0.246563229057938,-0.144614520343021,-1.27275494858623,0.0792361604981124,0.374517217744142,-0.512712336145341,-1.31378901936114,-0.309475186513737,-1.21518094511703,0.424425367964432,-0.398221677169204,-0.98642412875779
-0.175927493721247,0.223095914116129,-0.258051965385675,0.13087961031124,0.241535388398916,0.151647603046149,0.198096910491586,-0.0817258392926306,0.183804672583938,-0.00166792063973842,-0.6545950693544,0.289858082542196,-0.908182573970407,0.216236333828419,-0.350651570828632,-0.0198893900960684,-0.730058677028865,-0.767490840749815,0.617631870321929,1.28353788494132
0.177480936981738,0.309593584854156,-0.128956584259868,0.308644914068282,0.022054725792259,-0.227736026979983,-0.250912538124248,0.1242622918915,-0.212081537302583,-0.165206798538566,0.820778175489977,-0.134144039126113,0.178160036215559,-1.4409092143178,-1.0428483474534,0.576707148458809,0.204604789149016,0.398622070904821,1.27122247545049,1.4981687637046
-0.364146725973114,-0.444699273677543,-0.0814296694006771,-0.306506177876145,0.143549267435446,0.0199879230000078,-0.17507881661877,-0.0975314131937921,-0.0991116560529917,0.0771676495671272,-0.00783330691047013,0.482642028713599,-0.885868316050619,0.205217369366437,1.28235304565169,0.932636652141809,0.86747775413096,-1.34142963099293,-1.11220867582597,-1.47020142409019
-0.381466169608757,-0.0651276886928827,0.125812671612948,-0.0206124673131853,0.388565223896876,0.0650718607474118,-0.247974003804848,-0.241606516996399,-0.0274743237532675,-0.0424703223165125,-0.790649872971699,1.37131653330289,1.17654438712634,-0.649946356890723,-1.37594392709434,-0.169291923986748,1.33373910281807,0.372753332834691,-0.79996243561618,-1.2102984956
-0.315737686585635,-0.485416434472427,0.269177076872438,-0.0757728288881481,-0.190863090567291,0.000173119129613042,0.0659547337330878,0.272007060935721,0.0493871594779193,-0.032610237551853,1.12099407822825,-0.491722001926973,-1.40770903090015,-0.942010795231909,-0.263180367881432,-0.111073789419606,-1.3971371173393,0.725921791512519,-0.407835207413882,-1.48747795843519
-0.118569519603625,-0.0527404441963881,-0.476499694166705,0.263786493334919,-0.0110387383028865,-0.299515276635066,0.203634183481336,0.197293285327032,0.138198248064145,-0.047971931565553,-0.90906560048461,0.246498954948038,1.06801368389279,0.77750391815789,-0.674474798608571,0.15192189370282,-0.640087418491021,0.594216265948489,1.48829669225961,0.208351882640272
0.445606705034152,-0.0131067195907235,-0.206988561665639,0.202344589168206,-0.385958214988932,-0.239145955257118,0.157703279843554,0.0176148978061974,0.241756297275424,0.160584677103907,-0.181723357876763,0.504453371046111,-0.762777185998857,-0.48672483349219,-0.574166922597215,-0.0531780619639903,0.43493851670064,0.562494830461219,-0.390037388540804,0.202074714470655
0.315933536738157,0.32612878177315,0.18890661932528,-0.0235278136096895,-0.250162984011695,-0.109266611281782,-0.0987183173652738,-0.0373306813649833,-0.0725221286527812,-0.0176029482856393,-1.23462979146279,0.986094789812341,1.05124628101476,0.159895584918559,1.18971703550778,-0.0391271864064038,0.469129781937227,0.691779699409381,0.556279110023752,1.16853424231522
0.343552289763466,-0.117342073470354,0.453717254800722,0.460857213707641,-0.031140754930675,-0.177896901592612,-0.193220878019929,0.00947284363210199,-0.0861527823843062,-0.177958829188719,-1.46332385041751,-0.442558186361566,0.0259836511686444,1.48003923031501,-1.1348277144134,-0.90999583597295,0.547497112769634,-0.0607967865653336,0.424680603900924,1.17727090744302
-0.193190081510693,0.295219247462228,0.0980723437387496,0.452968224417418,-0.0749999498948455,-0.0403616219758988,-0.181056876992807,0.0440397557336837,0.20743140312843,-0.275398663803935,-1.45461540576071,-1.42238609609194,-0.287482687504962,0.0429213994648308,-0.682518983725458,0.412172762677073,-0.55427447729744,-0.856338653247803,1.21984872431494,-0.664123072754592
-0.222938925260678,0.163170620333403,-0.453639863524586,-0.338572614826262,-0.257110254606232,0.0513197381515056,-0.194310418702662,0.251123787369579,-0.269761356152594,-0.239907002309337,0.920284620020539,-0.291814644355327,-0.90583503479138,1.33370978152379,0.939951170934364,-0.488613995723426,1.19358370662667,0.778063303325325,1.10591370868497,-0.585564983077347
-0.444257187424228,0.30266377562657,-0.0388099199626595,0.320548409363255,-0.425993129611015,-0.102054045768455,0.209046744508669,-0.0388123921584338,-0.044719348847866,-0.0467053893953562,1.4701123056002,1.17015079432167,-1.22575323726051,0.787157764658332,0.223693091422319,-1.44555486529134,-0.000962111167609692,-0.134552534669638,0.531871014274657,-0.617268139729276
-0.324387696571648,0.0698520250152797,0.162126772338524,-0.374494898831472,-0.10307745472528,0.274143997533247,-0.171887184865773,-0.10068550282158,0.0797316614538431,-0.211022213101387,-0.778931176755577,-0.0229425458237529,1.45774559956044,-0.194722294807434,1.18708400591277,0.887938253581524,1.42037545214407,0.957896468695253,0.0922387051396072,-0.223481031367555
0.191066357074305,0.0537590589374304,-0.479177816072479,0.0467261183075607,-0.190743999788538,0.126925752544776,0.0450847686734051,0.254269550135359,-0.257335872016847,0.0336037626955658,0.703198931179941,0.381848266348243,-0.0567086872179061,0.629700784804299,-0.757277577649802,0.409499808680266,-1.29241294506937,-1.23559790896252,1.36559354164638,-0.0695870567578822
0.0577224511653185,0.0133874421007931,0.476142450468615,0.34654216049239,-0.212803459726274,-0.00380590036511419,-0.222773575829342,0.282304461440071,-0.0675183144863695,0.192209306079894,0.115433000726625,-0.818997955648229,-0.598734852857888,-0.775767250685021,-1.46556197991595,-1.46500093163922,-0.346333592897281,-1.43161228043027,-0.226949523668736,-0.833988302154467
-0.49308243766427,-0.298961916705593,-0.464758897898719,0.350049707340077,-0.144594824872911,0.167245630128309,0.286287979921326,0.256498341215774,0.253423266112804,-0.21317265140824,-0.499468195717782,-1.49514744523913,1.13988737412728,0.584378686035052,-0.389941995497793,0.47911052335985,-0.446047241566703,-0.705798614770174,-0.380711525212973,-0.147327287122607
-0.2315314412117,0.334357529180124,0.298326648771763,0.401888388209045,-0.201266189338639,0.0806618662085384,0.119740236690268,0.0113034339621663,-0.1674154184293,0.0178299221210182,-0.0784656561445445,0.774776488076895,1.00007757497951,-0.723003334365785,0.538044235669076,0.244274717057124,-0.811154371127486,-1.47982002119534,1.17984729004093,0.730060780886561
-0.0561808755155653,-0.051050485111773,0.115391187136993,-0.0185255713295192,-0.254984511760995,-0.222833079239354,-0.0340967102441937,-0.166285176901147,0.0835218041203916,-0.143719374155626,-1.25442348606884,-0.144842792535201,-1.31076159956865,-0.872512484667823,-0.571571391541511,0.973463237984106,-0.580099260667339,-0.557886030524969,-0.701853380771354,1.362108272966
-0.242581785656512,-0.244135729968548,-0.47586952871643,-0.440177261363715,-0.248175339074805,0.269352227076888,-0.266964944405481,0.202117380313575,-0.154515797132626,-0.138324844557792,0.541492737131193,0.908551265252754,-0.815706942463294,-0.367221028078347,0.090609697625041,0.925179774407297,-0.783484820276499,-1.15842468081973,-1.23160257912241,-1.0321495863609
0.0386388525366783,0.0909812608733773,0.0519640198908746,-0.434777656570077,-0.468505181139335,-0.254586881445721,-0.0222853952553123,-0.106102764280513,-0.233654963364825,0.0691704876255244,0.322658660821617,-0.166924940887839,0.359302858589217,1.04299044026993,-0.659920394886285,1.23802007292397,1.45685726171359,0.913677461212501,-1.32577059511095,-0.939408077392727
-0.215990693774074,-0.0970187406055629,0.272228257497773,0.455281213391572,0.0278095826506615,-0.245418548723683,-0.0833128707949072,0.00124439620412886,0.256613888265565,-0.206417311867699,-1.27569468040019,-1.19911340600811,-0.90406725788489,-0.919646676862612,-0.650803338736296,0.123040052130818,-0.45307959895581,-1.22366216476075,0.523144414415583,1.47584535973147
0.158905406948179,0.249600775772706,-0.244193353923038,0.140499391360208,-0.436914204619825,0.0121202868875116,0.037334102159366,-0.245210317242891,-0.2737302841153,-0.0218371764756739,-0.701385760679841,-1.22713593835942,-0.0843940358608961,1.04108440177515,1.41586102056317,-0.706478438107297,-0.513844361761585,1.00398349715397,-0.931122017093003,-0.782213970087469
0.153068733867258,0.263486637268215,-0.0190869849175215,0.0549734211526811,-0.155915773939341,0.023224728461355,-0.0842367854900658,-0.106886104820296,0.106889223726466,0.0864754382986576,-1.404611421749,-0.656631686724722,-0.916856543859467,1.02570536965504,1.20305782696232,-0.965231304522604,-1.48428968852386,-0.351678392384201,-0.537451505893841,-1.17955502215773
0.257843170547858,-0.167160166893154,-0.365306813502684,-0.382592553971335,0.266752350144088,-0.124433465581387,0.206639541545883,-0.0546197657939047,-0.159853832563385,0.159797973465174,1.19720623176545,-0.783303542761132,-0.203053625766188,-0.714936624281108,0.536058078054339,-0.7425964968279,-0.0817462261766195,0.351989300223067,0.986504363128915,-1.1043561170809
0.113888997584581,-0.277485253056511,-0.387958996230736,0.246846925700083,-0.288144827354699,0.0102858026046306,0.122603336814791,-0.0205480283126235,0.2789753284771,0.086192129412666,-0.00851566297933459,-0.291187377646565,0.0177826685830951,-0.751897114561871,-0.287819262826815,-0.824254155624658,-0.586084457812831,-0.541271809721366,-1.13077432103455,0.449049142654985
0.201639850158244,-0.410571657586843,0.362789931474254,-0.0600779459346086,0.445908947847784,0.166733037494123,0.0228692090604454,0.14626594777219,0.260799957951531,-0.192558552324772,0.687524329405278,-1.06076244427823,-1.37050253595226,0.431044032331556,0.049877391429618,-0.82643207302317,-0.299757623579353,-0.19226483325474,-0.283292291918769,0.0475042189937085
-0.439456562045962,-0.429288422223181,-0.186999902362004,-0.297537584556267,-0.0540805186610669,-0.0974178486037999,-0.18966786051169,0.265938639314845,0.276818604581058,-0.124779470544308,0.115773495286703,0.6074029924348,-0.129876549588516,-0.563802434597164,-1.37264535832219,-0.894305025693029,0.0104243634268641,-0.454656573710963,-0.349502633325756,-1.25413472880609
-0.267856953199953,-0.25550025026314,0.26472030999139,0.349914620397612,0.0678182339761406,0.208234233688563,0.133721163170412,-0.0108835541177541,0.288772162003443,0.289887796947733,-0.304074333049357,-0.350363060133532,1.49564730981365,0.412269470281899,1.01469374494627,-1.48209303128533,0.812256775796413,0.141453120158985,0.241426505148411,-0.0920502450317144
-0.199206560617313,0.00570713961496949,-0.0487126831430942,-0.132408431265503,-0.343189264880493,-0.26399869392626,-0.050891442457214,-0.296619059611112,-0.268960479414091,0.0829542426858098,-0.447971344459802,-0.874262848170474,1.36660911887884,-1.20555832749233,0.810602454235777,0.657857251586393,1.28782494133338,-1.4189274602104,-0.170649760169908,-0.325180185260251
0.283714494202286,-0.447355300653726,-0.0190565176308155,-0.238995652878657,-0.0120565863326192,-0.141455998644233,0.248860698379576,-0.247025320725515,-0.16000955728814,-0.148783252760768,-1.17137981951237,1.0908447552938,0.304294496309012,1.1494061385747,0.1888930471614,0.0249045335222036,0.292930544586852,-0.27823710325174,-1.33447180478834,-1.3662692012731
-0.0276516859885305,0.266470925183967,-0.416854793904349,-0.104752741288394,-0.120451659196988,0.249260048987344,0.249875322030857,0.283167602587491,-0.106867740070447,0.0935559377074242,-1.30742761935107,-1.18368120468222,0.428251615958288,0.494714212138206,-0.271303970832378,-1.35102789080702,0.675674457103014,-1.23667678213678,0.470009583514184,-1.38598189386539
-0.337188116507605,-0.0135657417122275,-0.320333266165107,-0.266336379339918,0.400543041527271,0.042694826843217,-0.159031736757606,-0.132532447529957,0.0130231289193034,-0.0863949982915073,-0.294905247632414,-0.0176812252029777,1.49346514139324,1.36362871108577,1.36336692608893,0.0896940550301224,-0.428442479576916,0.345634964061901,1.13974743755534,-0.742157808272168
-0.281320686452091,-0.488481736043468,-0.0896723000332713,-0.210452517028898,-0.0913098948076367,-0.126727760815993,-0.124349433649331,0.0770597303286195,0.094144408358261,0.0112551699858159,-0.757047191262245,0.630675377324224,-1.03969498258084,0.834427914815024,-0.980057574575767,0.993007057579234,-0.583294918527827,-0.72265263972804,-0.473775415448472,-0.112305277492851
-0.230680643813685,0.0969874137081206,-0.324619305552915,-0.392875894671306,0.425144417211413,-0.0881486885715276,0.128561229072511,0.00258904555812478,-0.232845702487975,-0.0363700001500547,-0.231526830000803,-0.0667020217515528,-1.44566211034544,0.219015721231699,-0.661733865039423,-1.381754898699,0.145838997792453,0.477307626279071,-1.03592152381316,-0.791027720086277
-0.180491803446785,0.062455125618726,0.135080666281283,-0.323183056898415,0.481929724104702,0.0416333125904202,-0.242952565010637,0.287776472233236,-0.0700799535959959,0.215062205214053,0.573849857551977,-1.4454933644738,-1.08800400327891,-1.420999501599,1.19128883304074,-0.950160860549659,1.26180649269372,-0.603175671771169,0.890776821412146,-1.03028005035594
-0.212732359999791,-0.334597775014117,0.481214362662286,-0.23845713888295,-0.430230207741261,-0.162052125250921,0.209817361738533,0.100585875799879,0.132421744940802,-0.0078177790157497,0.107400184962898,-1.01350044761784,0.820960091426969,-1.30627286410891,-0.270010899519548,0.297324133571237,-1.43711578985676,0.314747709548101,-0.506878924090415,0.737336872145534
0.284401462413371,-0.117333000293002,-0.396559605142102,0.300048311240971,0.0094197359867394,0.119249308621511,0.0534606958273798,0.179565041139722,-0.185910347476602,0.275559259112924,0.854458623100072,-1.27058546617627,0.159543271176517,0.831883839564398,-1.06130735040642,-0.0756275821477175,0.333940657787025,-1.04548363317735,0.811591764679179,1.11963398940861
-0.181496687466279,0.409594620810822,-0.350946419173852,0.425207029096782,-0.328517753863707,0.236899645021185,0.186856366088614,-0.0779087999369949,-0.280059241130948,0.292483436968178,0.434552843682468,-0.442188913235441,-0.299708658596501,1.36536715761758,-1.00508817471564,-0.0445419300813228,-0.0764515993651003,0.649441874586046,-1.41010007285513,0.974327338160947
-0.307381849735975,0.31414445838891,0.18998997961171,0.0979302420746535,0.278858411358669,-0.118970957631245,-0.0853346340358257,-0.195911618834361,-0.0267827503848821,-0.13282519262284,-1.11191097577102,-0.264254256617278,0.566734293010086,1.16534859943204,0.0862654480151832,0.858988667372614,0.2406874706503,-0.323757309699431,1.29611692903563,-0.785062666749582
0.105210502399132,-0.294615016318858,0.157387208426371,0.289137631654739,-0.348765632603317,-0.221441321214661,-0.0592611890751868,-0.00787646337412296,-0.157678910996765,-0.286564769363031,1.1551186661236,0.837826117873192,1.09276988147758,0.189450831385329,1.40989556908607,0.667411382775754,1.31546049518511,0.159140810603276,0.44633764307946,-0.120757447555661
-0.0972504622768611,0.319955573184416,-0.402041199849918,-0.0441893225070089,0.226236071437597,-0.298448000941426,-0.119951504794881,-0.12864711759612,-0.0560124282259494,0.0516841001808643,-0.395408749580383,-0.735193053726107,-1.03824311331846,0.812707720790058,-1.00994838564657,0.631851976504549,-0.0805415560025722,-0.790754064917564,-0.944093870697543,1.21313289832324
-0.375105485552922,0.00724422838538885,-0.437395060202107,-0.0688793258741498,-0.0748929551336914,-0.223809792520478,0.142572822840884,-0.185203976556659,-0.17469452675432,0.0339080162812024,0.0582596305757761,1.40750054991804,0.940363222500309,0.155010476941243,-1.37415008316748,0.721766877919436,0.330115044023842,-0.851608822122216,1.09446922852658,0.461291547864676
0.219751169905066,-0.358700671233237,-0.434363221051171,0.409149516141042,-0.442170851398259,-0.253849813621491,-0.190103604225442,0.2388395705726,0.188367145042866,0.145542643032968,-0.00873560272157192,1.01961751584895,0.520527842687443,1.20860732859001,0.865774395642802,-0.236681502079591,0.562292830785736,-1.09284286550246,-1.13610333180986,0.816860790364444
0.382747267372906,0.0362356111872941,-0.0677369318436831,0.362036557868123,-0.321141182212159,0.0795901123434305,-0.220207704417408,0.183477764669806,-0.263129862165078,0.0401923254132271,0.582712364383042,0.241337626939639,-0.638102308614179,1.25937842577696,-1.27439630264416,1.45433958247304,0.311516769463196,1.48051535943523,0.322901821928099,1.19963045069017
0.318573889322579,0.0999232910107821,0.333392271073535,-0.10681262309663,-0.329042904311791,0.0258943922817707,0.230675330758095,0.0446294881403446,-0.0663075160235166,0.264784184005111,0.694712840951979,-1.03026673640124,0.987878003390506,0.390262145083398,-0.714149502804503,0.105671153403819,-0.309765439946204,0.565116904908791,-0.160054498817772,0.31357629946433
0.077167339855805,0.409852762240916,-0.33815908129327,0.133477355819196,0.0232377529609948,-0.0155532552860677,-0.032875266065821,0.00869646258652212,-0.0579900823999196,-0.0663726040162146,-0.49563028011471,1.45044832094572,-0.512227406026796,-0.744924467755482,0.983581435633823,-0.55049782502465,-0.00933054042980075,1.30805722740479,1.07160347909667,0.90934415278025
0.100811319425702,-0.179887839127332,-0.329602438956499,-0.360468749189749,-0.495647728908807,0.131522858748212,0.0685784128960222,0.167294368660077,-0.0106296409852803,-0.170941489934921,-0.30893927696161,0.683699965942651,-1.06716578733176,0.485367812449113,-1.00421438575722,-0.0596366857644171,1.03587465919554,0.0593881448730826,-1.02310749236494,-1.33945151162334
0.412827728316188,-0.464523705421016,0.268299102317542,0.255819094367325,-0.105929260374978,0.28244616673328,-0.0998173518106341,0.0362930236849934,-0.120411364501342,-0.221865215431899,-0.776557233883068,1.02425933908671,0.0600879995618016,1.06508089229465,-1.39157129265368,0.0909490557387471,-0.25396757083945,1.11420345632359,0.574759313603863,-0.209240204421803
-0.0826699933968484,0.299241455039009,-0.417192967841402,-0.000222217058762908,0.384648024570197,0.0140914612915367,-0.106296053342521,0.282271292014047,0.11265779491514,-0.0212468668352813,-1.30505177378654,-1.2350339521654,-0.27798063098453,-1.43380400631577,-1.31887797033414,1.12875272333622,0.99175424175337,0.827707079937682,-1.29838945716619,-0.182212848449126
-0.118784807389602,0.216771235689521,-0.345045578898862,-0.285221388563514,0.0324729208368808,0.288146201334894,-0.0725333696231246,0.0196906382683665,-0.287316722748801,-0.195051622996107,0.742483707843348,0.435623578727245,0.50330853369087,-0.567516951123253,0.0307945045642555,0.248779102228582,1.2970933963079,0.602205873001367,0.368546725250781,-1.22516684350558
-0.214179037604481,-0.38731492869556,-0.092968117678538,0.0861573372967541,-0.479466233635321,-0.176007382851094,-0.0238540448248387,0.0538280749227852,0.145965515496209,0.101781237171963,0.276453187689185,-0.762834006221965,-1.08300692006014,0.0468913349322975,-0.319126944523305,0.209792827488855,1.46339042577893,-0.583372838795185,-0.0539080314338207,1.22544887498952
0.476863064570352,0.313124676933512,0.496630722656846,0.000752550782635808,0.197016960009933,0.135783608956262,0.122657441580668,-0.104865658935159,-0.112127543007955,0.0850383834913373,-0.598422183422372,0.458229989279062,-0.0801539027597755,1.30306728556752,0.701993820955977,-0.0356188786681741,-1.01993981050327,-1.3496183801908,1.00485690054484,0.689500826876611
-0.0584287396632135,-0.280030862195417,-0.0899882840458304,0.227522564819083,0.396857891464606,-0.207707515312359,-0.108751421095803,-0.0236917748115957,-0.289909065607935,-0.298884285986423,-0.382881610421464,-0.261683179065585,0.552143712295219,0.27173688984476,0.549114435911179,0.564773658988997,0.893490250920877,-0.866425951011479,0.494027955690399,0.736629869788885
0.0502472997177392,0.417072979500517,-0.420128538040444,-0.0315958349965513,0.405065763508901,0.191897495649755,-0.0419713733252138,-0.194876629812643,0.172556022601202,0.139621228119358,1.30105922464281,-0.825939019443467,0.0682041998952627,1.04390245769173,0.740905323531479,-0.441477408399805,0.684125109342858,0.695397497154772,-0.461847446858883,1.22476827981882
-0.0255868376698345,-0.261900231707841,-0.184479542309418,-0.485448815859854,-0.461659613298252,0.262559166457504,-0.0642673313152045,0.197123692883179,0.0647033287212253,-0.0709766864776611,-0.00261876848526299,0.258889196673408,0.202699035638943,0.332285508513451,-0.095142605016008,-0.38134143431671,0.566699380287901,0.120806444669142,-0.0247108766343445,-0.194772512884811
-0.388393661240116,0.179136847145855,0.389486637664959,-0.282773284474388,-0.439005766762421,-0.20529241268523,0.0612866342067718,-0.0243824472650885,-0.124972353503108,0.0682699982542544,0.712044730084017,0.644020107574761,-0.0248529023956507,-0.155783318448812,-0.297996461391449,0.0556490246672183,-1.48520768643357,0.120483987266198,0.952710351208225,1.09901253087446
0.0237942121457309,-0.277517965063453,0.0518598288763314,-0.210421027382836,-0.120639584027231,-0.157945282850415,0.190697062667459,0.137513833679259,0.101087750075385,-0.0486560608260334,-0.397342219250277,-0.198470338247716,0.295132258208469,-0.226078344974667,-0.851120448438451,-0.207038826076314,-0.862134562572464,-1.1603527686093,-1.05141406576149,0.323455065954477
-0.11750078573823,0.446503227343783,0.0679519351106137,-0.129703018348664,0.126862079836428,-0.0944730792660266,0.166125636454672,0.129334986582398,-0.117499651294202,0.135652226954699,0.874069798272103,1.39550044038333,0.411643803818151,-1.25377503898926,0.306603332050145,-0.336529527325183,-0.314760176930577,-0.601608297787607,1.12031377293169,-1.38713006372564
0.323132242076099,0.307297229068354,-0.0846626167185605,-0.349371787393466,-0.391786738764495,-0.163506683567539,-0.137142484355718,-0.19587021432817,-0.0397966565564275,0.133478992944583,0.212999304989353,-1.17152705322951,-0.897588830441236,1.36603663349524,0.544584251241758,-1.31639537983574,1.29916011169553,-0.164528520544991,1.05977405863814,0.749903094023466
0.262797637376934,-0.256949429633096,0.174123235512525,-0.430471582803875,-0.185327054234222,-0.0957769945263862,-0.116829289728776,0.0212963920086622,-0.289108012011275,-0.291841806471348,1.16908846702427,-0.776359929470345,0.194722201908007,1.03586977254599,-0.164744660491124,-1.34220882807858,0.886166124371812,-0.360108117107302,0.157261268701404,-1.20386539818719
-0.321972710080445,0.464438160415739,-0.410849397070706,-0.335896218428388,0.151024467777461,0.232014210289344,-0.261468669539317,-0.0413854334503412,0.0319730033632368,-0.1346642233897,0.299597672419623,0.277661683503538,-0.0392681274097413,0.999645019881427,1.15938436263241,-1.16897906712256,-0.395849619526416,0.340063830837607,-1.15160737442784,-0.870149855269119
-0.228818863863125,-0.0582435282412916,0.298754525138065,-0.433406362775713,0.126498187426478,-0.266785913379863,-0.116983854118735,0.0686804480385035,0.0498083065263927,-0.00186622766777872,-0.39098400506191,0.1963075613603,-0.68124684272334,-0.848022780613974,0.877890530973673,-1.39749167882837,1.19856681092642,-0.121368780964985,0.522317818365991,0.0712770000100136
0.0176361210178584,0.0500674131326377,-0.0898369082715362,-0.182239087065682,0.153194861486554,0.136047675227746,-0.0479283009655774,0.18207988506183,0.189434470748529,-0.189034283766523,1.25111998175271,-0.595951750874519,-1.22463638149202,-0.288163313409314,-0.119675619760528,-0.0970226826611906,0.647807650733739,-0.0220988360233605,0.571165428031236,0.883068709401414
-0.0989226428791881,0.464237754233181,-0.353261072421446,0.357585530960932,0.47786916536279,0.0122472716029733,-0.124588689906523,-0.0369264555629343,-0.0647159941960126,0.149642839981243,-0.865767853567377,0.715711148455739,0.0439348225481808,-0.621515759965405,0.0257366497535259,0.193188361125067,0.577352552209049,-0.105978672159836,0.0311645278707147,-1.49690999812447
-0.43829348962754,0.340714068617672,0.230733164586127,0.34085487970151,0.457750989822671,0.218885779799893,0.0573852740228176,0.0427981677465141,0.0109849235974252,-0.135716513777152,1.48556285421364,0.193581985775381,-0.185217982158065,-0.746252509066835,-0.958966054022312,1.11571123986505,1.09630778850988,1.35542825376615,-1.08687840099446,-0.529248000355437
0.0749831579159945,0.3017497677356,-0.220824096351862,-0.339826693758368,-0.46950790588744,0.14947188924998,0.0977804072666913,-0.28766008852981,0.199618161795661,0.24181693168357,0.823168008355424,-1.11162527021952,-0.470565828960389,0.750804289011285,0.147248187102377,0.126039576949552,1.01294657285325,0.784841318847612,-0.611292265355587,1.4750529199373
-0.105967799201608,-0.215344022959471,0.178585803601891,0.414895531488582,-0.0365680365357548,0.101449575461447,-0.0611840943340212,0.0173956534825265,0.126687005348504,-0.290390262706205,1.28817102033645,-0.293287924490869,0.497382640605792,0.303619862766936,1.44720052485354,-1.07980511896312,1.43731489218771,0.874712512129918,-0.94327319227159,0.237419437849894
0.315405870089307,0.157871979754418,-0.141496821073815,0.0255988503340632,0.233246530871838,0.147513139760122,-0.0879671095870435,0.0652948070783168,0.206521636527032,0.216166592761874,1.30491613224149,-0.904553005238995,0.541589842177927,-0.372972815064713,0.806624839548022,0.797560515347868,0.238485818495974,-0.186580746201798,0.946125876624137,0.48306271713227
0.409755694679916,0.337413355708122,0.24887586128898,0.413744017947465,0.441343566169962,-0.186727980198339,0.0194677045103163,0.173202136158943,-0.118215533997864,-0.245451670093462,0.754060632549226,0.174181561684236,-0.355414738878608,0.838061600457877,0.749353359919041,0.820445720572025,-0.515417214715853,-0.575209684437141,0.166625051759183,-0.897589342435822
0.100718503817916,0.409664337290451,-0.396716439165175,-0.0848010496702045,-0.280206320341676,0.149597282800823,-0.0455009371507913,0.157862384989858,-0.179446593811735,0.167207446927205,-1.40334031870589,1.16165159689263,0.726544200209901,-0.545678185997531,0.629507695091888,-0.342346515040845,-1.47962721507065,0.42009035940282,-0.518103555310518,1.13306459994055
-0.363008436048403,0.409925719024613,0.414376707049087,0.332229833584279,0.153514979640022,-0.240117683261633,-0.23948481422849,0.168675730889663,0.188957436103374,0.286619529174641,-0.844383180839941,0.26045487052761,1.08387774322182,0.00270018051378429,1.05378642305732,-0.265607130015269,-1.32236845674925,1.1584808032494,1.15783745446242,0.441779061220586
0.170451293699443,0.0213800868950784,-0.392933028750122,-0.149644042365253,0.0710091912187636,0.159667137404904,-0.0626180780120194,0.137936791777611,0.0971397225279361,-0.158274374110624,-0.333503500325605,0.812850423390046,1.37722402112558,-0.304066692944616,0.758963179774582,1.46868600463495,0.898267548065633,1.22775389766321,0.179856005357578,0.425062053836882
-0.390297032427043,0.383374412776902,0.362800045171753,0.162192818708718,0.0735185509547591,0.164175976859406,0.156672419747338,-0.054291374143213,0.150459679076448,-0.0773911620955914,1.43514777207747,-0.619925652164966,1.02781357476488,0.0502704873215407,-1.47652566782199,-1.25086187920533,-0.999421853804961,-1.19488050788641,0.549797486281022,1.0775321891997
0.254818040179089,0.315968365641311,-0.018628318561241,-0.275544073665515,0.45290949055925,0.144456286495551,0.18673164085485,-0.011859608720988,-0.056208794284612,-0.0924493026919663,0.139228120213374,1.42073250096291,0.191242849454284,-0.811279373243451,-0.500024316133931,-1.15700977505185,0.797927114646882,-0.860416266135871,-1.05816692998633,-0.122786471620202
-0.42651624744758,-0.41064725862816,-0.292289870325476,0.0907173529267311,0.198300107149407,-0.102501859143376,-0.209860321506858,0.284992362884805,0.256966609507799,0.220013377955183,0.613751475233585,-0.90292774932459,1.2718723739963,0.186575188999996,-0.920335758011788,1.39762575435452,0.983678887831047,-0.504637830192223,-0.62271385313943,-0.0131716593168676
0.148785814642906,0.31250332808122,-0.104278272716329,-0.109416091348976,0.147880917647853,0.262522871978581,-0.265193904703483,-0.290812868345529,-0.2985779796727,0.19829737865366,1.06432986748405,-0.640675962204114,-1.28966847667471,0.531361337285489,0.730268112150952,0.718200656818226,-0.290374371455982,-0.168364425189793,-0.531539590330794,0.958439919166267
-0.477622521808371,0.37718173279427,-0.26837128167972,-0.183974878164008,0.452946318080649,-0.152643431955948,0.251649117004126,0.109915324766189,-0.264076179731637,-0.282171912398189,-0.90730155701749,-0.551460210699588,1.20444670412689,1.34501435933635,-0.0608596033416688,-1.36664606630802,-0.995749157387763,-1.1503685975913,-1.43674797588028,-1.16656755865552
0.0408878694288433,0.264973480487242,0.323871021158993,-0.4929505859036,0.206414412241429,-0.0700729799922556,-0.140330585232005,-0.121240689279512,0.00712404507212339,-0.193769625434652,0.292196952737868,0.0901638614013791,-0.128830700414255,-0.555453788023442,-0.358401245903224,0.407798367552459,0.555017240345478,-0.214459289330989,1.33215353591368,-0.24833775521256
-0.383572916733101,-0.188509021187201,0.220418197801337,-0.205565015086904,0.0719618666917086,0.161940015340224,-0.0513558024074882,0.279389867652208,0.0711307536810636,0.150625686720014,-0.781569906044751,-1.26452612900175,-0.768774322466925,-0.641845949459821,0.129034963902086,0.333490641787648,0.735558197367936,1.17661624308676,1.41884393314831,0.912231673020869
0.199399157427251,0.129742519930005,0.224313443526626,-0.0597176866140217,0.380330301588401,0.0413699956610799,-0.0548263060860336,-0.233432954270393,-0.251536848815158,-0.0626271350774914,-1.0358530129306,1.01051246398129,-1.27615173440427,0.565194657538086,1.39688210911117,-1.45282407919876,-1.10633847559802,-0.798182549653575,-0.581953150453046,-0.334876180160791
0.325558806071058,0.451561689842492,0.409228546079248,0.127223062096164,0.221071417676285,-0.134678216418251,0.0878917491529137,0.0903265228495002,-0.208234873367473,0.00749506065621974,-0.946284712292254,1.33814725605771,1.46877873851918,0.423880649730563,-0.319014919688925,-1.31072350032628,-1.22408008435741,1.32211344921961,0.462077524513006,-0.549181551206857
0.218222376890481,0.255645880941302,0.32117688562721,0.154149919049814,0.420741411857307,-0.271852860599756,0.108176830457523,-0.12203583070077,-0.250092617701739,-0.228528479207307,-0.313081609318033,-0.0988848914857954,-1.30081809544936,0.928573984885588,-0.429662121227011,-0.142507196171209,0.155683494871482,-0.125932518392801,-0.333714864682406,0.758630791911855
-0.381268725963309,-0.130860909586772,0.158933033235371,0.413907391717657,-0.0686012352816761,-0.0566571732982993,-0.027212370140478,-0.0739750425796956,0.243794569233432,0.22189816958271,-1.08354088990018,-0.929755775257945,1.10824836976826,-0.860466162208468,1.43325753696263,0.578396228374913,-0.639497674070299,0.968555566621944,0.586457464378327,-1.23968225740828
0.45656649931334,0.233700069133192,-0.292937019607052,-0.222364382818341,0.139152414165437,0.217508024023846,-0.164228018978611,-0.116278361761943,0.170202129380777,0.202926452318206,-1.20871079759672,-1.48290775716305,1.3468247030396,-1.11736425035633,-0.751677840482444,0.376092712394893,-0.664366987533867,-0.00177177786827087,-0.0670441696420312,0.852078550262377
-0.348793567623943,0.0287382751703262,0.186585357412696,0.335222923429683,-0.0168349165469408,0.153900472121313,0.218730389652774,0.120449020760134,-0.188299994263798,0.147590757859871,-0.698226135224104,-0.811482246732339,-0.216407017316669,-0.597965209744871,-1.00070142955519,-1.43747890018858,-0.511980830691755,1.18154117628001,-0.0916404838208109,-1.24750589649193
0.323918703012168,-0.103086745366454,-0.334591341437772,0.407366645522416,0.486765938345343,0.27397600770928,0.183570571895689,-0.0431680394802242,-0.113891284866258,0.0076923238579184,-0.101548543665558,1.18157387617975,0.472186122089624,-0.350697861984372,1.39659499679692,-0.281031161081046,0.120119146769866,-0.837675089249387,-0.2886842940934,-1.16161666321568
0.472081858664751,-0.381859024288133,0.091951138805598,-0.149363975273445,0.179490195820108,0.2642227452714,0.119244556361809,0.11334935487248,-0.139196560811251,-0.204583593411371,-0.985334942350164,0.835915296105668,0.545977604342625,-0.435395878739655,-0.428045904496685,-0.728349864017218,0.80036707338877,0.503311041975394,0.281366423936561,0.611669167410582
0.48480806290172,-0.339086628751829,0.445749872364104,-0.0667549525387585,-0.473254298558459,0.204388659121469,0.149244374921545,-0.148158811312169,0.206196015374735,-0.285742141865194,-0.490132035221905,-0.510289933998138,-0.0814918612595648,-1.28678651503287,-0.531661120941862,-0.692081664456055,0.329860023921356,1.00844421470538,-1.36290538287722,-0.476000671042129
0.378792616305873,0.318137740483508,0.361866573337466,-0.0867853458039463,-0.192812762688845,0.143909876933321,-0.286581044225022,-0.00640545319765806,0.249110803473741,0.23280605119653,0.507419415051118,-0.671024895273149,0.288766179699451,-0.796997917816043,-1.41582461097278,-1.08388095977716,0.826595115708187,0.001758371014148,0.564604205545038,0.105652283644304
0.19189803279005,-0.476692042313516,0.387800947297364,-0.26813906012103,-0.34147835499607,-0.0248779364861548,0.0872535901609808,0.268225451465696,0.211938148923218,0.0358762965537608,-1.1583830465097,0.771615006029606,-0.387100862106308,0.220383611507714,0.761379150906578,-1.19788220850751,0.466688120272011,0.904013355961069,-1.0444087840151,1.01097284909338
0.130923331715167,-0.0637573136482388,0.233694379450753,0.454728652257472,-0.217082949122414,0.298127652285621,-0.240679327491671,0.00644363039173185,0.0347839093767107,0.240439081611112,-0.982915452914312,1.26029646769166,-0.109683161834255,-0.877276016632095,-0.804788648150861,1.49219096149318,0.451772469095886,-0.895526082487777,-0.967659169575199,-0.172782381763682
0.246836707461625,0.159200721653178,0.468911257339641,-0.199344038497657,0.19602643721737,-0.167399431345984,-0.0799522604327649,-0.0142713412642479,0.125137942610309,0.270429402636364,-0.345603312598541,-0.521817401982844,-0.868586394237354,-0.115546235349029,-0.628836210351437,0.0831190750468522,1.16449454426765,0.16475738491863,-0.441014280309901,1.15127826738171
-0.484141120919958,-0.182257796870545,-0.46013666735962,0.435723945498466,-0.394113552756608,0.224631882738322,-0.109612226206809,0.0878885320387781,-0.231268595438451,0.175207167305052,0.400055041769519,-1.30809424817562,0.329944609897211,-0.299164548050612,0.679084021132439,0.68620143737644,1.05424629407935,1.4306081912946,-1.22327552502975,0.244887341279536
-0.173246154095978,-0.108415632275864,0.498767704470083,0.332880307920277,0.20218339539133,0.262514857761562,0.107310804817826,0.159260656032711,0.291743666818365,0.244449144043028,-1.0191627794411,0.740378357470036,0.947871854994446,-1.33137697842903,0.349928439594805,0.57537345495075,0.945422664284706,-1.21711583063006,-0.726543218130246,1.31399449962191
-0.424568993737921,-0.0146072451025248,-0.0795468103606254,0.176929716952145,-0.228149475296959,-0.126916732639074,-0.223590494133532,0.128880472714081,0.177517355885357,0.176748565630987,-0.132468919269741,0.33466804632917,0.111886336700991,-0.470446430146694,-1.22578906151466,-0.957944147055969,-0.300402455963194,-1.22095723729581,-0.741788359824568,-1.42682937160134
-0.430929146241397,0.0375121813267469,-0.0392705092672259,0.282168325269595,0.381272836122662,0.119766834424809,-0.0902181568555534,0.212699182005599,0.139870609296486,-0.0782720123883337,0.178010528208688,0.0313203502446413,-1.13266607117839,-0.235509622609243,0.755151976598427,-0.772520064376295,1.19632012490183,0.430772826075554,1.05862041958608,-0.883900711778551
0.195397924399003,-0.40608456172049,0.285914454143494,-0.0377450056839734,0.413803245639428,-0.138803333602846,-0.232258128002286,0.00368819246068597,-0.197339033195749,-0.240981951775029,-1.49617610243149,0.320626767352223,-0.595624900655821,-1.29616019432433,1.48634222662076,-0.636780134635046,-1.42669268441387,-1.00304195238277,1.24246455123648,-1.21848987741396
-0.398863096255809,0.240719667403027,0.147495618788525,0.351268958533183,-0.246448404388502,-0.204045857302845,-0.195300720864907,0.280087505467236,-0.0156440153717995,0.27741935052909,1.03876743768342,-0.716519387438893,-0.246309015434235,0.981459693750367,0.617662941338494,0.801536538871005,-1.33760857838206,0.188027673633769,-0.43287023040466,-1.39084858330898
-0.0957249945495278,-0.245838657487184,-0.108028556220233,-0.0531943708192557,-0.23640902293846,-0.208000179519877,-0.243180308304727,0.0969709008000791,-0.194152181083336,-0.13840910140425,0.85566514567472,0.438910639146343,-0.543709852499887,-1.33654865599237,1.43252823036164,-0.668276327429339,0.472531812731177,-0.900442419340834,-0.755680430447683,-1.08528264099732
-0.103801881894469,0.383481455268338,0.303774330299348,0.485115076648071,0.190805974416435,-0.093540657358244,0.025185719691217,0.0132645164150745,0.00953255267813802,0.100628105923533,1.05239907070063,-0.726186853135005,1.33062932034954,-0.721842702012509,0.294464944861829,0.134459605207667,-1.35516433557495,-0.633531529689208,0.514511828077957,-0.759247078327462
0.159216791624203,-0.378118733642623,0.44510898925364,-0.374926242511719,0.270775761455297,-0.272901865141466,-0.241871556965634,0.121905345842242,0.204446328431368,0.045737637905404,-0.0372530054301023,0.301290355157107,0.696065279887989,-1.07208896311931,0.301588367437944,-0.761697470443323,1.43941472936422,-0.821093152044341,-0.730397529434413,1.42705912725069
0.397990901023149,-0.275962679181248,-0.156886325450614,-0.372012130217627,0.328714752336964,-0.000221495842561148,-0.252813276322559,-0.16218983894214,0.147064112965018,-0.135733643732965,1.13638673652895,-1.1768381036818,1.00012282747775,0.468634998891503,0.292784777702764,-0.283072627382353,0.257622021948919,-0.90868267393671,-0.363542510429397,1.05382674280554
-0.350323077989742,0.164269751869142,-0.132533838739619,0.441412600688636,-0.325269171502441,-0.0121153076179326,-0.0755353693384677,-0.137280062260106,-0.209785893280059,-0.266592060634866,-1.11389736318961,1.2701445473358,0.0422110373619944,1.01120684179477,0.320267183706164,-0.370711761759594,1.13572795595974,0.412430870812386,-1.07636957592331,-0.639394173631445
0.409323569852859,-0.274390024133027,0.212519807741046,-0.12335593951866,0.313587249722332,0.111130725871772,-0.101268473826349,0.135632421914488,-0.1834888973739,0.0927654760424048,-0.540955622680485,0.642017017817125,-1.3693697496783,-0.811328374547884,-1.139523698017,0.438310611527413,-0.534663063939661,-0.794054201804101,0.910235806368291,-0.361004477832466
0.476845422759652,0.451809245394543,0.335938903270289,0.473969225306064,0.312232185155153,-0.157077749446034,-0.17275215703994,-0.0741296553052962,-0.286872180132195,0.136023794626817,-1.07873879768886,1.29860550491139,-0.792112392839044,-0.645720437401906,-0.351788814878091,-1.05570086371154,1.43831106391735,-1.17151785828173,-0.791531214024872,0.730974504025653
0.201685201376677,0.484638998517767,-0.277667501010001,-0.372497520642355,0.185149696655571,-0.204110165219754,-0.162491395231336,0.00661757318302991,0.263468822138384,-0.0159910796675831,-0.186694998526946,0.52842675964348,-0.267410864587873,0.283067452255636,-0.701502331299707,0.433724111644551,0.284741358133033,-0.506899846019223,0.0944682830013335,1.31534040346742
-0.333902158075944,-0.105306097771972,0.0949606236536056,0.26185621926561,-0.241718306904659,-0.261807759711519,0.106880549993366,0.20025223265402,-0.294428639346734,0.176781332027167,-0.311446751235053,-0.609351015882567,0.884997942019254,-1.19298805296421,1.33192167221569,-0.955726651707664,-0.0319190619047731,1.39734799205326,-0.859267596155405,1.07177650043741
-0.237838216824457,0.203087624628097,-0.0649196414742619,-0.250806607771665,0.0936707055661827,-0.0227637620642781,-0.0760039858985692,-0.165259098121896,-0.296147938258946,-0.28464592192322,-0.666665826458484,-1.30581166944467,0.288461984368041,0.185469117248431,-0.485143626574427,-0.396933461772278,-0.248978634830564,-1.49079947127029,1.24828037316911,-0.683374704793096
-0.138047354761511,0.394978386582807,-0.353633284103125,-0.452498879050836,0.186268802266568,-0.243159814132377,0.0931154783349484,0.145850231638178,-0.295003187516704,-0.212165928538889,0.659849340794608,0.759293833281845,-1.4993809433654,0.720239566639066,-1.02957250876352,-1.19478929042816,1.28739122743718,1.48982544662431,0.943755568005145,0.0168566121719778
0.450026114471257,0.224545296514407,0.482086314586923,-0.451527567347512,0.00268483115360141,0.136146242776886,-0.210863023297861,-0.147251535253599,0.0733274343889206,0.138125271582976,0.622776526026428,1.00050650420599,-1.4538107032422,0.72646454628557,-0.0225003180094063,-1.30559909669682,-1.21350384503603,0.224137776531279,-0.140022260136902,1.34178714011796
0.00670825364068151,0.132083638338372,-0.182181427022442,-0.0719442942645401,-0.445690657012165,0.0448420085012913,0.05486043356359,0.0130638734903187,0.137347602657974,0.163250761851668,-1.06089854543097,0.918412095867097,0.572363901184872,0.872904551681131,0.583115987246856,1.41271204780787,0.562038850039244,-0.426343973726034,0.789830785710365,-1.19256799598224
0.0936888542491943,-0.0770819787867367,-0.438389877323061,-0.432006354443729,-0.467397105647251,-0.255250644916669,0.101854431303218,-0.206147363455966,0.202279878035188,0.0157354063354432,-1.24508750298992,1.07559168920852,0.25225102272816,0.0772516052238643,-0.670030738692731,0.509686912642792,0.395142047898844,-0.0681502029765397,-1.11933146556839,0.721165790688246
-0.0272430947516114,-0.407754890620708,0.209759877761826,-0.272103083319962,-0.098038790980354,0.0769930872134864,0.231387346470729,-0.164721246343106,-0.114962676074356,0.130216198135167,-0.109301833435893,-1.364207373932,0.906917378073558,0.802989569026977,-0.520738506456837,1.28841396281496,-0.761134858243167,-0.634255302138627,0.943883968284354,-0.350512095959857
0.284372247522697,-0.336357026360929,-0.46015086886473,-0.0985235527623445,0.0808773757889867,-0.159516731416807,-0.0961965037509799,-0.185663436166942,0.122389071341604,0.212789037683979,-0.871232257923111,-0.730727017857134,0.0215941050555557,1.08498412650079,0.576777282636613,0.0592912018764764,-0.791605825535953,-1.07561835204251,-0.641941799316555,0.0571984823327512
0.00129685970023274,-0.0759390855673701,0.107136208331212,0.477804845897481,-0.469268323853612,0.238660247717053,-0.23821403500624,0.19233938776888,-0.210121579980478,0.0786551076918841,-1.3344124504365,-0.987019706284627,1.04417163343169,0.309195608831942,1.34116993029602,-0.293535090750083,1.40887829451822,-0.155472891870886,0.841701387427747,0.0226468762848526
0.492291752481833,-0.326384841697291,0.237128242151812,0.381936334539205,-0.147050565574318,-0.282816613465548,-0.121954948827624,-0.144872281188145,0.0682784484699369,0.0302742708474398,-1.00854052207433,1.41936945682392,0.018247940344736,-0.0615830139722675,-0.424663807963952,-0.783278671558946,0.526543970452622,0.894088614033535,-1.23607114283368,1.32223093695939
-0.0847605760209262,-0.450585333164781,-0.387000237125903,-0.320261687738821,-0.303939077770337,-0.0566362100187689,-0.289358989801258,0.129050931287929,0.184648201055825,-0.136036311741918,-0.231016842182726,-0.229949600296095,0.768655587919056,1.33794189454056,-0.155663975514472,-1.43901579966769,-1.34367579524405,0.499222487909719,-1.07124179019593,-1.36966506368481
0.0709787500090897,-0.319357527885586,-0.297834783326834,-0.0737744236830622,0.0301184661220759,-0.221209346596152,0.0358367941807956,0.28625741195865,-0.187758946046233,0.124480346124619,0.627436256501824,0.664757407503203,1.30765427229926,-1.28291338216513,0.325899119954556,-0.405365836573765,-1.35333661618643,1.01640608045273,1.28765289857984,0.20274285483174
0.0553598257247359,-0.15282620023936,0.238221329171211,0.264129964634776,-0.212131377775222,0.217807845119387,0.191330190561712,-0.244987475685775,0.214695361303166,-0.194546423479915,0.772748519433662,-1.27892363606952,-1.40634554880671,-1.06554936384782,-0.283980663400143,0.885573731269687,-1.13283242750913,1.03712813928723,0.0768067531753331,0.941051251022145
0.26916892407462,-0.29986166395247,-0.19342785445042,-0.340028294594958,0.0225256844423711,-0.0513856521807611,0.0352251847274602,0.272660147259012,-0.0748046415857971,0.00932092317380012,1.48045966518112,-1.18954339879565,-0.145641741575673,-0.134449165547267,-0.483040492516011,-0.62498795776628,1.01272759702988,0.728120850864798,0.246115952264518,-0.986539692850783
-0.448374135419726,0.184121371246874,0.157167380442843,-0.0610405951738358,-0.286325641907752,0.00973942237906156,0.299043190386146,0.215380440093577,-0.141006666747853,-0.125783692672849,0.13846961944364,-1.13491725828499,1.4706454470288,1.12674051965587,0.211909773526713,1.00609895470552,-0.825851424364373,-1.2089883685112,0.108450177591294,1.3775768999476
0.149721323279664,-0.0652647491078824,0.0874669912736863,0.147563850972801,0.475622083060443,-0.166930986335501,0.288101263577118,0.089293923927471,-0.200897799991071,0.253489839099348,-0.890780411660671,0.11082187271677,-0.424330767709762,1.1712155174464,0.058045212412253,-1.35818865615875,-1.32774068741128,-1.03591694380157,0.714930175803602,0.686760840704665
0.35684407199733,-0.19083841284737,0.150347506860271,-0.175450962036848,-0.0881886729039252,0.249039706634358,-0.158419880736619,0.233156577777117,-0.225758358417079,0.23625611574389,1.40028498088941,-1.04410119960085,0.969302679877728,-1.23099473188631,-0.878022751305252,-0.562592047965154,-0.353195388335735,0.528110213577747,1.25672815181315,0.470131202833727
0.103563719894737,-0.107434895122424,-0.443961881333962,0.14073145436123,-0.470184217439964,0.0734125649090857,-0.243667696416378,-0.139809669507667,-0.163309328584,0.297201244393364,0.951733379624784,-0.655124037293717,1.32882126420736,0.785248287487775,-1.19181830110028,0.284509703982621,-0.723128851968795,-0.480969132855535,0.668404801050201,-0.574407319771126
-0.192557748872787,0.398816999979317,0.0558726207818836,-0.0977770057506859,0.345378917641938,0.141428156895563,-0.00424426579847931,0.144423526944593,0.0784826156683266,0.0460558148100972,-0.797215039841831,0.532691770233214,-0.716435394482687,-1.394864782691,-1.48602287471294,0.490161459892988,0.049227223964408,-0.581784285837784,-0.793396736495197,1.36590220662765
0.0173933217301965,0.306256267474964,0.377630078466609,-0.475843401858583,0.36393262934871,0.050294270273298,0.0979244541842491,-0.0326255279593169,-0.188331363396719,0.249552947748452,0.92582529829815,0.549504267051816,-0.984965684590861,0.418724764371291,0.365765874506906,0.817820931086317,-1.42469236417674,0.12207816937007,0.295754304388538,1.14804267324507
0.164039075607434,0.171142845414579,0.0690687852911651,-0.211355366976932,0.326988496351987,0.0334032637998462,-0.0418531180825085,-0.176850358676165,0.200840807240456,0.0116802503820509,0.631318733794615,-1.15088537055999,0.0528351191896945,-0.174282849999145,-0.317627372452989,0.929355990607291,-1.21315957861952,0.411713891196996,-0.767918062862009,-1.45615234575234
-0.0991156792733818,0.116859488422051,-0.387962275883183,-0.319402287481353,-0.0522613229695708,-0.0141131178941578,-0.00223897020332514,0.139398835552856,-0.0632057402282953,0.130251048551872,-1.21313702012412,0.93115116795525,0.651671244297177,-0.551534466678277,0.853287572041154,-0.199143910082057,-0.0810650365892798,-0.928427997976542,0.525190251180902,0.0661138007417321
0.223046562634408,-0.470124612795189,-0.260349076241255,-0.271613387623802,0.284025677479804,0.242721147090197,0.28206737106666,-0.164111479371786,0.089991238201037,-0.180996704287827,-0.742736916756257,-0.337641302961856,0.378604218363762,1.01656609098427,1.09977540629916,-1.20791472913697,-1.46958513138816,1.14758915849961,1.44851816212758,0.813572650775313
-0.390375798335299,0.168506060959771,-0.125731640029699,-0.0870951912365854,-0.388948468724266,-0.158019561180845,-0.109314371505752,0.211413883371279,-0.00348626081831754,0.124222046462819,0.176766868215054,-0.930120751261711,0.799120696261525,0.14321449957788,0.152376257814467,1.41865662205964,1.06370360101573,-1.45778050669469,-0.687936335569248,1.23928948282264
-0.332817791029811,-0.464367802487686,0.000664159888401628,0.453274106606841,-0.314312355592847,-0.299846421601251,0.0854774841573089,-0.267826688429341,0.294579403102398,-0.211726137064397,-1.36599259707145,0.453081033658236,-0.733305532950908,-0.563284621573985,-0.230559435440227,1.47994424239732,0.480060428380966,-0.491841581650078,-1.47215100447647,0.155937256990001
-0.342838227981701,-0.47881062887609,0.181507699657232,-0.404600716196001,-0.408238299190998,-0.0290709610562772,0.0682577861007303,0.165626433631405,0.217594750318676,0.277035023644567,-0.907236988423392,0.489782081684098,0.58410175004974,1.13461337517947,-0.327915170229971,-1.0371437673457,0.50703015178442,-0.252989504719153,-1.36485529993661,-0.324997819494456
0.291377690853551,-0.222974145784974,0.425279623130336,0.181693764403462,0.148172612534836,-0.214243867015466,0.127651258092374,0.147965025762096,0.0408040110021829,-0.0470207353122533,-1.19010971300304,-0.780730113387108,0.346407961333171,0.551444894168526,-0.189339268952608,1.14111906895414,-0.0294302541296929,0.987340088468045,0.0200020561460406,1.3325394729618
0.206772978650406,-0.168639810523018,0.401593358488753,0.0837816486600786,-0.124410145683214,-0.0210519966669381,0.171365624153987,-0.0840805341023952,0.228292240994051,0.0736245373729617,1.4385840492323,-0.372946787858382,1.19651616364717,0.848484482383355,-1.18367082579061,1.01640808442608,0.085507370531559,0.310593613889068,0.724979166174307,-0.945861270418391
-0.302577640861273,-0.467781097628176,-0.13962259166874,-0.22468370734714,-0.048603615956381,0.278228166047484,-0.278708452451974,0.0888351751025766,0.0802203444298357,0.282862484827638,0.272478851722553,1.08761431812309,-0.281312627485022,-0.659145201556385,-0.129464871715754,0.23529749060981,-0.484065533615649,1.30092765809968,0.0198801965452731,-0.0942002220544964
-0.219650925602764,-0.45275310263969,0.119288552319631,0.30748836742714,-0.261561266612262,0.175435228412971,0.286126106232405,-0.109253248991445,0.0539693495258689,0.295988016575575,0.627045181347057,0.0165858557447791,-0.189934734022245,-0.00155798485502601,-1.18166494974867,-0.0567018538713455,1.12094184360467,-0.0458600493147969,0.688926285831258,-0.304348266217858
-0.423764513107017,-0.299902790924534,-0.462725016986951,-0.172067898325622,-0.0611254097893834,-0.140160960098729,0.289815860521048,-0.185013518482447,0.0011777461040765,-0.100488243671134,1.08619117643684,-1.47100990405306,-0.0199060910381377,-0.21132799400948,0.0145635455846786,0.535982694011182,-0.315694630611688,1.26533073373139,-1.16583790699951,0.903442952781916
-0.0849940038751811,0.358829629141837,0.497643583454192,0.0285860756412148,-0.196274112677202,-0.201405576942489,0.146258417749777,0.200099259288982,0.219871707167476,0.290222224127501,0.489842417417094,0.592287071747705,0.128933215280995,0.536829941673204,-1.29647773713805,-1.27132534096017,-0.902815190143883,-0.135340868728235,1.1087541365996,-0.635138820391148
0.0315433579962701,0.0295585445128381,-0.371210793033242,-0.456382286036387,0.486137430183589,0.0154431732371449,-0.0956811688374728,0.222549020592123,-0.127049011085182,0.191963214380667,-1.15706240013242,0.615071836626157,-0.463031579274684,0.988886383362114,0.725038216682151,0.232742812251672,1.30966855259612,0.194617004832253,-0.252254337770864,0.366237112088129
0.408557666698471,-0.397241835482419,0.498917588498443,-0.164548486936837,-0.207834887318313,-0.0316550675779581,-0.100149289425462,0.155061049992219,-0.0127662013750524,0.150021646684036,-1.09321664460003,0.378079422516748,0.140307828783989,1.28346149227582,0.0517675944138318,-1.35048374533653,-0.23384787957184,-1.48526513320394,-1.34601062606089,-0.39270930388011
0.440360340522602,0.212509300094098,0.369106689468026,0.285547805251554,-0.417982470709831,-0.213207578659058,0.101384831825271,-0.258837678004056,-0.286862463969737,0.0591813383158296,-0.606705729151145,1.06314237252809,0.205504284007475,1.25712331873365,-1.39279822236858,1.17565013724379,1.39881423278712,0.622190254507586,0.040816017659381,-1.04296862636693
-0.429206940112635,0.327621079050004,0.16826825030148,0.486672299448401,0.17333481577225,0.232527627563104,-0.259473063284531,0.077043323032558,-0.143730056891218,0.226317424792796,1.24753248877823,-1.46222216938622,-0.611217925557867,-0.883546828525141,0.788426983868703,0.15683287801221,0.513667426770553,-1.33130361023359,1.32570284837857,-0.0724761080928147
-0.291103252209723,-0.1090695024468,-0.375627858098596,-0.330765659920871,-0.337017446756363,-0.246389220748097,0.141742802644148,0.168046784168109,0.0362795024178922,-0.0444066922646016,1.09684883267619,-0.512450827751309,-0.119611753849313,0.306446181843057,0.607529860921204,0.444829137297347,0.967766089830548,-1.21007726434618,0.209260603878647,-0.291432240977883
-0.424168418860063,0.131744291866198,-0.139293976826593,0.221789794741198,0.137167938286439,0.0251726211514324,0.0956096928566694,0.0311978661920875,0.0249886957928538,0.117120734648779,-0.994291594717652,-0.308976472355425,0.290319034131244,1.41863097972237,1.49397681467235,0.507920942036435,-0.0595943871885538,0.653739563422278,0.892276491969824,-0.0631619116757065
0.10952002578415,0.175033322069794,-0.226859777467325,-0.149499678052962,-0.399342573713511,0.212909803306684,0.0499369888566434,-0.0750432535540312,-0.225701611116529,-0.122943119192496,-0.280554130906239,-0.802429681643844,1.0532516897656,-0.460998872062191,-0.991269933991134,1.12704849382862,-1.22095173038542,-0.814541275380179,0.288760670693591,0.144851691322401
0.427695880178362,0.243558855494484,0.220146236941218,-0.0267223475966603,-0.240880167111754,0.154486132739112,-0.213339235028252,0.126081141270697,0.206814355915412,-0.275467613758519,0.699638352496549,-0.331942816497758,0.849845419172198,0.612444382393733,-0.584312767256051,0.940160867292434,-0.948616548674181,-0.108766954159364,-1.36071651033126,-0.70272983238101
0.427746844710782,-0.170004934072495,0.216286661336198,-0.0787922227755189,-0.128829479916021,-0.274028663523495,0.0304395598825067,-0.040362034086138,0.0810927467420697,-0.252334851119667,0.800251843174919,-1.16419886285439,0.246759910136461,-0.515539570245892,-0.0383428952191025,0.400847193785012,1.13366233441047,-0.18753543519415,0.925304519478232,0.864518045447767
-0.035541906254366,0.489375869510695,0.179978478001431,-0.330442644888535,0.365483211586252,0.024374741781503,0.0169290576595813,0.277535862475634,0.166289609670639,-0.0460028485860676,-1.10323746060021,0.0134239580947906,0.558940847637132,-0.0102698779664934,-0.00181315164081752,-0.453329270007089,0.818452596897259,0.954922454198822,-0.905995792010799,-0.750326761510223
-0.478245235281065,-0.280319721670821,-0.134109443286434,0.0409516831859946,0.00664685992524028,-0.018273769877851,-0.0419399735983461,0.146431541349739,-0.0114875748753548,-0.213157806778327,0.356193441431969,0.46020936104469,0.338950361358002,0.542931409785524,1.34738795156591,-0.171716038836166,1.19223323604092,-1.41454777959734,-1.42533306637779,-1.28062285319902
-0.0197341716848314,-0.377792502986267,-0.0126328042242676,-0.473685465520248,0.41694969823584,0.116018571378663,-0.25393152362667,0.113599821086973,0.287061298079789,0.151047411980107,1.00394700234756,-0.0146607700735331,0.299911880632862,-0.485869609052315,-0.257627449929714,0.250421830220148,1.38142063119449,0.54970222664997,0.406722954008728,0.540417799958959
-0.39281748351641,0.0800680820830166,0.0879422680009156,0.438154892297462,-0.179877114016563,-0.13641398367472,-0.219234844995663,0.0849632310681045,-0.12930954429321,0.229916438413784,0.641185281565413,0.230267372913659,0.0562993953935802,-0.170305824140087,-1.2536880383268,1.39191300189123,1.15764062711969,0.152206302853301,0.431794459931552,-1.17727234633639
0.433772121788934,-0.263122581643984,-0.217901673866436,0.303210641955957,0.219911199994385,0.132701287139207,0.133729642024264,-0.168732837075368,-0.267597519233823,0.115615778183565,-0.0793363787233829,0.0620556666981429,-1.30100444681011,-1.05560742574744,0.525401913095266,0.338610115461051,-0.661782938288525,-1.03603103966452,-1.47648282721639,-0.465471390634775
-0.249695400474593,-0.0699865268543363,-0.218732725828886,0.20355626870878,0.0611438688356429,0.277444107178599,-0.211010001506656,0.236309745535254,-0.272855140920728,-0.259221806935966,0.596116672502831,-0.802718922961503,1.09750355989672,0.67000247980468,-1.14709756197408,-0.067165469750762,-0.261392516316846,0.507041213801131,-0.405489035183564,-0.797616998199373
-0.434631437063217,0.473922072676942,-0.169110120041296,-0.290582974907011,0.42754869023338,-0.0665760928764939,0.256001792801544,-0.107544477051124,-0.0444329351652414,0.00831309682689607,-0.843936855671927,-1.12595447315834,-0.847780021140352,-0.688655908685178,-1.29173760395497,0.0813024148810655,0.740171999903396,0.493951223557815,0.799332406371832,-0.903252810006961
0.44756589923054,-0.214241561014205,0.456668523838744,-0.286943115992472,0.445872897515073,-0.27499259551987,-0.0388520828448236,0.294408558541909,-0.0195158755872399,-0.0711014045868069,-1.26817547203973,0.704905299469829,0.0238185350317508,-0.625651210080832,-0.557805525138974,1.44782507931814,1.03390379087068,1.3088342025876,-0.602092001354322,-1.25086634117179
0.346673325868323,-0.390599611680955,0.371082464233041,0.363165790913627,-0.349782960023731,0.168376236688346,-0.140056543098763,-0.140169725334272,0.18861355567351,0.0236634460743517,1.34861696069129,-1.14477595640346,-1.06363025517203,-0.562413334613666,0.443431929918006,-0.33301923237741,0.430307957343757,1.25490514794365,0.0755689828656614,-0.0579947903752327
0.379220566013828,-0.298976780613884,0.041093181585893,0.125985314836726,0.382960988907143,-0.0657536719925702,-0.124672671128064,-0.0886874701827765,0.170805649738759,0.029470937512815,-1.0646477099508,-0.600777406012639,-0.458112130640075,-1.11075010104105,1.0923781322781,-1.09119296190329,0.697361278580502,0.501850797794759,-1.06456384761259,-0.387413772521541
0.437605642713606,0.306943075731397,-0.455725861946121,0.361240827245638,-0.279880495509133,0.257187813101336,0.133972512139007,0.263760559726506,-0.177653274871409,0.00795454219914971,-1.09890633216128,0.870350229553878,0.644271443132311,0.63410834572278,1.3430683077313,-0.563363771885633,0.506065601482987,-0.803797277854756,0.192812936380506,0.017005235189572
0.197593534132466,0.452835818752646,-0.13489659037441,0.23377554374747,0.0535337748005986,0.174913883395493,-0.26512239058502,-0.171479445090517,0.0760561368428171,0.206664850423113,-0.200358876725659,-0.878763064742088,0.145932868123055,-1.46015503350645,0.300942162517458,0.113662198651582,-0.520380281377584,0.826670055510476,-0.375801780726761,0.392620904836804
-0.440372778568417,-0.136024532839656,0.147580593824387,0.344912995584309,-0.439120673108846,-0.203739763749763,-0.163260353682563,-0.222620313707739,-0.14170631649904,-0.206470056110993,1.08195851161145,0.088772471062839,-0.504045041743666,1.04472422995605,-0.786492187762633,-0.814960700226948,-0.828839936060831,1.42401898722164,0.177200000267476,0.747766850050539
0.0208559713792056,0.42788493540138,-0.10615331842564,0.181576527655125,-0.0292866548988968,0.0951980784069747,0.286339238192886,0.1053792423103,-0.0846918144263327,0.0593970053829252,0.522239778656512,-0.0830987524241209,-1.13761690934189,-0.490393846761435,-0.934297054773197,0.499279683921486,0.292653792304918,0.00149561720900238,-0.565352188423276,-0.582417894154787
-0.476699610473588,0.0212264403235167,0.0186964937020093,0.00659961788915098,-0.177596828667447,0.0820628209970892,-0.0340127818286419,-0.274806155031547,0.257909083971754,0.103462851606309,1.4525838769041,0.158356656320393,1.40074228285812,-0.388815008103848,-0.717560081044212,-0.697332333773375,-0.653222390916198,0.283192637376487,-0.629368481459096,0.746046264655888
0.382038586540148,0.0449426830746233,-0.468468647217378,0.293780585052446,0.0449471718166023,0.0249923765659332,0.0657374194823205,0.277199667412788,0.0262283887714148,0.190135818254203,1.21763938805088,-0.710047457367182,1.0947427272331,0.628485598834231,-1.12574564642273,0.097063330700621,-0.159179451875389,-0.401825875975192,-1.48372578341514,0.334086456801742
-0.441233450779691,-0.262129065580666,-0.288378542289138,-0.367162563838065,0.0520089433994144,-0.0640530662611127,-0.140902955923229,0.141763161169365,0.228538685990497,0.124440869595855,-0.34969526482746,-0.545480598695576,-1.03804704523645,-1.48037538654171,-1.28430184233002,1.40243543428369,0.209230506559834,0.52067263587378,1.14718735031784,0.466392925009131
0.294464902253821,-0.382786922622472,0.0504721247125417,-0.430494777858257,-0.246276739286259,-0.289707881491631,-0.0659833774901926,-0.0512628054711968,0.138454188220203,0.186136181373149,0.746819998836145,0.238374917535111,1.27805582550354,-1.47596493316814,-0.312637921655551,-0.988753268262371,-1.03965924144723,-0.502104879822582,-1.02427019085735,0.796030889963731
0.237122975522652,0.0586232366040349,-0.0638934916350991,0.496869940543547,0.0791801947634667,-0.0498876437544823,0.24018907751888,0.189339069463313,-0.0571537724230438,0.182774962484837,1.1206132338848,-0.956211389042437,0.497284780489281,-0.590077318483964,-1.17404860490933,1.15718051581644,0.746609629830346,-0.245024105301127,-1.2221615051385,-0.0972585983108729
-0.476272465195507,-0.479184515075758,0.194919971283525,0.00740941544063389,-0.264407225418836,0.00653284862637521,0.0570938697550446,0.270811294438317,0.00455661294981835,-0.252446196600795,0.497960032196715,-1.01269301888533,0.42323788208887,0.743405138840899,-0.0762243079952896,-0.423227021237835,-0.0618795419577509,-0.835081882076338,1.27762454515323,-1.06064004194923
-0.443374924361706,0.178208126919344,-0.00193045940250158,0.365925911581144,-0.0942089280579239,0.121613375237212,0.0855095237027854,-0.228591438336298,0.149749475950375,-0.159566734358668,-0.856298844097182,1.03362576873042,-0.68717264290899,-0.0860784749966115,0.779544469434768,1.43814061302692,0.42726642312482,-1.20625868020579,-1.11250044219196,-0.898229545913637
0.0788375141564757,-0.299424078548327,0.377403841121122,-0.465603011427447,0.0704415990039706,0.00638234191574155,0.283278477424756,-0.259960577823222,-0.158958882791921,0.235130883520469,0.331841923529282,1.24396482040174,-1.42955857235938,-0.107171771116555,0.514856674242765,-0.473389336606488,-0.382920168573037,-0.968141777906567,1.35221558203921,-0.982807530323043
0.0887936186045408,0.291455214843154,0.121462512295693,-0.378527987049893,-0.00123320263810456,-0.0642062829807401,-0.0762348566204309,0.205843302374706,-0.236482968181372,0.209299503173679,-0.836902383249253,-1.07409078581259,-0.45806377613917,0.23947285185568,-1.0317607477773,0.573843652149662,0.158128066454083,-0.574042109772563,1.49202574230731,-0.24208198254928
-0.149296754272655,0.0635834126733243,-0.0817070680204779,0.0340342663694173,0.0457929596304893,-0.205757938418537,-0.231948125828058,-0.00443726568482816,-0.205125916516408,0.261443272791803,-1.27865560236387,-1.30551597545855,1.32518817926757,-0.44334581005387,-1.09936079964973,0.996028760913759,-0.765948954736814,0.356639148434624,-0.243615097599104,-1.25897899246775
-0.173259578179568,0.0655076045077294,0.156790305860341,0.413005514070392,0.0255573608446866,-0.0462364671751857,0.0585161883383989,0.00102484510280193,0.147385080065578,0.253272669157013,0.74944147397764,1.04264931916259,-0.0839274481404573,-1.35173104447313,1.16373157035559,-0.62372240354307,0.70340477116406,-1.33102740277536,0.735355842160061,1.02425031946041
-0.297825403045863,0.245135340606794,0.0616376537363976,-0.0726471508387476,-0.153812781674787,-0.244308443320915,0.225517355790362,-0.203426274005324,0.124601032678038,0.223248017393053,0.09758434840478,-0.790436987299472,0.26577923912555,0.132450583856553,-0.854803192662075,-0.388904876075685,1.17469834489748,0.4838600337971,0.0461244543548673,-0.228877192363143
0.114063729066402,0.0497878210153431,-0.00971336616203189,0.410412274999544,-0.15304580447264,-0.126428181119263,-0.227703336020932,0.0874259484931826,-0.00496314656920732,0.205799664929509,-1.12857104837894,-0.215054026572034,0.134876949246973,-0.0744531468953937,-0.90651185112074,-0.551330781541765,-0.678432291839272,-0.444098223466426,-0.912333457265049,-0.157477393979207
-0.324647901812568,0.0135330255143344,-0.256256700027734,0.0790037773549557,-0.101790332002565,-0.190576548501849,-0.00707800788804891,-0.150826905062422,0.184011896001175,0.260057433368638,-1.32517094537616,0.939461375819519,0.897737546358258,-1.47988277650438,0.218404378043488,0.399408016121015,-0.300042478367686,-1.05150609416887,0.686160354176536,-0.739199980627745
-0.10535759665072,0.377104127779603,0.189749513054267,-0.115646125515923,0.383577935397625,-0.132515695178881,0.0534644808154553,-0.275738640781492,-0.229377027321607,0.0228426771238446,1.33487174171023,-0.680349173722789,-0.966198564274237,0.934361137915403,0.788674213690683,-0.953959474805743,-0.143290415173396,-1.46857586991973,0.676289641996846,-1.12162204412743
-0.361910002538934,0.0245081358589232,0.0332899268250912,0.265719870803878,-0.275542886462063,0.146062599029392,0.228803147748113,0.208118865732104,-0.00604953872971237,-0.056325514242053,-0.550058692228049,0.960589103400707,-0.615942278411239,-1.49475180753507,1.32193961623125,0.660107867326587,0.490599742624909,-0.771816172404215,-0.456766492221504,0.715994453988969
0.204320596065372,0.186007800046355,-0.342535124858841,-0.24929544958286,-0.127613227115944,-0.0526198093313724,0.287808262137696,-0.283473536884412,0.0306768209673464,0.137503103166819,0.400267356075346,-0.893818903248757,-1.04094284609891,0.360765621531755,-0.146233004517853,-0.376474865013734,0.798738267738372,0.984717674553394,0.298260169336572,-1.31622318690643
0.164488976355642,0.400709227193147,0.43445813911967,0.368209528969601,0.202781160827726,0.209130123630166,-0.229582643788308,0.264721613237634,-0.0749557846225798,0.00262694321572782,-0.731545224320143,-0.11206782865338,-0.722403781022877,-0.499855035217479,0.786429400322959,1.47634916589595,-1.17590791988187,-0.0438901064917445,1.30588003993034,-0.29614265053533
0.0412148006726056,0.47659662575461,-0.0684793712571263,0.0920373296830803,-0.278814052930102,0.145074266614392,-0.155408636340871,-0.225256555667147,-0.0418780845589936,-0.0646316793747246,-1.38246750785038,0.0676882246043533,0.975404386874288,1.37404831498861,0.310041540535167,-1.46070021903142,0.591727532213554,1.1659679627046,-1.00997592438944,0.32839082647115
0.00950967916287482,0.0801567425951362,-0.277348907897249,0.04959971527569,0.382924124598503,0.035601333109662,0.298214321862906,0.0270676568616182,-0.0253353785723448,-0.256465284107253,-1.08218460157514,-0.0279727214947343,0.0806166438851506,0.0390702048316598,0.836316900327802,0.898323029279709,-0.015053883427754,0.0255643359851092,0.179562385194004,1.35797769203782
0.253577330382541,-0.284777893451974,0.387075412319973,0.0734644865151495,0.302212300244719,0.0640954669564963,-0.0899006477091461,0.0854616552125663,0.268815778568387,-0.0308797711506486,-0.491712992079556,-1.26521776453592,-0.157749086385593,-0.0695014705415815,0.712713967775926,0.456045241327956,1.04824369470589,-1.07179816416465,0.33565996075049,-0.917700236896053
0.357846378115937,0.0334994082804769,0.377371368464082,0.0714656072668731,0.110394537681714,-0.00885865171439948,0.152576052909717,0.0232525160070509,-0.251576092466712,-0.103870961302891,-0.635421926155686,1.38229253841564,1.48857145803049,-0.974214651854709,0.579092700267211,0.767431795829907,-0.993049672571942,0.573213680880144,0.947231334401295,1.49569914420135
0.224658701568842,0.425969236297533,-0.331305550644174,-0.385993670672178,-0.493579613510519,-0.169478832744062,0.174360703071579,0.0561877265106887,-0.0186403343919664,-0.155565890064463,-1.19938681600615,-1.24846020410769,-0.884594090050086,-0.690082276007161,0.0381313667166978,0.166915523121133,-0.165629741968587,-1.06507548945956,-1.44596876506694,0.27141368156299
0.193074065959081,-0.195455318782479,0.241950115188956,0.37993087223731,-0.411594298435375,0.00262013277970252,-0.0105083788745105,0.125103112030774,-0.27493583871983,-0.0528375379275531,1.24909701850265,1.13227659277618,1.1693761353381,-0.807284059468657,0.299629093380645,-1.41458257008344,-1.33939469279721,-0.0905788864474744,1.2546780933626,-1.08697860734537
-0.404732845490798,-0.0325500848703086,-0.357956429710612,0.372244174359366,-0.0283789532259107,0.0653940781485289,0.0678838476072997,-0.200003470480442,-0.0335112203378231,0.184265480423346,0.964707626961172,0.425941019318998,-0.0528870590496808,1.26955090463161,0.423642817419022,-0.944795169169083,-1.04619569890201,-0.778053768910468,-1.21573758032173,0.155296150362119
-0.469593625515699,-0.0231465485412627,-0.335094472393394,0.0190822819713503,-0.129609251162037,0.138727689301595,0.0411241340450942,-0.136700592935085,0.22104434967041,-0.139468494616449,-0.652757107978687,-0.12383956136182,-0.0518909117672592,-0.211522496072575,-1.44663343951106,-0.98614658229053,-0.227079120464623,0.77279933472164,0.849393276264891,-0.979618832236156
0.325372392544523,0.0955121233128011,0.193209519144148,0.160973854362965,-0.194367672782391,0.0882578125689178,-0.259184800554067,-0.0575831509195268,0.0184747633058578,0.22837986513041,-1.13783042645082,0.768313571345061,-0.997581083094701,-0.134846238652244,-1.03592294175178,-1.483330152696,0.252476439345628,0.824047529837117,0.126650226535276,0.134064717683941
-0.495295375818387,-0.178645479027182,0.234834551112726,0.210839576786384,-0.149281590711325,-0.00280803255736828,0.196015620371327,0.0706941498443484,0.0972611422184855,0.276693256432191,-0.550756028154865,-0.078909158706665,0.340613571926951,-1.45568535081111,1.33224946190603,-0.488285256782547,1.44799447758123,1.254192778375,0.662912470288575,-0.703032567864284
0.0678950189612806,0.167437021853402,-0.0728095259983093,-0.201560244895518,0.350656510097906,0.128757671965286,0.00204117726534603,-0.208336656354368,-0.270833150390536,0.0117358279880136,-1.27423178544268,-0.0165657650213689,-1.15499082882889,-0.147163063287735,-0.485348628368229,-0.397713382495567,-0.593381710583344,-0.641349906334653,-0.382618901319802,0.0738710935693234
-0.369960935786366,0.412257990101352,-0.25747314770706,-0.205139341298491,-0.417112947674468,-0.235454034106806,-0.230208843480796,0.153059078240767,-0.201778033794835,0.249472437752411,0.401776951504871,1.03915578103624,-1.2994035850279,1.14008723432198,-0.369728767080233,-0.778579202480614,1.40704234829172,-1.1844364812132,0.0421227982733399,0.216246812604368
0.384097818518057,0.249356150859967,-0.320759573020041,-0.0676223998889327,-0.299716374371201,0.089180782623589,0.202080936916173,-0.103637506160885,0.110590860201046,-0.000641732895746816,-0.56746036070399,-0.127730221487582,-0.289863870944828,-1.13253845809959,0.134910311317071,-0.305738053517416,1.09264877135865,1.41363329440355,-0.531726915389299,0.586146509740502
-0.0787904742173851,-0.0988781717605889,-0.468546513468027,-0.269332889467478,0.255865950603038,-0.154304859694093,0.00102225774899123,0.255669748596847,-0.21588530880399,-0.294796509062871,0.969512416049838,0.723240669351071,0.594788025598973,0.79663054109551,0.085307307774201,0.769242516020313,-0.213340216549113,0.739869967801496,-1.05683949985541,-1.06905443407595
-0.417808361118659,0.219411186641082,0.375115160830319,-0.186481219250709,0.0111483735963702,0.0155161146540195,0.184060843242332,-0.229406272759661,0.0956978024449199,-0.255521196406335,-0.339914914453402,-0.338389623910189,-0.128182598389685,-0.751076825195923,0.168783658649772,0.240902377059683,0.155715499073267,0.787667632335797,0.836545042460784,-0.00014882069081068
0.194592936662957,-0.373136338545009,0.245461539132521,0.123434628127143,-0.329201995162293,-0.241587247699499,0.179377921717241,-0.118555424502119,0.00843739081174133,0.141487531922758,1.43353927857243,-0.148066071560606,0.0114470750559121,0.340883672470227,0.737928295042366,1.1317113765981,-0.668881312245503,1.02257847203873,0.44336568005383,-1.48364450340159
0.113925341982394,0.383185321697965,-0.0571998879313469,0.169681113213301,-0.0898056481964886,0.247075759107247,0.0759295986033976,0.0601366243790835,0.118719226587564,-0.132689635735005,-1.29529687156901,1.23702694801614,-0.531967941205949,-0.90988158644177,-1.329887899803,0.247033951571211,-1.27821098850109,-0.931773705873638,-0.250182636547834,0.386337538948283
0.171506959013641,-0.353390170494094,-0.342361459508538,0.0194257316179574,0.0960383245255798,0.202624806622043,-0.0215842301957309,0.17119975858368,0.205683841556311,-0.226118923164904,1.48713719425723,-1.23892060574144,1.13379369280301,0.606048344168812,-0.17734708939679,0.353809094522148,-0.110409603919834,1.24493742571212,0.691369150998071,0.729062417987734
0.380047547165304,-0.328232943313196,-0.247792332898825,-0.235463113989681,-0.29413329064846,-0.208035806939006,-0.00720233358442784,0.0405939145479352,0.187393361795694,-0.0778637578245252,-0.601203420432284,-0.759072023676708,0.0512195366900414,-0.532554859528318,1.10704007931054,0.118173685390502,-0.196498571662232,0.251365862321109,-0.931720781140029,-1.04912586556748
0.0888092983514071,0.418775371508673,0.0649159729946405,0.42923657852225,-0.314316787524149,0.0374947484582663,-0.242170625925064,0.287959080236033,0.0635726824868471,-0.298460578825325,0.991886210627854,-0.337339749326929,1.19610408972949,0.457005134085193,-1.01859270664863,-0.865582406753674,0.78834569756873,0.164686025585979,0.867776230210438,-0.730617622844875
0.243733265670016,-0.361111170379445,-0.121755688684061,0.105166188674048,0.344508219044656,-0.209812564076856,-0.186747671663761,0.281887337844819,0.162528366968036,-0.0393260884098708,-0.572878012200817,0.712161890929565,-0.958397667389363,-0.338065802352503,1.04761156998575,1.25431694160216,1.14777990966104,-0.300335188396275,1.37694327067584,-1.35876997117884
0.0637938070576638,0.259653591085225,0.197369558969513,0.124431240139529,0.110125972656533,-0.0768890760373324,-0.110482025239617,0.132327800290659,-0.199608383746818,-0.25704323365353,0.590021855430678,0.367571975570172,0.464219744084403,0.625932721188292,1.26906826766208,0.963561666430905,-0.13137043453753,0.993852718966082,0.274184937123209,1.44701977819204
0.380644093034789,-0.267295164056122,-0.0114883156493306,-0.423144516069442,-0.0560225071385503,-0.263258261047304,0.0555400438606739,-0.0830640187952667,0.00261593777686359,-0.147441467782482,-1.27745976531878,0.0859694369137287,0.210673724301159,0.828504943521693,-0.90588253014721,-1.11864324216731,0.383443005848676,-0.911085516912863,-0.499164360808209,-0.979435837129131
0.0601796216797084,0.209049460478127,-0.267019088380039,0.0569590909872204,0.0745461902115494,0.18860047920607,0.236330786207691,0.239254355337471,0.0245719883590937,0.164480510959402,1.39233302953653,1.14920388814062,0.339696790091693,-0.803160747047514,-0.0614460355136544,-1.34457477042452,-0.725155671592802,-0.582657824037597,-1.47188631305471,0.722717114025727
-0.221690577222034,0.474302555434406,0.410166568821296,0.189405087847263,0.360211418475956,0.280987191852182,-0.0682522008195519,-0.0118297648150474,-0.282494732318446,-0.0310249944683164,-0.839819735381752,1.49908097321168,1.10484417853877,0.0595263296272606,-0.707880738191307,0.652509287931025,-0.0900232179556042,-1.4528097845614,0.215980441309512,0.398627594579011
0.158034924650565,0.330154192401096,0.382608191808686,-0.0984894728753716,-0.277242852840573,0.21748827570118,0.225697535695508,-0.0764594878535718,0.272256422415376,0.270378326810896,-0.226594656938687,-1.15429916675203,1.35371483140625,-0.291772582568228,1.46486220345832,0.505604965612292,0.0417155020404607,1.20896167634055,-0.174765834817663,0.775494734756649
-0.147784231929109,0.443970887223259,-0.325127837946638,-0.291390027385205,0.0209099883213639,-0.154009940195829,-0.203378956764936,-0.213581283437088,-0.177343845181167,0.233555893041193,-0.206127563724294,-0.00654755299910903,0.466388097731397,0.512684702407569,-0.277024924289435,0.779759173979983,0.956430941820145,-0.72267301613465,-0.692059671739116,0.455926161725074
-0.313121754210442,0.372933031758294,0.406704563880339,0.127121868077666,0.226335161132738,0.267487315647304,0.121551314787939,0.144007473718375,-0.0273763411212712,0.0684316235594452,-0.0449071547482163,1.14864481939003,-0.381575958570465,-0.983559225685894,-1.02572045987472,-0.785167223308235,0.555003575049341,-1.25868844357319,0.775565188145265,0.0524680225644261
0.129737855633721,0.23222623532638,-0.362127841915935,0.233061849372461,0.131870743120089,0.256785331573337,0.0804218765348196,0.242840495053679,-0.229123956570402,-0.283394133299589,0.299672064604238,0.647860859753564,1.45054760947824,0.957120766863227,0.908455395139754,0.948122293688357,-0.305309340823442,1.03857418242842,0.760625357972458,0.0679935843218118
0.0850682868622243,-0.476562681840733,0.349235871108249,-0.245882956543937,-0.315827187383547,0.189529431704432,-0.0661219862289727,-0.275694097392261,-0.0134913266636431,-0.0059263274073601,-0.768863063771278,-0.802170591428876,-0.372449801070616,1.32210196042433,-0.993261105380952,-0.442714110715315,-0.247658230131492,0.232065581716597,0.712381873978302,0.00684269308112562
0.135358389467001,0.119883732870221,-0.466008781455457,0.0684220399707556,-0.378286899067461,0.110981988860294,0.132026662817225,-0.25010159611702,-0.0112848707009107,0.261421984434128,0.452738550491631,0.518139554886147,-0.121402113698423,0.114908505929634,0.937920729629695,1.35576872946694,1.30210692621768,0.0990731092169881,0.0122659101616591,1.44610148412175
-0.089342582738027,-0.00630132644437253,0.357939176959917,-0.309680058155209,-0.133804734097794,0.000911810528486989,0.200474254740402,0.0872670350130648,0.171347656147554,0.299346131365746,-0.781426787143573,-0.649676702683792,-0.944841888500378,0.730294177075848,-0.254557853797451,0.159252554643899,-0.129658406367525,-0.579642135417089,-1.26866655936465,1.11859216284938
-0.397955634165555,0.23707342799753,0.287038234760985,-0.0109574496746063,0.185439290245995,0.185027856007218,0.0469162493012846,0.243086928175762,0.00818436504341663,-0.0933115279767662,0.303922664606944,-1.25705462135375,1.18277250020765,-0.750227252254263,0.0173520469106734,-1.05055994493887,-1.18437723093666,0.990978100569919,1.31272772792727,-1.41229780716822
0.423829423030838,-0.197063843021169,0.150245394557714,-0.0750303217209876,0.071832237765193,-0.164768930571154,-0.254856623243541,0.197038126084954,-0.101633072225377,-0.187780798785388,0.382868457818404,-0.0186374941840768,-0.377276358660311,-1.00369473011233,0.854320743586868,0.935223371023312,-1.01431281818077,0.417729020817205,-1.39589854236692,0.760945527814329
0.0417553810402751,0.380433656275272,-0.259926249040291,-0.236913708969951,0.0377072007395327,-0.150075644161552,0.0399020317476243,0.0593491896986961,0.206712826481089,0.105796898156404,-0.449984229868278,1.08524072030559,0.131995720323175,-1.07865377445705,1.31598370335996,-0.953377039404586,-1.17079212446697,0.899141997797415,0.482068439014256,-0.915118017699569
-0.0408903246279806,0.244869532762095,0.0300954841077328,-0.357348412973806,-0.165738385636359,-0.055615047365427,0.227711608819664,-0.0586348677054048,-0.163471409445629,-0.221530721196905,0.0711342778522521,0.607434078818187,0.904371975688264,0.583449760219082,-1.34399818978272,-1.00122058857232,-0.929395796265453,0.255959079600871,0.937958284746855,-0.663818733533844
-0.380937457550317,0.362217439105734,-0.0935989806894213,0.29599395301193,-0.120026538381353,-0.191955122211948,0.0940123801119626,0.241423593135551,-0.0801502506248653,-0.0518370394594967,0.811425319639966,-1.40928983478807,0.429337434237823,-0.850209708558396,1.49516769032925,0.96703337598592,1.30956547195092,-0.921894419705495,1.40210674493574,-1.46546638780273
0.370656731771305,0.217762290732935,-0.212798923952505,-0.0181536106392741,-0.213309306884184,-0.106785181816667,-0.0558529116678983,0.149259694246575,-0.222765903035179,-0.057451128680259,1.17032368294895,-1.34551922301762,0.764643888920546,0.691255180863664,0.16092010284774,1.31426199129783,-1.23480652249418,-0.0656154595781118,-0.706895635463297,-0.973827634239569
-0.275103339925408,-0.316341822501272,0.231984537560493,0.240966609911993,-0.229476412758231,0.281613055989146,-0.0419566588941961,0.242805050779134,-0.289565765205771,0.261408952530473,-1.19425637670793,-0.534519337350503,-0.362966635962948,-1.30665841768496,-0.905195998493582,0.348874609451741,0.0969435952138156,0.790905455360189,0.8768928819336,-0.662915870547295
-0.49593575228937,-0.438849119935185,0.199901749845594,-0.452580869430676,-0.308147055329755,0.0520821184851229,-0.224241028865799,0.237430140422657,0.0381813393440097,-0.104333462147042,0.826843658694997,0.634754351573065,-1.33621773635969,-0.88854808663018,-0.73960342258215,-1.42653064196929,-0.853121685096994,0.395081163849682,1.45888633676805,1.38721862272359
-0.160294007509947,0.299815895035863,-0.362408166285604,-0.227651764405891,0.472120942780748,0.202575339004397,-0.252262201812118,-0.23257919526659,-0.0116531797684729,0.12037916444242,-1.38624274358153,-0.455213681096211,-1.0998111194931,0.586870479863137,0.663206145633012,-0.496253656223416,0.459507199935615,-1.18916104570962,1.27933396934532,-0.607559558004141
0.103946606395766,-0.399063323857263,0.109763337764889,0.445689889835194,0.244752358179539,-0.117790628643706,-0.106075515691191,-0.187807567510754,-0.123734664358199,-0.113422682974488,-1.27303621731699,-0.195125558646396,-0.267831868026406,0.991109329741448,-0.641522755147889,0.462301155785099,-1.28514685551636,0.832995856879279,0.536489778896794,0.141390398377553
-0.498678354779258,-0.261221237713471,0.315809429157525,0.013689634623006,0.342522873543203,-0.116863974742591,0.22816345137544,0.293411152716726,0.202838799264282,0.230117651447654,1.25761258020066,0.818544294219464,1.06781826401129,-1.23692495003343,0.318310577888042,-0.0548032305669039,1.07082128687762,0.855093793943524,-0.77104786131531,0.33714417507872
0.233125308528543,0.269046052824706,0.019195397850126,0.423262164462358,-0.240417355904356,0.101495818980038,-0.145675491029397,-0.0250853980891407,-0.214404024370015,-0.0727453110739589,0.0275445585139096,0.212885026121512,-1.33361439197324,-1.41528615751304,0.999257804593071,0.350191826932132,1.1585568243172,1.35585278528742,-0.513926016865298,-1.17058872850612
-0.298860262380913,0.142175335902721,-0.083546313457191,-0.170027127256617,0.385864833602682,-0.291225034045056,0.11748817730695,0.104600570769981,0.190099586499855,0.0242781752720475,-0.713062591385096,0.411690711742267,0.122450666734949,-1.16804555710405,-1.40248135174625,-1.39725242299028,-0.323827100917697,-1.47600389295258,0.803957430878654,0.567033361410722
-0.143591437488794,-0.251570995431393,0.254533589119092,0.222597538726404,0.00782743096351624,0.20449223164469,0.104852689616382,0.220499805780128,0.275161881325766,-0.243046192685142,-1.16714288969524,0.238582440884784,0.117334802169353,0.97942805243656,-0.617101816926152,-1.33114232704975,0.493808488128707,-0.87682877923362,-1.35567762306891,-0.0388436559587717
0.350346565712243,-0.240041867829859,-0.356782184913754,-0.427487752866,0.108995760325342,-0.275394262606278,-0.239130216697231,-0.163016625400633,-0.13198306588456,-0.299009675346315,-1.42897900566459,0.516578995389864,0.947427994105965,-0.89172758278437,1.23613633727655,0.992151871556416,-1.45822607260197,-0.191688865888864,0.365635365480557,-0.295223312918097
-0.485084740677848,0.3703356992919,-0.466606195317581,-0.369179864646867,-0.021773693151772,0.272078642388806,0.23200615150854,-0.0390582898166031,-0.116271332697943,-0.245055486029014,-0.141738155856729,-1.13847162877209,-1.07591911079362,1.09822964156047,0.25420504831709,-0.373232448007911,-0.528285900363699,1.47702803020366,1.24650602834299,-1.20565693918616
-0.177439824445173,-0.416808262933046,-0.355677669635043,-0.468148947693408,0.263630535919219,-0.249201964912936,-0.169818963250145,-0.046970191039145,0.101576159801334,0.123854537587613,0.899164895061404,1.008350324817,0.431886007077992,-0.81943861884065,0.422093014698476,0.815917757805437,0.159902620827779,1.41499586845748,-0.58921949355863,0.920375898247585
0.0324782244861126,0.253571138717234,0.464754117419943,0.180111323483288,-0.133604182163253,-0.0784165050834417,-0.214734329469502,0.19613247695379,0.257153778662905,0.0657903700601309,1.44898901483975,0.0778779617976397,1.41525638080202,-0.0637220204807818,-0.283550911350176,-0.266979443840683,-0.0998112468514591,-0.395269996952266,-0.15511163463816,-0.443757019238546
-0.0239755786024034,-0.186252969549969,-0.250513017177582,-0.0362451300024986,0.379015304148197,0.0814018769189715,0.293594070989639,-0.189145958656445,-0.0508113461080938,-0.295422964543104,-0.289989691693336,-0.70934029086493,-0.896753853885457,0.20052371872589,0.479750280501321,-0.431598492432386,0.403415624052286,-1.08344130311161,0.520775994518772,-0.745011902879924
-0.172429357655346,-0.198990679578856,-0.165221811505035,-0.305045837070793,0.239516061497852,-0.141814476577565,-0.0783690114039928,-0.237346280319616,-0.0418352738488466,0.288663261942565,0.481439403723925,0.494070261949673,-0.262244663899764,0.505787796573713,0.0835919855162501,-0.606327094137669,0.208429269958287,0.567086727591231,-0.613113327417523,-0.813152185175568
-0.405819344334304,-0.413673255359754,-0.133517177542672,0.112941958243027,0.333763733739033,0.2458048151806,-0.154197712708265,-0.170964985666797,0.19473122684285,0.249268560390919,1.44703146116808,-1.161188011989,0.778007358312607,-0.0887104128487408,-0.0503529687412083,-0.0887862753588706,1.00913067022339,1.09158200933598,0.109632182400674,-1.29563875263557
0.0094608967192471,0.125347817782313,0.489451188826934,0.400825579883531,-0.318202078575268,-0.255262516625226,-0.102918949630111,0.263382392562926,-0.242375747859478,-0.00459250453859567,-0.207829022314399,-0.589692846871912,-1.45841869711876,-0.0406280877068639,0.0631278476212174,1.46131108724512,0.765130463987589,1.25806460855529,0.351786902407184,0.421294134808704
-0.275713067967445,0.49710962199606,-0.0179128865711391,-0.0125841952394694,0.191238706465811,-0.142712326766923,-0.267860648967326,-0.248476495267823,0.28239447819069,0.243491410743445,0.444833508459851,0.68887745635584,1.09968930250034,-0.619722600560635,1.23125746822916,0.426807004725561,0.122702489141375,0.331514684250578,0.722355965059251,0.734803331550211
-0.0249894589651376,0.496557338861749,0.0708431687671691,0.241081824991852,0.0254969231318682,-0.240554613433778,-0.0493168200831861,0.043069411162287,0.226803535083309,-0.00666353898122907,0.390718692680821,-0.15164463291876,-0.329439823050052,0.575417273445055,0.230115340556949,-0.835686655249447,-0.703861359972507,0.932115128031,-1.30202060937881,0.0656229082960635
0.0327523269224912,0.399560421938077,0.0346623817458749,0.382010335102677,0.292225051438436,-0.224652779521421,0.239805252570659,-0.246302116010338,-0.00389140136539934,0.0325999740511179,-0.677712398814037,0.103939520660788,1.08123501925729,0.797735260566697,1.33246371243149,-1.11611840827391,0.250887472182512,1.17147861421108,0.121344956103712,-0.471109800506383
-0.0893637854605913,-0.00590222119353712,-0.370318760862574,-0.0871932688169181,-0.22963449684903,0.222352442471311,0.181240476574749,0.168967787828296,0.0260357866063714,0.257746372371912,-1.39957006601617,-1.0869027574081,0.916382083436474,1.48679763777182,0.679363429779187,0.430471850791946,-1.39342609955929,1.20458299806342,-1.14492690819316,-0.263976523652673
-0.46089988341555,0.439966718200594,0.0368174572940916,0.237749093212187,0.347226240905002,0.208754453156143,0.0257356898859143,-0.0191703598480671,0.211381805688143,0.254912707675248,1.15726578352042,0.0562580139376223,-0.915623455541208,-1.36568117653951,0.036819851025939,-1.44547426351346,0.471867692191154,0.63816302572377,0.639983806293458,0.589392602210864
-0.0982253609690815,0.126276390627027,-0.000309588853269815,0.0144152503926307,0.395357595523819,-0.188211201550439,-0.0483077557291836,0.00200346526689826,-0.279861707333475,-0.232757722400129,-0.333865266758949,0.921495096059516,0.621690335450694,-1.23080563126132,0.682033338351175,-0.205691671930254,-0.32928350334987,-0.286609946284443,-1.48962712101638,-1.35782121587545
-0.37113329465501,-0.345593079458922,0.366213259520009,-0.137852879008278,-0.447272200835869,0.144124338682741,-0.0421343056485057,-0.158695120085031,0.278017727192491,-0.11889570937492,0.701672839466482,-1.11013144324534,0.360960375750437,-0.744222597917542,0.936502547934651,-0.240290442248806,-0.720394524978474,-0.759947370970622,0.222332565346733,-0.578522679163143
-0.303441834170371,-0.167952343355864,-0.0321983362082392,0.162035502493382,-0.379179616924375,0.0313229406718165,0.193931488646194,0.245179756963626,0.202352961525321,0.136673886794597,-0.182347720954567,1.02833400783129,-0.819039981113747,-0.406934493687004,-0.820943291997537,-1.26218324596994,-1.24392284173518,1.26184987672605,0.104861537693068,0.904741974547505
-0.205712541937828,-0.019278144929558,0.221568124135956,0.275799836264923,-0.408364730188623,0.241053630597889,-0.0170851120725274,-0.110076274350286,-0.118115324992687,0.0495117134414613,-0.467352399369702,-1.2203356793616,-0.731915531214327,0.391058063367382,-0.453590609366074,1.19660576200113,-0.228895606705919,-0.974246419966221,-0.089404315687716,1.47064854344353
0.230559513438493,-0.391057430766523,-0.110526205273345,0.202969198348001,-0.0952574764378369,0.279913970874622,-0.111322532314807,0.285380269261077,0.282718918053433,-0.298759329691529,1.25351047609001,-1.17138387286104,-1.4785308977589,-0.579214990139008,-1.12694563949481,0.534877490485087,0.214571399381384,-1.04963026125915,0.274306951789185,-1.1034710817039
0.318484984338284,0.175614504842088,0.297162361443043,0.0273900444153696,-0.393612942425534,-0.233046877942979,-0.13486417774111,-0.0182638191618025,-0.277709811413661,-0.112070320593193,0.994035626063123,1.38683063001372,-1.30225798068568,1.31797214574181,-1.22301423246972,-1.08098627091385,-0.68574009463191,-1.35448116925545,-1.08201708295383,-0.702490209136158
0.349056795472279,-0.460182947805151,0.438998544821516,0.444446227978915,-0.0341775557026267,-0.162991578457877,-0.209939123829827,0.239120400929824,0.0810245292261243,0.00887363841757177,-0.593430570792407,1.02965004974976,1.01199424895458,-0.538275093538687,-0.512608141405508,0.430181508651003,1.21926685119979,-1.28608630620874,0.420648111496121,1.30795218748972
0.0528784915804863,-0.126814771676436,0.234457805752754,-0.148435792187229,-0.0419455445371568,-0.16840664986521,0.113104367628694,0.0694311353377998,0.196862356737256,0.179960375698283,1.14898591116071,1.11716448725201,-0.77821564511396,1.32702836464159,0.559165480546653,0.342965902062133,-0.180693613830954,0.100842498941347,0.317227494204417,-0.68837314308621
-0.192175629315898,-0.200281020021066,-0.454379218164831,0.279034797102213,0.360559289343655,-0.165484266495332,-0.0355836709029972,-0.134003369836137,-0.119006074313074,0.221707039838657,0.679330171085894,0.360599094070494,0.460873805684969,-0.585124532226473,-0.792974119540304,0.0550526131410152,1.26816776767373,0.890170404687524,0.23771969997324,0.430305652320385
0.0782375950366259,-0.245785991195589,-0.249057409819216,-0.474081145366654,0.104314480442554,-0.23519136258401,0.0094863598700613,-0.285684750135988,0.1486469801981,-0.25632998063229,-1.29436319391243,-1.33187948400155,-1.011751831742,1.49917481630109,-1.37098879180849,1.38824582495727,-0.948295796988532,-1.45823924476281,0.938036937033758,-0.94710232433863
-0.269910839386284,0.233498668298125,-0.393577732145786,0.49553713737987,-0.158261440228671,0.225299896672368,-0.0985341060440987,0.221024252241477,0.183705853717402,-0.0633242032025009,1.49563596420921,0.722581336274743,1.01379440026358,0.571331668412313,-0.616176711162552,-1.47420264361426,0.64538459898904,1.06118124397472,1.38978188065812,1.03429469838738
-0.15918639767915,0.437868872890249,0.263914345763624,0.46448518964462,0.404186737723649,0.147391246631742,0.0887440300080925,-0.0412361602764577,0.154145388677716,0.0115169302560389,0.963972784113139,0.656043072463945,-1.21612739609554,0.0119353977497667,-0.499252546112984,0.029703464359045,-0.498144038021564,1.48212760104798,0.960381350247189,0.626465986249968
-0.175192876951769,-0.0775756840594113,-0.300860343268141,0.488263501087204,-0.214007813949138,-0.00506221731193363,0.042691557481885,-0.23047283613123,0.00958321024663744,0.238586353836581,0.944438480772078,0.860882610082626,-0.583387693623081,0.387293464969844,0.0130533180199564,0.115300255827606,1.33157596969977,1.34057847806253,1.03852233546786,0.455372275784612
0.321549817221239,0.499640318565071,-0.359647181816399,0.179436060134321,-0.24518420919776,-0.247232641233131,0.183870374970138,0.279653339227662,0.0163471244741231,0.19092644280754,0.714363288134336,0.742943140212446,0.355519718723372,-1.16048751189373,-0.843597440281883,-0.222158327931538,1.34141976898536,0.301052529131994,-1.27506234613247,0.202915294328704
0.4321718076244,0.00254671322181821,-0.453564931871369,-0.162002897122875,-0.263253894867375,-0.1316331169568,0.176523596188053,-0.196113696601242,0.280862583545968,-0.242293329304084,-0.474410133669153,-0.460422809701413,-0.9158793494571,-0.474540625931695,-1.03687081625685,0.552041341317818,1.48125272034667,-0.349201417062432,-0.987952014897019,-0.143788606859744
-0.478557517984882,-0.0836542791221291,0.491015304578468,0.486282111844048,0.211566328071058,0.0284946402534842,0.206416909536347,0.0582731531001627,-0.133891540439799,-0.0770426541566849,0.78039880678989,1.20771989668719,1.02195400348864,1.4781961964909,-1.31049523944966,0.93197698588483,0.81570808799006,0.837616065284237,-1.37523991568014,-0.826929675182328
0.211927660508081,0.464344664243981,-0.457070977659896,0.433671141741797,-0.0125587254296988,-0.227853597700596,0.0244780038949102,0.103195981867611,-0.15491457846947,0.153176827635616,1.19154946971685,-0.867525984998792,0.437584717758,-0.736405482050031,1.40311669092625,0.479483912698925,0.788649688940495,-0.626111801946536,0.287567080697045,-1.23321003606543
0.304136100457981,-0.205436419928446,0.0237234488595277,0.287038704613224,0.400869230274111,-0.195911274338141,0.109243262093514,0.051775769283995,-0.104105461668223,0.266164920385927,-0.405471943086013,-0.854365050327033,-1.20985004073009,-1.13371488684788,-0.514289302518591,0.807832634774968,-0.686806693207473,0.105130776297301,-1.42847513663583,-1.38587880902924
-0.349779488286003,0.0397966052405536,0.426960984244943,-0.399131257086992,-0.366608240175992,-0.0601230849511921,-0.26763774943538,-0.0660118417348713,0.239492449164391,0.209047777578235,1.21703896787949,0.828736366471276,-0.0496714655309916,1.15754789253697,-0.790078031597659,-0.271050340030342,-0.320706676924601,-0.664071016246453,1.15186710795388,1.04797973670065
-0.214829847449437,-0.0257589491084218,0.0918997237458825,-0.277498127659783,0.0573718687519431,0.188603203603998,0.286838847119361,0.133227632241324,0.169529746938497,-0.196470122085884,0.846307080471888,-1.20103338570334,0.69515213300474,0.605785843217745,0.488404054194689,0.0493989838287234,1.08238026103936,-0.190343798138201,-1.15959972026758,0.585778657346964
-0.344452311750501,-0.356013529701158,-0.193413702771068,0.250291361939162,-0.174339447636157,-0.0888088511768728,0.00912802149541675,0.291034613549709,-0.0255388837773353,0.267217529285699,-0.508973909541965,-0.98874104116112,-0.903093060711399,0.806551304413006,0.590806209482253,-0.666820513084531,0.845484358258545,0.801424521720037,1.23850895930082,0.999453823780641
-0.405060010962188,-0.0169408947695047,0.0353890431579202,0.301610401365906,0.261842990992591,-0.0480234058108181,0.181302245054394,-0.127722929371521,0.124196556257084,-0.0724998920224607,-0.554334444226697,-0.986865024548024,0.802766659995541,0.297429627506062,-1.30947872553952,-1.14203479816206,-0.0798758568707854,-0.0637471473310143,0.588155987905338,-0.0933491794858128
-0.095931849675253,-0.170119242975488,0.150011389050633,-0.475059606600553,-0.0167616938706487,0.00480183823965491,-0.123237126739696,0.026903678337112,0.00684680887497963,0.260994427744299,-0.782884931657463,-0.983556882245466,-1.20304466108792,-0.194180603139102,-1.49609915656038,0.0781554817222059,0.552207686472684,0.720534768886864,0.644819956971332,-1.41002417821437
-0.363441787892953,0.0352272619493306,-0.303002283675596,-0.272139036795124,0.340441424399614,0.0864103930536658,-0.0108012408949435,0.00774088832549752,0.125351966684684,0.104907475272194,0.290281432215124,-0.495133002754301,0.52216207771562,1.48798452084884,0.3825392795261,0.375072687864304,1.41652809083462,1.43448758684099,-1.1027302283328,0.525114160263911
0.458342491649091,-0.197853175923228,-0.0475223157554865,-0.361935364548117,-0.422466094372794,-0.145103210164234,7.04345293343067e-05,0.249967465829104,-0.261496158270165,-0.227654971880838,-1.22865305794403,-0.749661250272766,-0.126776256831363,0.660669395467266,-0.293422604911029,-1.41260409029201,-0.302975948201492,0.959611318772659,0.245925449766219,-1.37079173116945
0.495291965547949,-0.0760713701602072,0.0158865256235003,0.455529206432402,0.0580643131397665,0.28921256409958,-0.260975438402966,-0.204446262912825,-0.137340826308355,-0.0293328012339771,1.025162397651,1.45397708262317,-0.36197439674288,1.19000016222708,-0.541115162428468,-0.578788108192384,-0.16484991973266,-1.27505745948292,0.108614911325276,-0.176752814557403
0.358062671031803,-0.170648257248104,-0.243197048315778,0.151609938824549,-0.397164556896314,-0.0931165718939155,-0.0582802508957684,0.282189654232934,-0.240924928570166,-0.001562139345333,-0.229952165856957,-0.031532597495243,-0.794306794647127,1.03495242702775,0.91367265000008,-0.616100423270836,-1.15110550587997,1.4502930091694,-1.39794477028772,-0.478653660742566
0.283967509167269,-0.102449365891516,0.00786553509533405,-0.140660044271499,-0.0228986442089081,-0.209893513284624,-0.234905012184754,-0.252935469802469,0.195735493674874,0.0738587699364871,1.32091721543111,-1.14025517902337,1.27783389016986,-0.983436822658405,-0.252241593785584,1.03703859681264,-0.634615125367418,-1.11158050596714,-0.978010206017643,-0.966559243854135
-0.252566003473476,-0.0128290473949164,0.0249291670043021,-0.117026977939531,0.337125819874927,-0.111127692461014,-0.202499106014147,0.116559743648395,-0.216143878502771,-0.122877004137263,0.576760239433497,0.675141134066507,0.515747185796499,1.48714264389127,1.26710480055772,-0.741171898087487,0.1593954898417,0.000756949419155717,0.356801679823548,0.0287030891049653
0.417954304721206,-0.143879811745137,0.0887165018357337,0.128722100518644,-0.385790823493153,0.0873296643141657,0.139291819324717,0.203881753608584,-0.0421779340133071,0.251256032427773,0.882628058083355,1.26457399665378,0.807359451195225,-1.4321630266495,-0.283400784479454,1.22357114846818,0.331123037729412,1.10946292011067,1.19618383515626,-0.0924333713483065
-0.0119187899399549,-0.438567357137799,-0.0697285586502403,0.362315384205431,0.288197990041226,0.25749044995755,-0.143465679371729,-0.20481945918873,0.00304087903350592,0.160209384933114,-0.788162951124832,0.781818664167076,-0.209760261001065,0.708402758231387,0.814374294597656,-1.31434449995868,1.3274047630839,0.349688232410699,-1.11312808049843,1.47332078707404
0.0765819647349417,-0.0819009016267955,-0.146811057580635,-0.476607727119699,0.407644552644342,-0.184297600435093,-0.252757153194398,0.0907356238458306,0.256527152331546,-0.292938301898539,-0.803150552557781,-0.0707692459691316,-1.12122601247393,1.07383326650597,-0.767477389890701,0.638452569488436,-0.280014555668458,0.713828641455621,-0.164652263978496,0.919769677100703
-0.330700924852863,-0.242464584065601,-0.381961412029341,0.17069496633485,0.162060648901388,-0.223562036873773,-0.173716552415863,-0.191541469702497,0.073672128142789,0.226702739484608,-1.16153244813904,-0.900164724793285,-0.0386239774525166,0.855011235689744,-0.296699614729732,1.41995052597485,-1.4642258612439,0.127734079258516,-0.687615170376375,-1.45556917972863
-0.102565474575385,-0.0958572363015264,-0.104170367121696,-0.0392059374134988,-0.0457333272788674,0.0852191520854831,-0.228982121078297,-0.216243845410645,-0.142994234338403,0.115775627922267,0.394552464829758,-0.82068136590533,-0.0197525185067207,-1.48655844130553,-0.748243563808501,0.541858793701977,1.03690965799615,0.0670434152707458,-0.342446598457173,-1.33040696312673
-0.0924384947866201,0.0526414841879159,-0.255478860344738,0.00851393304765224,0.384773819940165,-0.04018937763758,0.236047157272696,0.288019644096494,0.269957499671727,0.188882136298344,0.154663101537153,-0.516909409314394,1.49854395166039,-0.570220774970949,-0.60899707255885,-0.387813224690035,-0.0091796200722456,-1.33600287744775,-1.30818039458245,-0.764736022101715
0.438040100736544,-0.452905333600938,0.28534836624749,-0.0629975060001016,0.272460676264018,0.0803519340232015,-0.0790318915620446,-0.235343949822709,0.215891033504158,0.111866957042366,0.364946651039645,-0.140762301860377,-1.18578083300963,-0.209505363833159,-1.30847855005413,-1.35654995287769,-0.081446643685922,0.412536148913205,-0.591896908124909,1.02154127368703
-0.411148914135993,0.497372142039239,-0.382667715894058,-0.367000960512087,-0.445716510526836,-0.0370128253474832,0.104098012112081,-0.293099694745615,0.101771266479045,0.128866094537079,-1.02308673877269,1.13134906464256,1.01735591003671,-1.42000598344021,1.39028541790321,1.36636168928817,0.822710422100499,-0.272418316220865,1.230162831489,0.798206969629973
-0.42056406266056,-0.00166995893232524,-0.499718581326306,-0.0399583128746599,-0.281091490993276,0.0791855444200337,0.249801910389215,-0.0471589393448085,-0.219869728200138,-0.289662456326187,1.3741212466266,-0.439992202911526,-1.37536255200393,-0.708590927068144,-0.639635046478361,0.932290269993246,-0.88774935551919,-0.892164940014482,-0.956009412417188,-0.944266398204491
0.471244269050658,0.128387421136722,-0.498100929893553,0.310192581964657,-0.103851485997438,-0.154446611367166,0.199119983799756,0.112142911786213,-0.102627600263804,-0.270505022630095,-1.3599858940579,0.904698369093239,1.30917664174922,0.636920675402507,1.01708149909973,-0.0103877428919077,0.624579418217763,0.726279269903898,0.341276857070625,0.386713708285242
-0.386500999564305,-0.152547064470127,-0.445259613217786,0.0844228402711451,0.363334729569033,0.123956327838823,-0.00728495777584615,0.0914744070265442,-0.286362714506686,-0.0437624480109662,-1.48417381918989,-0.348474101163447,0.313006132375449,-0.862412676215172,-1.25771079305559,-0.793357527349144,-0.181987212505192,0.736933197593316,1.02193885319866,1.24977908609435
0.0653779525309801,0.293305614730343,0.402274075895548,0.173188303830102,0.488496838137507,-0.166814711736515,0.253902156511322,0.00861976328305902,0.15974492020905,0.138840292626992,-0.117656702874228,-0.0922464500181377,-0.115870619192719,-0.499470604816452,-1.29187945649028,-0.0856866091489792,1.34238539566286,1.215313087916,-0.409832533216104,-0.562605959828943
0.394979806384072,0.186701135942712,-0.259877566481009,0.482925036456436,-0.406817839713767,0.247421549353749,-0.0300095640588552,0.2657480196096,0.0931383051909506,0.0667825712822377,-1.02830013935454,0.25767006771639,0.768669297918677,-1.08996728947386,-0.543563095154241,-0.570155679713935,-0.883188694948331,1.14516192558222,0.922104934696108,-0.394550791243091
0.419822045369074,0.0344436506275088,0.0493114122655243,-0.340779596474022,0.197183647658676,-0.0448466372676194,-0.223096716497093,0.185894087841734,0.274152594432235,0.157746901642531,0.373742996016517,0.443863363238052,0.883588470518589,1.27607371564955,-0.0225068461149931,0.382386377546936,-0.670848082518205,-0.464826348004863,1.456651895307,-0.543081168550998
0.0372148903552443,0.313617657637224,0.379686651285738,0.16083509940654,0.289814410032704,-0.105003609135747,0.269273106800392,0.210493321157992,0.0327900363598019,0.291183494171128,0.573603712487966,1.48644493357278,-0.607958762906492,1.27971052913927,0.215701050125062,-0.935987595235929,0.509564024861902,-0.59232682432048,-0.618674644036219,0.13517016149126
-0.170374187640846,0.298714740667492,-0.0204494299832731,0.42049161833711,0.307153987931088,-0.079271258180961,0.289681817963719,0.0770077805500478,-0.078467995673418,-0.209613831806928,-0.228754827752709,-1.44809221546166,0.437743667280301,0.08607302675955,-0.481964288977906,0.422987880650908,0.521395401796326,1.24536576331593,-0.285413849400356,-0.214769249316305
0.0043695371132344,-0.219288709340617,-0.485674775671214,-0.00787120056338608,0.295751721831039,0.021676025306806,-0.254572958266363,-0.279596752300859,-0.269681398943067,0.0697711473796517,-0.161132918670774,0.518323722761124,-0.091860557673499,0.259655089583248,0.678287456044927,0.915117201860994,0.883080628467724,0.907459868816659,1.39170412067324,0.304863570956513
0.301538803614676,-0.301694576861337,0.044140764279291,-0.162141746841371,-0.100705527001992,-0.173286942299455,0.274787445086986,-0.157454916229472,0.211356769083068,0.288535342086106,0.232402106747031,-0.192607608390972,-1.39122272492386,0.999792192829773,0.465347794583067,0.762396704172716,-1.03770543937571,0.531239379895851,0.323821221711114,-0.726080984808505
0.366172711364925,0.417570414487273,0.152361532440409,0.372458489611745,0.217754205223173,0.0205776853021234,0.0783912745770067,0.176655105454847,-0.162571969348937,-0.024419381422922,1.25021442258731,1.16046149167232,-1.00725420028903,0.507165296701714,0.0408801448065788,-0.915633786236867,0.692822173470631,-1.16262895823456,-1.47582899127156,0.811678746482357
0.399996540974826,0.366552883991972,-0.107263997197151,0.210318079451099,0.416744944872335,0.228392326226458,0.168710146844387,0.200328943692148,-0.145473565533757,-0.182056198082864,0.368046693038195,0.530235084705055,1.21754569164477,-0.85317095881328,1.34690538304858,0.42354301828891,-0.76290266867727,0.0215949327684939,-0.971729563549161,-0.895712004275993
-0.409872414544225,0.228903402807191,0.390352291753516,0.0205707680433989,0.481386468512937,-0.219138665450737,-0.216837828839198,0.0861455040983856,-0.293260455597192,0.101057854341343,-1.28826044616289,0.57211677194573,-0.00345934764482081,1.31502542621456,1.21215784689412,-0.0501943014096469,0.462539604166523,-1.30491255456582,-0.256755353417248,-0.356769815320149
-0.19114236952737,0.375332098454237,0.285164082190022,0.0467450420837849,0.412510559894145,0.193462739652023,-0.153732750378549,0.131491737999022,0.180721895210445,-0.225028334325179,-0.248548807343468,-1.04531214572489,1.35871942061931,1.11647690297104,1.49856076785363,-1.43111389945261,0.205026802606881,-0.929297373862937,-1.11033442779444,-1.42026941338554
-0.368673488730565,0.125714316498488,-0.344410274876282,-0.49763313587755,0.16429363260977,-0.104927215632051,0.0811716428026557,-0.0314254340250045,0.06179004823789,-0.170835747057572,0.779599830508232,0.98588120075874,0.476468692766502,-1.08746012253687,-0.918108895188197,0.627105802064762,-0.249099283944815,1.15254805306904,-0.85732483654283,-1.10088982922025
0.166080580325797,-0.345340617466718,-0.459265163401142,-0.340213588904589,0.225543824257329,-0.105166869610548,0.105100935604423,0.269172394741327,-0.0783304877579212,0.269229431217536,1.05522898002528,-0.0969135349150747,0.499674656661227,-0.437551584094763,0.0169157311320305,0.336889379890636,0.247554205125198,1.37633284600452,-0.362021125853062,-0.609196422854438
-0.465476857498288,-0.0705786391627043,0.416589266387746,0.304932420141995,0.0213136442471296,0.259152780147269,-0.0557492463849485,-0.277158192219213,0.138590495847166,0.161730780266225,1.36168589978479,-0.263281551422551,-0.499114618403837,-0.968677090248093,-0.679566201986745,0.41972991800867,-0.659873959142715,-0.309639415936545,0.80088929599151,-0.370822238037363
0.00333868712186813,-0.367310413392261,-0.12969775358215,-0.271805120399222,-0.239392975810915,0.211275650979951,-0.158578582014889,0.10195668018423,0.262681084312499,-0.0295664286240935,-0.592940582893789,0.773560938891023,0.403668718412519,-0.457861043745652,0.619330486049876,0.289250877918676,-0.659918580204248,0.121344186365604,-0.850575078511611,0.976475113537163
0.162492746952921,0.222432201495394,0.0449896967038512,-0.0192850371822715,-0.117402830859646,-0.288073663366958,-0.0524327629711479,-0.205558999115601,-0.226100078551099,0.0640206000767648,0.0762106406036764,-1.45147295133211,0.649629624327645,-0.374533906811848,0.559566796990111,-0.863858143100515,0.294179230229929,-0.959020108915865,1.1080503766425,1.46139109879732
0.443296701647341,-0.256148601183668,-0.0545498575083911,0.257550320820883,-0.220055675134063,0.200326194847003,-0.0811962818261236,-0.24902993068099,0.234846820542589,-0.115244685625657,0.326760571449995,-0.499626725446433,0.662462757434696,-0.128847585059702,-0.23067750222981,-0.920568218221888,0.143402519635856,0.192685121437535,-0.690016178414226,-0.206292543327436
0.360685174353421,0.169522727839649,-0.319606136763468,-0.0681242437567562,-0.286603207932785,-0.217071643704548,-0.284039802616462,-0.173230528878048,-0.0156860281247646,0.20851930193603,-0.822323419852182,1.48607795429416,0.682469111401588,0.120565205812454,1.34113342710771,0.181572634493932,-1.25083861453459,-0.981275108875707,-0.677457301877439,1.12480365391821
0.45639357692562,-0.376597600989044,-0.0759015143848956,-0.292310878634453,-0.384140580659732,-0.137580429157242,0.102914150990546,-0.0442524646874517,0.0669203612487763,-0.0989211110863835,0.960582412546501,1.49536482081749,-0.692815094953403,1.02704608649947,-0.73927465849556,0.997426426503807,-1.3466071144212,-1.24458625260741,0.91812072484754,1.06502968305722
0.423040639609098,-0.221647823695093,0.318356076488271,-0.201530925231054,-0.0637416534591466,-0.0884652023669332,-0.21024378198199,0.170540352305397,-0.0585059075150639,-0.191277767485008,-0.185535812750459,1.01337771629915,-1.30124288261868,-1.01414339966141,-0.826496322406456,-0.280757649801672,-0.0338723659515381,-0.916149739874527,1.25312171783298,1.41935988049954
-0.231276859296486,-0.233224454335868,-0.172081518452615,0.304708405630663,0.249515941133723,-0.0868083904031664,0.118704252736643,0.0929355957079679,0.0173529886174947,-0.143540327623487,-0.594275823561475,0.205528287682682,-1.21471790084615,0.497916940832511,-1.37128245527856,-1.33161536534317,-0.859674125444144,-1.01968660647981,-0.296987786656246,0.909017106285319
-0.252527828561142,-0.208092543762177,-0.371089093619958,0.167024253169075,0.0473027101252228,-0.0788307571783662,-0.231507453275844,0.106382955797017,0.282321541523561,-0.105094644147903,0.714646914275363,-0.513568145921454,-0.552815838251263,1.23787205060944,-0.279021462891251,-0.606973704881966,1.25079370988533,-0.583383698947728,0.0156412103679031,-0.653314582072198
0.128435756312683,0.312970598461106,0.0894006474409252,-0.405648978659883,0.46536308946088,-0.0673171485308558,-0.233841984998435,-0.202474382193759,0.00926906503736974,-0.114134775102139,0.415591911412776,0.614448790205643,-0.866214917041361,-1.02956680068746,-0.78821222553961,1.43350480101071,1.36270777671598,0.119122511940077,-1.31080759945326,0.701801428338513
0.0178511922713369,-0.0119168595410883,-0.277919397456571,0.00618160329759121,0.350929377134889,0.162755091581494,0.29904819955118,-0.0379524325020612,-0.0519395567011088,0.288615315640345,0.719396715285257,1.1392189739272,0.99976896867156,-1.44975872710347,-1.17700681602582,0.300811951048672,-0.124781006248668,1.09324659104459,-0.965266012586653,1.01840765029192
0.430659157689661,-0.20596757135354,-0.0459023267030716,-0.15665816096589,-0.469859296455979,0.0946937784086913,-0.0611574605572969,-0.225287974532694,-0.203653024323285,-0.0253787412308156,1.3874930748716,0.82511245412752,-0.119896577205509,-0.26645401166752,0.795872688526288,1.18360444391146,-1.07540625776164,-1.46180434548296,-1.14825874264352,-0.50570142804645
0.0641525774262846,-0.091499698581174,0.408657423453405,-0.116870714584365,-0.352415971690789,0.135650313226506,0.0442491619382054,0.145327229378745,-0.27213166798465,-0.173114463547245,0.861121142283082,-1.40210387832485,0.519016107078642,-1.45611643069424,-0.683097493601963,0.379730433225632,-0.788264523027465,-1.43996235262603,-0.555322690866888,0.769194499589503
-0.0806348542682827,-0.410451755626127,-0.331016073003411,-0.100862010149285,-0.435451208148152,-0.198272129287943,-0.151606857357547,-0.0299731047358364,0.184203198831528,-0.0651280978694558,-0.632674335502088,0.272444573929533,-1.40658482071012,0.581818858394399,0.66588866058737,-1.47957633412443,0.480180425802246,1.20803994708695,-0.973096590489149,0.981740599963814
0.305120171280578,0.371937515679747,0.0904489001259208,-0.447857114719227,0.095428635366261,0.291786908777431,-0.065261252084747,-0.104362375801429,0.283619137667119,0.0799697904847562,0.67942066420801,-1.27713413815945,1.03098862362094,0.30060919909738,-0.971240366343409,0.892199637601152,1.06940386793576,0.0957956719212234,-1.39475261536427,-0.704174273181707
0.449183845194057,-0.404472856782377,0.0718581508845091,0.310976187698543,0.0600321965757757,-0.0944070316851139,-0.290315861441195,-0.191263276152313,0.106195326894522,-0.218976822635159,-0.307189727202058,0.0119413782376796,1.35072655580007,-0.358548906398937,-0.82105424744077,-0.587768890662119,1.37944119656458,-0.80833603371866,-0.300032835686579,0.847233085893095
-0.332551413448527,0.336069584125653,0.148803429212421,0.152174548245966,0.250154071953148,0.0960605861619115,-0.256518091913313,0.145314352121204,-0.251280761277303,0.0136626745574177,-0.0847330265678465,1.20411597727798,-0.605547077720985,-0.255043212790042,0.669105982175097,0.904391793301329,0.991506168153137,0.390792382182553,0.725831046234816,-0.905687279300764
0.183201373554766,0.379293479025364,0.0886715354863554,0.111920042429119,0.0959385964088142,-0.0614133143797517,-0.171479889471084,-0.0637127576395869,-0.0992977013345808,0.255870599113405,-0.761829247931018,-0.167524934280664,-1.2618370782584,-0.841634621378034,-1.13291330449283,-1.24547685077414,-1.31317066890188,-0.661127839470282,0.92581170774065,-0.583385276841
0.129677679156885,-0.409637723816559,-0.300506132887676,0.252275809878483,-0.450165680376813,-0.17513466286473,-0.12601483524777,-0.155258147791028,0.273745217733085,0.172848855564371,0.690128656569868,-0.106920985272154,0.77839906909503,0.0984134275931865,-1.22695902641863,1.39213923714124,1.04764514858834,0.85229108389467,0.0906462545972317,0.637739676050842
-0.197641317266971,-0.274583084974438,-0.354534613899887,0.364002706017345,0.0617661476135254,-0.0381917210295796,0.286959486315027,0.181232431484386,0.248887888295576,0.244354589609429,-0.121469836682081,0.885330894961953,-1.32738404441625,0.651467701653019,-1.05047523812391,0.0234698024578393,-0.0388299983460456,0.288804972544312,0.106473923893645,0.312206668546423
0.254940943559632,0.15188493928872,-0.193060146877542,0.43712031817995,-0.128389514284208,0.0318586498964578,-0.0933397579472512,0.283240639837459,-0.285198981547728,0.208588974131271,0.365715720690787,0.909244804875925,1.24912902270444,1.0145583038684,1.35089166741818,1.30560670187697,-1.32166948495433,-1.43711000774056,-0.100928944302723,-0.887433831347153
-0.0243185614235699,-0.17245688312687,-0.469130291603506,-0.101537775015458,0.0667992397211492,-0.0828187807928771,-0.113744979165494,-0.063864409038797,-0.165337344584987,0.282970652310178,0.449618776794523,-0.94196010986343,1.15312654478475,0.0909888781607151,1.26069421204738,-0.85465227230452,-0.568929670611396,-1.30823218915612,0.515437463996932,-0.90174534288235
-0.229405770078301,0.169452886097133,-0.0804209965281188,-0.303381698438898,-0.125143640907481,-0.163180231489241,0.106123904557899,-0.100854679103941,0.0807060993276537,0.0824691765010357,1.10618462366983,-1.31084005907178,0.106387922773138,0.51219466351904,-0.914090387290344,-1.20242441003211,1.11273194896057,-0.667013998143375,0.694883595686406,0.753069279016927
-0.485296925297007,0.252915176795796,-0.323010875610635,-0.484278338495642,0.0279796218965203,0.262367243785411,-0.0387228234205395,-0.263811080669984,-0.0470321842934937,0.0227634763810783,0.200383159797639,-0.422086763195693,1.03509740671143,1.3307353912387,1.28562831901945,-1.18915635533631,-1.31794776208699,-0.815046389820054,-1.43987269490026,1.49692403431982
0.381215639645234,0.283749527996406,0.0193436166737229,-0.466338714584708,0.367510235635564,0.212849935423583,0.196863823849708,0.141295398166403,0.110010882094502,0.159176963567734,-0.597519416827708,-0.872301214607432,0.571574492147192,-0.452904787380248,-1.25275872764178,0.837413603905588,-0.278076422167942,0.582761214813218,0.00359479291364551,-0.92290403530933
0.346558205084875,0.0621975583489984,0.353174710879102,0.469720944529399,0.350736811524257,-0.0305818689521402,0.287436865596101,-0.0878488407935947,-0.044194592256099,-0.128521014098078,1.17859088885598,-0.974269332597032,-0.535032869316638,0.508003951516002,0.136953772511333,0.423839648952708,-1.12625474925153,0.466778257163242,0.28812617668882,0.719966395525262
0.495419251499698,0.495746811386198,-0.476875156164169,-0.449486935511231,0.266273664776236,-0.224021898955107,-0.0593974908348173,0.214709755964577,0.235145647823811,-0.291569047607481,0.907841701526195,-1.37824280513451,1.43433905253187,1.22562944353558,-1.45598152116872,0.360303612425923,-0.489234083332121,0.340609061066061,-0.219954397995025,-1.0812500717584
-0.123775122221559,0.115345663391054,0.0403557226527482,0.0759897057432681,-0.0687955811154097,0.211066768784076,-0.035215540509671,-0.0641555684152991,0.180285988608375,0.0319518815260381,-1.3283779383637,0.82138166972436,1.31912378850393,-1.02630713861436,1.39890261925757,-1.28924534074031,-0.843360189814121,0.300237017450854,1.00601110677235,0.483452604850754
-0.294212287757546,-0.449975840048864,0.156238351715729,0.315534415654838,-0.0305730376858264,0.012496087141335,0.000857928860932611,-0.0995404202956706,-0.234913115669042,-0.0558353865053505,1.17750744754449,-1.30575310089625,-0.285276459529996,-0.949104452971369,0.629514392931014,0.576450378634036,1.45342474244535,-0.346507700392976,0.347157610813156,0.72476098453626
-0.485933845397085,0.293464728631079,-0.297309452435002,0.455861028051004,-0.46592080197297,-0.200495143840089,0.270629604673013,0.178320083208382,-0.00471967882476748,0.0819918306078762,-1.46144955279306,-1.08990401169285,-1.41992950905114,-1.34136314992793,-0.161921900231391,0.305107230786234,0.136918846517801,-0.400201682467014,0.137054198188707,0.560879938071594
-0.174704909091815,0.0533494963310659,0.41758159105666,-0.14389131241478,-0.424231781158596,0.128555515967309,0.268697485048324,0.203352886252105,-0.146807011216879,-0.0519273477606475,-0.373165672179312,0.944790846202523,-1.36501127807423,-0.360931205330417,-1.28732650796883,-1.40321291028522,0.411520415218547,1.24866183288395,-0.196647070348263,1.25231123878621
0.480014025466517,0.128620310919359,-0.209882953902707,0.443889501737431,-0.418596314731985,-0.0351165228523314,-0.0596081061288714,-0.230014464491978,-0.193771036947146,0.126579685276374,0.872897838475183,-0.210142151685432,-0.889191563241184,0.215269405161962,0.754624117864296,-0.72383744479157,0.501639656955376,-0.127130497712642,1.22766340803355,1.41753573110327
0.0267790115904063,0.473495590034872,0.00826259166933596,0.232042630435899,-0.205117186065763,0.201000565756112,-0.0784294974524528,-0.171043136576191,-0.0915085884276778,-0.230379435745999,-0.566948264138773,-0.173567314865068,0.279886176344007,0.793941045412794,-0.875953161623329,-1.49772607628256,0.990192424273118,-0.138278361875564,-1.36467208480462,-1.33084573829547
0.277947426075116,0.451078695245087,0.218102501006797,-0.452410899568349,-0.0744059069547802,0.0363240997307003,-0.283446129318327,0.048317939043045,0.0179306297097355,0.261305051436648,-0.441332675283775,1.39324096986093,0.437858124962077,-1.31640617223457,-0.61525924061425,-0.265139953466132,-1.23966904962435,-0.891619250178337,0.969504332402721,1.06400319957174
0.321961876004934,0.162373714381829,0.390056297648698,-0.189778653904796,0.202259041601792,-0.00884407418780031,0.269275603629649,0.128844014368951,0.294567392254248,0.223553147725761,0.0343230350408703,0.309795532375574,1.18505849526264,-0.158624432282522,0.668946808436885,0.238136573927477,-1.46740463096648,1.43548088148236,0.373949500266463,0.569110290147364
0.33604822983034,-0.2142217613291,-0.123385678511113,0.0397967407479882,-0.441284101223573,-0.188456546561793,-0.163043035101146,-0.0830487127415836,-0.0739033511839807,0.0911999346222728,-0.98412321251817,-0.0905649969354272,0.419726972468197,-1.03623166820034,-1.23254458489828,0.0651563687715679,-0.110601323889568,0.145234198076651,-1.45382446143776,-0.462458852911368
0.280846849549562,-0.101653053658083,-0.209129924653098,-0.383395008742809,0.290266931289807,-0.0846886734478176,-0.207261698786169,0.063906920934096,0.184096019575372,-0.0947827383410186,-0.568815981969237,0.173594822874293,-0.559538855217397,-1.39852114347741,-1.09141652681865,0.173253616550937,-1.14738787547685,-0.855904727010056,-0.260520157171413,0.673485848587006
-0.392160400282592,-0.107413968304172,0.456416240660474,-0.0157600592356175,0.130770772928372,-0.0483706505969167,-0.284006358403713,-0.269924004748464,-0.27296032612212,-0.228442049631849,0.848667624872178,-1.25680096680298,0.648615088546649,0.481855429708958,1.11462931148708,0.290617031045258,-0.045016527408734,1.20595885883085,0.59297796827741,0.2107763083186
0.0295768340583891,-0.382624649675563,0.47201808122918,0.108732909196988,0.194759979145601,0.251914208941162,-0.232996221492067,0.106221416406333,-0.194443165138364,0.109725499385968,0.418596357805654,-1.18602866283618,0.881812186678872,-1.10148762445897,1.4749077858869,0.358573719626293,-1.47724492102861,0.0514511824585497,-1.36508575198241,0.522835220675915
-0.256918484112248,0.20121619454585,0.384464185684919,0.199914155993611,0.186504527926445,0.106510305544361,0.298233506223187,-0.135574861709028,0.0581394588109106,-0.203720294265077,0.246398850576952,0.643300718162209,-0.387126765679568,-1.1683209836483,1.26496691373177,-1.44454711745493,-1.47509376355447,1.14865303784609,0.646922611165792,-0.416511779883876
-0.153688633581623,-0.294631066266447,0.465849385829642,0.248417403781787,-0.32609535404481,-0.1363577877637,0.0477841681335122,-0.260932236537337,0.100333689898252,0.0795722963288427,-0.0119296736083925,0.239993010414764,0.95177443488501,0.196330645820126,-0.170522440457717,1.00354891223833,-0.977025985484943,-0.341596273239702,1.12570413574576,0.674019197467715
0.176351759582758,0.355381932109594,-0.19267116417177,0.0897755397018045,0.499509872868657,0.209040864324197,-0.231894900044426,0.149783154577017,0.153743968019262,-0.118644932750612,0.970922654494643,-0.981536898761988,-0.596476500621065,0.302969480166212,-0.492039805976674,1.26165417395532,-0.555408737389371,0.0434927232563496,-0.651888023363426,1.02655042544939
-0.488843676401302,-0.305313068442047,-0.28264721436426,0.309164686594158,-0.474761693039909,0.175896149408072,-0.212148714903742,0.0401507328730076,0.0863948500715196,0.274622301198542,0.239101577550173,-0.372606388991699,0.825847002211958,-0.796511983964592,0.348842111416161,-1.33279379527085,0.0511025211308151,0.132509504444897,-0.322119071613997,0.687023215228692
0.073895467678085,0.481800794135779,-0.450069630285725,0.165082444436848,0.433923587203026,0.0295495241414755,0.0905209348071366,-0.145778602128848,0.223476328980178,-0.125618284614757,1.40993601246737,-0.706744703929871,-0.129937056452036,0.506205936893821,-1.17964694928378,0.826426835730672,1.21312593435869,-0.60430236090906,-0.58511808863841,-0.709740220801905
-0.344751799013466,0.231638233875856,0.446694941492751,0.383850511396304,-0.111419224180281,0.239135990990326,-0.272872938634828,0.00104633686132727,-0.0748135352041572,-0.116805301420391,0.349031740101054,-0.954650936415419,-0.5092115085572,0.835465603508055,-1.47834011027589,1.30314275063574,-0.0935943948570639,-0.692235417896882,1.20225327741355,0.577888529514894
-0.329426693264395,-0.330090089933947,-0.0686956068966538,-0.00344090233556926,-0.199618905084208,-0.285260721528903,0.110602844506502,-0.141959848394617,0.224266039486974,0.0243304893840104,-1.26127335545607,-0.912456328980625,0.0563574659172446,1.21445430116728,-0.747995285550132,0.159755964064971,0.00798698421567678,0.472964362241328,-1.31295104837045,1.48672433802858
0.448811566224322,0.159015176352113,0.328842111164704,-0.396729202242568,0.124987155897543,0.13642543181777,0.165087037906051,0.191493288986385,0.228320723678917,-0.289050756907091,-0.482967203250155,0.177088582422584,-1.15387815004215,0.584360994631425,0.6900813896209,0.504714770475402,-1.46907416079193,-0.979008147027344,-0.919871459249407,0.0151721423026174
-0.473914976231754,0.0310341727454215,0.165310937911272,0.420036194846034,0.495647232281044,-0.231558847054839,0.101719712326303,-0.266421781154349,-0.183856959454715,-0.0738900770433247,0.147922632750124,0.179284983314574,-1.38555917562917,-0.473455011611804,0.721412220736966,1.3893082884606,0.421554103726521,-0.602345580467954,0.116944758687168,0.448135750601068
0.265067843021825,-0.0541703493800014,-0.21661260118708,0.0315466183237731,0.275433870498091,0.250632893526927,0.16642754743807,0.02431920315139,0.255650464911014,0.260555641818792,-0.54705615201965,0.0623337118886411,-0.644566349219531,-1.35855920123868,-1.29174457699992,0.770794810960069,-0.874884063145146,-0.56920614070259,0.084941228851676,-0.570048593217507
0.22733817435801,0.405834758421406,0.292763865785673,-0.138360319891945,-0.19179624854587,-0.106644554715604,-0.07382459663786,-0.0341568544507027,-0.00997355338186023,0.0571191036142409,0.81408807146363,-0.861346212448552,0.494038281496614,1.45480893552303,-0.620930040953681,0.45447914628312,0.00831918977200985,0.989025701768696,0.967202170053497,-1.31989051750861
-0.0858466334175318,-0.241955057019368,0.495419887360185,0.408725245622918,-0.200176423881203,-0.199412251682952,0.174449498020113,0.186207529529929,0.166246973024681,-0.0130569028202444,-1.09037347650155,0.160071218619123,-1.2596653487999,0.620545715326443,-0.879402911989018,-1.41413258202374,0.708997414447367,0.817488963715732,-1.05937846563756,-0.046455985866487
0.228125364519656,0.0741103456821293,-0.152052237652242,-0.305176956346259,0.33336450974457,0.0942702258937061,-0.0999632868915796,0.0120981818530709,-0.119246142078191,0.287240306893364,-1.28258496453054,0.983358967350796,0.0750717257615179,-1.05009457259439,-0.598513977834955,-1.02287113736384,-0.135303493821993,-1.02845210116357,1.00559988152236,0.551658865995705
0.356699714902788,-0.00700162467546761,0.417402217863128,-0.363218893064186,0.184912000782788,0.173153187800199,0.143986460147426,0.211829301528633,-0.229280064627528,0.193430514028296,1.44002956710756,1.4117916924879,-0.583756516920403,-1.48518724367023,-0.829126036260277,-0.644323394168168,-0.260487168794498,0.22230440354906,1.20409329235554,-0.568539594300091
-0.429998632054776,0.410645918687806,-0.0238133983220905,-0.381673012161627,0.00828240043483675,0.120429958915338,0.168912505824119,-0.0132293629925698,-0.26237434130162,0.191820146748796,-0.806600348325446,0.47797016822733,0.526004062732682,-1.05838374327868,1.15401533176191,0.695816882885993,0.528717294568196,0.268242359859869,-0.596626579295844,0.766069648554549
-0.431229659356177,-0.109224799089134,-0.267701920121908,0.436597592430189,-0.473835247801617,0.009802071377635,0.249762392649427,-0.0353852857835591,0.234252801770344,-0.105199917778373,-1.18143585976213,-0.232375970575958,0.669386202469468,-0.63577177003026,1.18801415269263,-0.910597317153588,0.00966229336336255,1.00149161810987,0.48979571624659,-0.865838290192187
0.143769632093608,-0.171114574419335,0.466791199054569,0.49212179495953,0.333456450607628,0.220270788716152,-0.0435577408410609,-0.189421562757343,0.0740603510756045,0.181924808258191,1.10608852794394,0.485405665822327,-0.943130525294691,-0.849183929851279,-1.0264195043128,-0.0673398803919554,-1.38044968689792,0.0727459718473256,-0.0966147955041379,0.635007914621383
-0.321676292689517,0.103632533922791,-0.470754207577556,0.490690468112007,-0.485262561589479,-0.124316741153598,-0.202649202430621,-0.223419656837359,0.0662594163324684,0.0989980656187981,-1.14543706085533,-0.107483718311414,1.17659761151299,-0.882065617013723,0.892904596868902,0.871322121005505,0.560725444927812,1.37440062034875,-0.581461420515552,0.484992450568825
0.4058616689872,0.00606831233017147,-0.452826334629208,-0.0360703326296061,0.0909485530573875,-0.0768589900340885,-0.234619634505361,-0.133650598861277,0.247477025398985,-0.264279420208186,-0.0426741947885603,0.934702248545364,0.719420319423079,1.3752335049212,0.790515690576285,1.29322564112954,1.35080176522024,-0.238308936590329,0.594976879656315,-0.55373817239888
-0.196017110487446,-0.277879722416401,0.456785770365968,-0.343064395245165,0.206235189689323,-0.237604117300361,0.247116320673376,-0.00244712610729036,-0.234935677656904,0.196807703794911,0.620401471853256,1.26856924127787,0.106542652705684,-1.18028925801627,1.12080421834253,-1.04504820588045,-1.34348570764996,-1.20321822236292,0.850948473438621,0.653741327114403
-0.360225514043123,0.479373782873154,-0.163081704871729,-0.403030393877998,-0.199000839376822,-0.206385111669078,-0.281320941075683,-0.186401173565537,-0.243104293942451,0.253285145200789,-0.655812887242064,-0.148497759830207,-0.958804502617568,1.42992094508372,1.42884317133576,-0.347499859286472,-0.501318556023762,1.14678915194236,-0.329120276961476,-1.33482112269849
-0.068430338287726,0.0665658062789589,-0.248723329976201,0.203148576896638,0.141032166080549,0.00678723701275885,0.145099080819637,0.250325803086162,0.148472851328552,-0.033707317057997,-1.14006051630713,1.23547797091305,-1.02413992071524,1.02593273646198,-0.771520878653973,0.923685332061723,-0.266074686544016,0.591062301071361,0.953352458775043,0.0647279152181
0.245342724490911,0.299668141407892,-0.416344838682562,0.219350225524977,-0.0193010412622243,0.110127734486014,0.00906133381649854,0.291367626143619,-0.275743680121377,0.123828138643876,1.47898324532434,0.178305582376197,0.846328124636784,1.10349985817447,1.4355225157924,-1.43995901942253,0.60946409823373,0.238546468550339,0.481727889273316,0.403937528142706
-0.485138095449656,0.32658289722167,-0.134486755589023,-0.246807692572474,0.205310737481341,-0.224661821499467,0.0395495988428592,-0.097554182773456,0.082802996551618,-0.262231365730986,-1.04325803462416,-1.17603224795312,0.718262242153287,-0.542908811476082,-0.779022195842117,0.116419371915981,0.796547407284379,0.00706560001708567,0.288857849081978,0.68573758774437
0.362250365316868,-0.215514613548294,-0.0534784824121743,0.305255142506212,0.337473525898531,-0.0399012094829231,0.163327300641686,0.123887065658346,0.288685326045379,-0.0628033703193069,-0.2841350894887,-1.28430556110106,-1.36973708868027,-1.0563605229836,1.27030049124733,-0.277288239682093,1.13209345866926,-0.55840023374185,-0.0505131853278726,0.101924492279068
0.334344790549949,-0.0497019980102777,-0.0223703696392477,0.271652741124853,0.351899767527357,-0.164792924746871,-0.136567950854078,0.186832724232227,-0.192648231424391,-0.102999320765957,0.411188185214996,-0.162424020236358,0.256411297246814,-1.22508148988709,0.696504175895825,-0.0155655853450298,-0.889717834303156,-0.503025311976671,0.903339196695015,-1.35897821187973
0.232094171224162,-0.334621703252196,-0.120586112141609,-0.274390992475674,0.0283225264865905,-0.155780149949715,0.00618594526313243,0.214196312706917,0.0556721298024058,-0.14367426680401,-0.294697405071929,-1.37802424561232,-0.00558847608044744,0.805752919055521,0.782170057995245,0.0544905667193234,0.977090512868017,0.0669217365793884,-1.16258370294236,0.0216528265736997
0.333034125156701,-0.340243245009333,-0.196331663057208,0.471348291262984,0.0829602465964854,0.28209229032509,0.103709017625079,0.12830838561058,0.0282735086046159,0.0634524798486382,-0.952922082971781,0.701138509204611,-0.887164504732937,0.862837255233899,0.506981655489653,0.652279551140964,0.855173182440922,-1.38487152429298,-0.940099550178275,-1.26798960543238
-0.290525569580495,-0.363931011874229,-0.166487012756988,-0.453822989948094,-0.148581842891872,-0.249659525463358,-0.138353593368083,0.249931592680514,-0.0310190099291504,0.266772834956646,-0.782759641762823,1.27573653892614,-0.496504991780967,1.01042311498895,-0.863529403461143,0.850537374615669,-0.289185510249808,0.689043090445921,-0.54618268716149,1.02678468916565
-0.317773050395772,0.483144997153431,-0.216483598109335,0.0984162117820233,0.257193751167506,-0.192062798794359,-0.106947225378826,-0.236765838135034,-0.160425276076421,-0.117522581806406,-0.53822977677919,0.0180959100835025,1.07731728767976,0.741804117104039,-1.09059710986912,0.261179027846083,1.15163252921775,-0.245925333118066,0.478889546357095,0.710534117650241
-0.147380852140486,-0.00596455647610128,-0.0443742161151022,0.012631191406399,0.0640711169689894,0.294955193996429,-0.0164251338690519,-0.182948885718361,-0.157712492533028,-0.290895930770785,0.81845613475889,0.977571970783174,-0.877460664371029,1.35773816937581,1.17914299573749,0.988227466586977,0.926768001168966,0.905588810797781,0.308153936639428,-1.30110640288331
-0.24432225083001,0.450770596740767,-0.0238697982858866,0.369177249958739,0.252891909563914,-0.0157594242598861,0.242176573164761,0.00463983351364733,-0.114370686979964,0.220302043156698,-0.384384115459397,0.947571600554511,0.188548235222697,-0.0953034544363618,0.316121347714216,-1.3494067301508,-1.30760251404718,0.964686427032575,-0.985425385180861,-1.48627485358156
0.113547618035227,0.295635013142601,0.171246410347521,0.102884387597442,0.264429724076763,-0.0204669719561935,0.0864926369860768,-0.0702827556990087,-0.228368570236489,0.0601844212040305,0.675884209340438,-1.39914980717003,0.41501923953183,0.689624096034095,1.1583641404286,-0.301264297915623,1.06787383952178,-1.18464469606988,-0.662571630673483,1.33994817920029
0.242372489301488,0.363608410581946,-0.43541622092016,-0.0349612713325769,-0.30142955458723,0.0779983305372298,0.161418241588399,-0.209446851722896,0.169318941654637,0.285081976046786,0.200690969824791,0.249478102661669,0.0354348365217447,0.19070482486859,-0.000782413640990853,-0.970198828261346,1.43637708155438,-0.839817725820467,1.2012696757447,-1.35792698361911
-0.387194703798741,-0.383171025197953,-0.38264146563597,-0.33066864637658,0.241403731517494,-0.256999017717317,0.152242907183245,-0.179816894978285,0.0292096930090338,-0.0525363901164383,-1.04706927621737,0.931349845603108,-0.746268738526851,0.194887560093775,-0.792903474764898,-0.029622474918142,-0.309949708404019,-1.17797168344259,0.200724699301645,-1.32014950155281
0.385353650664911,0.312631067354232,-0.41076345811598,-0.424298461060971,-0.204180064378306,-0.119235220458359,0.105197096429765,0.0362447186373174,-0.171467209327966,0.259327171370387,-0.643436413491145,-0.0194895893801004,-1.14437044691294,-1.33708411781117,0.369068685220554,0.083257736871019,1.17773539409973,1.49217563448474,0.783749689813703,1.03658008924685
0.428131042979658,-0.289634228451177,-0.129234016872942,0.467513533541933,-0.140341378981248,0.0288547927513719,-0.0275408389046788,0.205580679047853,0.18007476143539,0.0917081442195922,0.18021023645997,-0.819005063502118,0.93909555952996,0.587088542059064,-0.370456967968494,-0.0289388378150761,0.247064447728917,-0.658578798640519,0.428765820572153,0.985830234596506
-0.205891957040876,0.101720238570124,-0.0505644374061376,0.353903467068449,0.34053394664079,-0.162706182897091,-0.251701295748353,0.214536514738575,0.157262669177726,0.288406909815967,0.110280951485038,-1.32746516168118,1.01750224758871,-0.513179814442992,-1.25690574129112,0.713354983599856,-1.40405856538564,1.1396272983402,-0.859364281408489,-0.183401993243024
0.308615133864805,0.168768815696239,0.306388651952147,0.0106018320657313,-0.321311200270429,-0.0441589987836778,-0.246493862243369,0.218254533363506,0.0130731977988034,0.053102931752801,1.12761847791262,0.843085503671318,0.623049373039976,0.946304760407656,-1.27010456495918,0.428339889971539,1.30367470812052,-0.176660434808582,-0.868654768215492,-0.137160893529654
-0.20746287680231,0.468770375009626,0.264294079504907,-0.140690522966906,0.15241817291826,-0.0499923606868833,0.113748492859304,-0.0786997972056269,-0.128337752306834,-0.178329269215465,0.460822259774432,-1.32961198501289,0.26304248906672,-0.388967194827273,-1.45902447751723,-1.25690439180471,0.99356549908407,0.784018678357825,-0.758282167604193,0.216044852044433
-0.214545871363953,0.346318913623691,-0.349019339075312,-0.419828400947154,-0.372784443665296,0.221055288892239,-0.104369808454067,-0.207359770545736,0.249128963984549,-0.0775424147956073,-0.365235779201612,-0.213503533042967,-0.390365399653092,-0.142380391946062,0.206347364466637,0.169873583363369,-0.2964207760524,-0.127734281821176,-0.493892562808469,-0.167611101642251
-0.287768475944176,0.210746134864166,-0.359323790296912,0.415807120269164,0.402372912270948,-0.229773752018809,-0.131018130714074,-0.233852366125211,-0.0772886540740728,0.289182195067406,0.442267411155626,0.736766264308244,-0.16533642844297,0.330983472755179,0.754263701615855,-1.45489537459798,1.30286635737866,0.544568115379661,0.677300526062027,-0.191468312172219
0.198667059419677,-0.144643595907837,0.433465995825827,-0.346451882272959,-0.0772626099642366,0.252358109783381,-0.235534577351063,0.17847366174683,0.0529157068580389,-0.0358094966970384,-1.0266482073348,-1.00641403184272,-1.39950833469629,-0.797964010387659,1.22490880731493,0.217460857937112,-1.18206129502505,-1.08281515678391,1.1475117446389,-0.580247030127794
-0.186771588400006,0.275266562122852,-0.401092842686921,0.489687811583281,-0.267905910033733,-0.207936613960192,-0.276932029053569,0.177970344526693,-0.0497282628435641,0.172585162287578,-0.117924174992368,1.18464405066334,0.997625380055979,0.190342380898073,0.0302601498551667,-0.835716143483296,1.32040454261005,-0.294494204688817,-0.906288661295548,-0.0361075163818896
0.285209282767028,0.439348633401096,-0.450723206857219,0.153822188265622,0.180849353317171,0.285462962603197,-0.207122752536088,0.240448752930388,-0.266632844740525,0.103429698524997,-0.112456078408286,-0.613373097265139,-0.177777488250285,-0.117002100683749,-1.08658423181623,-0.735389376059175,-0.354358258657157,-0.0410689192358404,-0.0123868875671178,0.516274922294542
-0.255388457328081,-0.457981179468334,0.461535786977038,-0.241625291993842,-0.126338023459539,-0.189066525734961,-0.169179799268022,-0.184458969952539,-0.236003399686888,0.245725960331038,-0.93029773933813,0.76429028226994,0.821083490503952,-0.621930048102513,-0.704656961141154,1.18145683058538,-0.654508169973269,-1.09283606009558,0.20540091348812,-0.542364469729364
-0.423504513688385,0.268966396339238,-0.396923650288954,-0.18885721731931,0.398386447690427,-0.0951179488096386,0.158866788027808,-0.0787784487940371,0.0608098978176713,-0.169940343685448,-0.928314825519919,-0.624687538482249,0.0694905307609588,-0.488919553114101,0.661128418520093,-0.383866009768099,-1.05938933347352,-0.148711170069873,-0.206927621969953,-0.946440651314333
0.25000904686749,0.456965289311484,-0.0794908702373505,0.0406495998613536,0.488878346746787,0.266757095698267,-0.203687327262014,-0.291769674327225,0.179046899266541,-0.176472124876454,-0.869669500971213,1.1755388234742,-0.950985768344253,-0.92520249565132,-0.189670187886804,-1.14577443175949,-1.20971300499514,-0.791311799548566,-1.22731598024257,-1.11978830513544
-0.292283238610253,-0.460817716084421,-0.26971846492961,0.316947103012353,-0.472717667231336,-0.26374475187622,-0.00140927424654363,0.152414899645373,-0.229813248664141,0.0945085196290165,1.11126319924369,-0.771010790253058,-0.902952122502029,1.27723034424707,-0.541025492129847,-0.139149335213006,-0.497443609172478,0.648452794644982,-0.202310187974945,0.0887627529446036
0.204172063851729,0.0677451593801379,-0.280797382351011,-0.454327582847327,0.432991269044578,-0.0555438460316509,-0.220307178469375,-0.100551720522344,0.14583946634084,0.115011859266087,-1.00818033353426,0.247872730717063,0.770435992162675,-1.26166580943391,0.505392072955146,0.571302748052403,-0.167420953977853,-0.222854514839128,-1.31594941229559,1.28732815152034
0.159768647747114,0.0217326977290213,0.156012154184282,0.491226162295789,0.192006305092946,-0.11595286061056,-0.286738987779245,0.287851780140772,0.237832679506391,-0.252416079724207,0.589877108344808,-0.125953533919528,-0.212672857102007,-0.816224700305611,1.38178692385554,0.265753495506942,-0.846780143911019,1.30557346623391,-0.92366739269346,0.73425766127184
0.142055778997019,-0.0639026346616447,-0.0678261481225491,-0.0720386025495827,-0.401092813815922,0.163483215635642,0.134614398563281,0.212583777867258,-0.130542984092608,-0.227909729909152,-0.951815383974463,-1.26157148298807,-1.05672919610515,-0.416876757983118,-0.195645105326548,1.10601398348808,-0.244181807152927,-1.1155221958179,0.140818755375221,-1.08608314278536
0.000818552216514945,-0.00536979525350034,-0.45288808690384,0.330278531182557,-0.39913576329127,0.153185227978975,0.148512070532888,0.153377643367276,0.153615398006514,0.242599621368572,-1.00692441919819,-0.989110985537991,-0.901234967401251,-0.309426896972582,-0.392825708957389,-0.482798111625016,0.382091485429555,-1.36685971263796,0.429790804395452,1.08917196211405
-0.0238098730333149,0.340584015706554,-0.0248344161082059,-0.341449385741726,-0.348402113188058,0.049752987222746,0.206168762315065,0.137088214885443,-0.00279293353669346,-0.0408222746104002,1.20940272719599,1.39820403582416,0.577669541118667,0.71765746967867,0.537452071672305,1.10844609397464,1.17612430569716,-0.911269102944061,1.35508848493919,0.433059653034434
0.0605434901081026,-0.0164104902651161,-0.440728770801798,0.0965640742797405,0.181539866374806,0.0716292679309845,0.130254271114245,-0.293047809647396,0.136442694067955,0.106734988745302,-1.47613787767477,1.49477391061373,-0.522385188611224,-0.339838420506567,-0.013766874326393,-0.168790706433356,1.32030361471698,0.384632358793169,-1.12492463761009,1.27064367639832
-0.25704152090475,-0.0561334274243563,0.482280977535993,-0.2559824003838,-0.282525921938941,-0.135193236032501,-0.0599045247305185,0.267968527553603,0.0380751576740295,-0.0877994195558131,0.778027995256707,1.2009873711504,-1.13338752533309,0.739951054332778,-0.695442042779177,-0.390391389839351,0.825651999330148,0.995147088076919,-1.18123268452473,1.42424761410803
0.257562791462988,0.334765232168138,-0.114445046056062,0.471182492095977,-0.450854353839532,0.0131903844885528,0.0274506591260433,-0.083415937051177,-0.20796435191296,0.148299718787894,0.412487362744287,0.264228187501431,-0.553895613877103,-0.265721353003755,0.656780934194103,1.20588184590451,-0.0968232373706996,1.48019463149831,0.715068572899327,-0.548245591577142
-0.261267966823652,-0.33362527587451,-0.236692151986063,-0.4128858956974,-0.49517706502229,0.191109346691519,-0.269438553694636,-0.0747555292211473,0.179971890058368,-0.169122474314645,1.42392032383941,0.46864026482217,-0.29340045992285,0.673623916693032,-0.91281639249064,0.736025941092521,1.05462047620676,0.75114062265493,0.871268622810021,1.37497218651697
0.234542322577909,0.481592326890677,-0.298753368202597,0.212999905226752,0.446878464659676,-0.0205027197953314,0.249449426075444,-0.138505040109158,-0.0438789017032832,-0.174350037658587,-1.22260776744224,-0.631408072309569,0.955631257966161,-0.362118933582678,0.466280652210116,-0.896180236246437,0.103286265861243,0.619668199913576,0.86373356776312,-0.987941316096112
0.460923997685313,-0.356063622049987,-0.434628310147673,0.0303384307771921,-0.285484718391672,-0.276911558350548,-0.0971078623551875,0.00355933271348474,-0.266761284694076,-0.152255843533203,-0.227497870568186,-1.0877533829771,0.625612253090367,-0.497244557132944,0.639292645035312,0.0701087359338999,0.182127172825858,-0.318772890139371,-0.295961618889123,0.305091795511544
-0.386890499154106,-0.368135561235249,-0.0972083825618029,-0.419716955861077,0.130084590986371,-0.23120025373064,-0.206716349674389,-0.0484194381628186,-0.249760534241796,-0.00710512194782498,1.3124261428602,-0.308052299777046,-0.125212092418224,0.282011241652071,1.14877018681727,0.161566652124748,1.2391071380116,-0.610466717043892,-1.3321627532132,-1.15066107641906
-0.0200409658718854,0.435369029641151,-0.311245632357895,0.328118440462276,-0.442997284000739,0.198858094029129,-0.0370507354382426,0.236564498813823,-0.0194035578053445,0.177477383846417,0.166647420963272,1.03517170320265,-0.694439782993868,0.850022422615439,0.108992409193888,1.13387959543616,-0.675081261433661,0.312165940180421,0.367630802560598,0.0395674989558756
-0.000236955005675554,-0.270252569112927,-0.468799692811444,-0.376350146718323,0.0930056911893189,-0.178975102538243,-0.206990748178214,0.0772662697825581,-0.284664189442992,-0.245136371674016,-0.147062758449465,-0.734068620018661,-1.3433691621758,-1.42840264434926,-0.0955897159874439,-0.963324944023043,-0.893440792802721,-1.21304777660407,-0.0571658990811557,-0.445551045471802
-0.446243442129344,0.415152598172426,0.310071734711528,0.354994318913668,-0.341406705556437,0.281329414620996,0.0165405293460935,0.144790102215484,-0.271266881749034,-0.214876050548628,0.621825085021555,0.600963210454211,0.227596869226545,0.960483086295426,0.557139556389302,-0.80629049311392,-0.942513416754082,1.43403757223859,-0.20743502327241,-0.622550980187953
-0.317223678110167,0.320808044169098,0.0758865475654602,0.456071337684989,-0.0740570041816682,0.277842954173684,0.155542576638982,-0.0241346247028559,0.0887790785171091,0.253906048927456,-1.06890730024315,-0.828315749997273,-0.147129154298455,1.20183832990006,1.14337651035748,-1.39489558478817,1.43097067228518,-1.16491023357958,0.437484208261594,-1.330842186464
-0.0506371939554811,0.208265694091097,0.483630902832374,-0.0160794702824205,0.0787820147816092,0.0795666321180761,-0.262019759137183,0.260637724818662,-0.119908417481929,0.0548934899736196,-0.638813854660839,-1.25480746943504,-0.761712901527062,-0.388818271458149,0.178773697698489,1.28418826265261,0.329316611867398,-1.24689365015365,-0.285557300085202,0.304548186482862
0.479693750385195,0.223839474841952,0.231226686621085,-0.345770875457674,0.406950094038621,-0.0378373496700078,0.012536519067362,-0.165040008863434,0.0442250634077936,-0.054076164169237,-0.583488945616409,-0.348692736122757,1.2943936935626,-1.49312878260389,-0.0160891385748982,0.0814869257155806,-0.572565838694572,0.279448446817696,-0.631691361078992,0.340661089634523
0.360940728569403,-0.408227968262509,0.485468042083085,0.0771536156535149,-0.428297101752833,0.0308175064623356,0.188362974626943,0.119616007106379,0.217481539165601,0.141228819452226,-1.404604972573,-0.197758312337101,-0.139397881692275,-0.314910092856735,0.922948142280802,-0.244716379791498,-0.705288467695937,0.0615688373800367,-0.203814527951181,-0.363881848286837
0.418186288559809,0.358209930127487,0.100504368543625,-0.174731341423467,0.11408410128206,-0.238034454826266,0.0173409583512694,0.0190113015007228,0.026542888674885,0.143218139838427,0.337752141756937,0.326499345945194,-0.00481040216982365,1.09743448393419,-0.909243455389515,-0.469080434879288,0.473152233520523,-0.245250953128561,-0.938455661991611,-1.04589121858589
0.472202237695456,0.0697553008794785,-0.0461495236959308,0.39996073464863,0.33467795769684,-0.29017982147634,-0.0958609707187861,-0.190321326814592,-0.236897290684283,0.211209353478625,-1.21783919166774,0.854305577231571,-1.41710771480575,-1.27214640704915,-1.13346371264197,-0.66462635435164,0.201176268747076,0.304509318899363,0.150588325224817,0.94004833814688
-0.428363570244983,-0.435604782775044,-0.0721592116169631,0.202710340032354,-0.11813028738834,-0.297913224063814,0.177883940795437,-0.197446125699207,0.1336931606289,0.0285155170597136,-0.222321171546355,1.35460831364617,0.744621197227389,-0.764189672889188,0.304327665595338,1.33510172367096,-0.31033242191188,-1.31177725922316,-0.266406184528023,0.877742639975622
0.0887426291592419,0.195680236676708,0.0494135788176209,-0.258114662952721,0.394509989302605,-0.274413387151435,0.261685628537089,-0.252444948814809,0.284162290440872,-0.0717242657672614,1.03794232243672,0.847968504298478,-0.459629504475743,-1.3021124121733,1.47252885648049,0.482948850374669,1.08911208459176,-1.34278387133963,1.11329865991138,-0.431462640641257
-0.060356619535014,0.327651519328356,0.185117457993329,0.287674261257052,-0.219941118266433,-0.25498469970189,-0.123727207677439,0.22579029626213,-0.146568725723773,0.236096675880253,-1.25762683502398,0.339293185388669,0.758179821772501,0.127685077954084,0.745205494808033,-0.684885862050578,-0.107564004370943,0.895739508094266,-0.966935682110488,0.385872858110815
-0.265958506381139,0.446492995368317,-0.177317705703899,0.273709500208497,0.357611482497305,-0.0772759524174035,0.220620877621695,-0.143407594179735,-0.0795529038179666,0.179192335205153,-1.31888829334639,0.353074013488367,0.928324877517298,-0.985047726659104,-1.00997615070082,-1.44356396142393,1.12361922953278,0.456119544804096,0.014944281661883,-0.908985084621236
0.241239121882245,-0.188742709113285,-0.0243337487336248,0.292018829612061,0.0616353019140661,0.0657738234847784,0.24749848684296,0.0945157828275114,0.266496620234102,0.132148502441123,-1.05321179050952,1.39860217203386,0.693584503373131,-0.660181084647775,-1.40345311327837,-0.0738921880256385,0.612337066791952,0.477951492648572,-0.372226669918746,-1.44328267942183
0.196924145333469,0.366768901934847,-0.21787649858743,-0.303039733320475,0.279089394025505,0.195251498557627,0.0275289032142609,0.266063161427155,0.245194454491138,-0.0360149597749114,1.2618506688159,0.204052504850551,0.781178772915155,-0.963529352797195,0.00279387482441962,1.27467112988234,1.23571084463038,1.07543056108989,-1.49316122476012,-0.13262906880118
0.44059682590887,0.282741129631177,0.304183189524338,0.458507769275457,-0.264285404467955,-0.0462962017860263,-0.172169235069305,-0.0175977478735149,0.0855415850412101,-0.0838768759276718,0.101740897167474,-0.495560321956873,-1.44814027799293,0.533840760122985,-1.12047187937424,-0.736647721147165,-0.233153019100428,0.255581460893154,-1.15381260076538,-1.01174768409692
0.307333368808031,-0.45181433018297,0.209339977707714,0.385125857545063,-0.398187315091491,0.16267381827347,-0.0382506558671594,-0.273825635248795,0.243462080927566,0.253210681630299,0.870121894637123,-1.41065265890211,-0.933348407736048,-1.06904895300977,0.482687584357336,-0.0808375873602927,0.340764270164073,-0.241310365498066,-1.04840275389142,-1.44754042988643
0.00155797204934061,0.167832799488679,0.0638789338991046,-0.249103731010109,-0.351555223111063,-0.245888640219346,-0.121949088061228,-0.043417253298685,-0.135351430764422,0.118931082542986,-1.45300286728889,-1.4570137441624,0.864945079665631,-0.984299455303699,-0.332094972487539,-0.62978386413306,-1.44783899118192,-0.49286389653571,1.24953886214644,1.35237649641931
0.0743782999925315,-0.496166045079008,0.290596099104732,0.0900810649618506,-0.476578424684703,0.142054976988584,-0.269571059430018,-0.197575342236087,-0.0572532563935965,-0.0816603143233806,1.30295530613512,0.116896620718762,-1.49396963557228,-1.45720110763796,-0.411761508090422,-1.12108950340189,-1.17074725963175,0.25407701684162,-0.618633134057745,-0.367071790387854
0.205748327076435,0.13611213862896,0.469463008223101,-0.418611619621515,-0.36894393269904,-0.0311870406847447,0.0754133091308177,-0.299248199583963,-0.182235470786691,-0.252596812834963,-1.21452802908607,1.44301726785488,-1.43364214478061,-0.413162023527548,1.01760433427989,0.0240330342203379,-0.572127624414861,0.819293970242143,1.05988730373792,-0.205094367032871
-0.18903429270722,0.145435879006982,-0.0582724022679031,0.0595068435650319,-0.394253324018791,0.105959979537874,-0.198945517558604,-0.171520753065124,0.167621582513675,-0.0172774866688997,-0.922585831722245,-0.341513421619311,1.39435219438747,0.208863038336858,-1.33901167963631,1.21290397946723,-0.0670229592360556,-1.40838051284663,-1.43475563940592,-0.983255899278447
-0.36671267868951,-0.312184329610318,-0.102417811751366,0.281209275592119,0.478939950466156,-0.0472922177519649,-0.173569585662335,0.196581973973662,0.0522099697496742,-0.00491450792178511,-1.17196161439642,-0.997878005029634,-0.791343701072037,-1.27028847998008,0.167802688200027,-0.452541626757011,-1.21618265099823,0.38995292969048,0.354981193318963,-0.994537524646148
0.376204237341881,-0.301213301485404,0.355633135885,0.001943732611835,0.397453163051978,0.202363893203437,-0.24208906008862,0.00299598220735786,0.0458452679682523,-0.193454384151846,0.755309546599165,0.677901771850884,0.94309496297501,-0.321695779217407,0.814757781336084,1.38194273784757,0.416874126065522,-1.4065275862813,-1.08876521838829,0.000210839090868831
-0.414735240163282,0.237258668988943,0.321687699761242,0.249935841653496,-0.0865981753449887,0.0875253575854004,-0.164731527306139,0.228175766067579,-0.289459813898429,0.271039167093113,0.760415271855891,-0.318974134046584,0.424976939102635,-0.61814010492526,1.35844566766173,-0.14809337630868,1.33334107976407,-0.217915198300034,-0.891345302341506,1.41233792575076
-0.354657870950177,-0.172139804111794,-0.0623291975352913,0.0924547086469829,-0.0777375022880733,-0.211059778695926,0.202255018008873,-0.000249967910349369,0.25787237319164,-0.087143535213545,-0.73214816255495,0.726230616448447,-0.773660803679377,-1.40207331511192,-0.569067911244929,0.2948451298289,1.024845095817,-1.20257707452402,-0.182451282860711,-1.14992982102558
-0.402983764884993,0.379078435711563,-0.213091653306037,-0.278801958542317,0.133917632279918,-0.198480667825788,0.285363225499168,0.0614631470292807,0.218961690925062,-0.244988037552685,-1.10341124190018,-0.873017576057464,-0.511207438074052,0.326679075602442,1.37551631173119,-1.375166694168,-1.38000497594476,-1.43603418977,0.9939528205432,-1.22288696095347
0.0514926218893379,-0.263748222030699,0.414178862469271,0.136133066844195,0.412517697550356,0.247990655293688,0.218473402876407,-0.14449938442558,0.196358915744349,0.279891827423126,1.04516411013901,-0.257769213756546,1.01380207389593,1.49682090058923,0.250077391974628,-0.0894720260985196,1.1855864294339,-0.872935127466917,-0.720845057861879,-0.0261472030542791
-0.0360875190235674,-0.113611208973452,0.253920381190255,0.420063295168802,-0.498331162380055,-0.175282861618325,0.251208594627678,-0.245166522916406,-0.0141382170841098,0.0762092459946871,0.0420474903658032,-1.26640006899834,-0.904124213615432,0.41017801919952,-0.477546278620139,-1.2634069765918,-0.198032749816775,-0.296245384728536,-0.169493799330667,-0.24169584363699
0.0942555388901383,0.313350560842082,0.0100089302286506,0.37650817935355,0.24755099369213,-0.103927199402824,0.0481678040698171,0.265138671454042,0.217062566662207,-0.282873043650761,0.357616293244064,0.753908160841092,0.446189879905432,0.178416484035552,-0.454074487555772,-0.345344288740307,-0.961814984679222,1.21083749458194,1.3807730502449,-0.525094281183556
-0.264828797895461,0.406046541640535,-0.348248515743762,0.449186668498442,-0.417702862527221,-0.146127590630203,-0.137662104796618,0.163675722945482,0.208803670993075,0.173677975544706,-0.627363180974498,0.630526759196073,-0.0108050869312137,-0.755870419554412,0.0485753298271447,0.463326947763562,0.538331125862896,-1.27576188929379,-0.927751870360225,1.46275779046118
-0.489779843948781,0.0535100973211229,-0.363043166929856,0.122973757330328,-0.147797908633947,-0.163019103370607,-0.210412803757936,0.0170609218999743,-0.115863954322413,-0.0838562895543873,1.37123670126311,1.02181753981858,-1.04829603340477,-0.357639935798943,0.233917902689427,-1.27548466343433,-1.21600358560681,-0.145007116952911,-0.716027070069686,-0.0523878678213805
-0.285384902730584,-0.273706439184025,-0.0316007861401886,0.235507027013227,0.325155752012506,-0.20237852926366,0.0603439758997411,-0.186721503222361,0.0994025511201471,-0.0631002373527735,-0.864983082516119,0.553750873776153,-0.357248216634616,1.22563705430366,-0.330634076613933,0.011387343518436,0.193678362993523,-0.581891216570511,1.32070106570609,-1.46004728833213
0.460385596146807,-0.125940126832575,-0.469170636264607,0.252346171764657,-0.492094722576439,-0.00530533371493219,0.19425412081182,-0.228982592700049,-0.145655041420832,-0.220012255059555,0.935307484120131,-0.744334581540897,0.866750988643616,0.803669997956604,0.565592542989179,-0.236970332683995,-0.618727693101391,1.45736961951479,-0.403665903490037,0.548921209992841
0.0883543654344976,0.220526525750756,0.2176705210004,0.25474069849588,-0.240792609052733,0.28724479903467,-0.211449043918401,0.238776900619268,-0.288437946187332,0.122074595745653,1.37482897122391,0.696482345927507,-0.646724048769102,-0.383809852413833,0.317524577490985,-0.0208403680007905,-0.137180470163003,-0.792367748217657,-0.970478898379952,0.165568144060671
0.0303740038070828,-0.278593837749213,0.246405400102958,-0.21240605134517,-0.229629438603297,-0.00936147426255046,-0.197371047455817,-0.290751383174211,-0.0839525487273931,-0.0123208000324667,-0.289711005985737,-1.3267084043473,-0.00788576784543693,-0.981090732151642,-1.43128234567121,-0.956298956181854,-1.35826550982893,0.0929184125270694,0.622702490771189,1.14585470943712
-0.189270781120285,0.312652471475303,-0.114090817980468,0.244614227674901,-0.266076912404969,-0.036264603305608,0.00535675976425409,-0.251048134127632,-0.242938486067578,0.26280620531179,1.34622002067044,0.7637498897966,0.509544492233545,-1.22227129898965,0.863285704515874,1.0425878923852,0.327012952649966,-1.06860544695519,0.434055308578536,-0.0388672077096999
-0.0340512418188155,-0.441547797992826,-0.461601260351017,-0.0266372365877032,-0.401879765326157,-0.255839034402743,0.0435886882245541,-0.181013130303472,-0.11303890356794,0.236411549476907,0.944076425163075,-0.530735695967451,0.440838486654684,-0.913808611454442,0.177638130728155,1.19674509437755,1.45087529439479,0.878014223417267,-1.41376384743489,-0.694101926637813
-0.495686161564663,0.383257445879281,-0.0872768715489656,0.0999942880589515,-0.285886393394321,0.281884945509955,0.270713588409126,0.235424503823742,0.155610133660957,-0.233456377359107,1.38187980512157,0.769771823426709,1.06407650560141,-0.33367928978987,-0.75592199829407,-0.821925562340766,1.46934722992592,-0.819388337200508,1.38116586883552,-0.183708013733849
0.238145645009354,0.203903146786615,0.20774638815783,0.420062883524224,0.347707543056458,0.118482521641999,-0.215008130203933,-0.275482163066044,0.287985558668152,0.273055422585458,-0.140754736494273,-0.372796676354483,-1.49200671818107,1.09269651747309,1.4818332369905,0.00793128088116646,-0.718326402129605,0.489326778100803,0.304854593239725,-0.625789056066424
-0.40220852335915,-0.163712714565918,-0.216830227524042,-0.038237159140408,0.020774605916813,0.156034540571272,-0.196035749930888,0.210075312294066,0.127477809414268,0.205680385418236,0.550857983529568,-1.33737450535409,1.11362305562943,-0.837299852399155,-0.336073759244755,0.808536405209452,-0.557743072975427,0.614045622758567,-0.723818715428934,1.09112126030959
-0.229207770433277,0.228543203789741,0.304708446841687,0.259997227229178,0.381796476664022,0.157188912201673,-0.271818962087855,0.280590341845527,-0.223804975440726,0.256484857108444,1.14145555486903,0.602213321719319,-0.685596477007493,-1.05495467176661,0.39014332392253,0.440044882474467,-0.815298249246553,-0.325117196654901,-0.169392237206921,1.33781047607772
-0.122512958245352,0.366322560701519,-0.401812066091225,-0.30846660095267,0.209016776643693,0.244108755234629,0.233766112150624,-0.060767298610881,-0.239830150036141,0.199553406285122,-0.607316555455327,0.284885338973254,0.114270705962554,0.323467223206535,0.370435510994866,-0.273750323569402,0.521097337128595,1.19083415600471,0.0631757404189557,0.979605087311938
-0.138108151033521,0.145408444106579,0.0974898433778435,-0.33702424983494,0.147900009062141,0.00626923162490128,0.120306343724951,0.0891682988964021,0.00203623892739413,-0.194005039287731,0.876394630176947,0.931601118994877,0.61941668135114,0.26419263985008,0.721446885494515,-1.44241980370134,0.708471695194021,-0.717878447379917,0.3202437129803,-1.20491226715967
-0.25057875411585,-0.23583654477261,0.217696122359484,0.36294331937097,0.34732056572102,-0.246593834459782,-0.142397321155295,0.127255849074572,0.195991037366912,-0.156218357663602,0.575032004853711,1.48872410156764,-0.704228770220652,0.121056294534355,0.965801023179665,0.235157134244218,1.23648609453812,1.49166873469949,0.113531925017014,0.3191239584703
0.0488567207939923,0.172782545443624,0.0893789788242429,0.0755587089806795,0.343773978063837,-0.0323223535437137,0.0546913064550608,-0.214390238374472,0.292472121119499,-0.108886306313798,0.153654410038143,0.1951171355322,-0.739489652914926,0.114524079719558,-1.12158814980648,0.702461202163249,-1.4795256794896,0.484481449238956,-0.410634925821796,-0.188333824044093
-0.492068173363805,-0.33672218490392,-0.406795880990103,0.309462470002472,0.481545754009858,0.270954997558147,0.161733298609033,-0.0405092024244368,-0.0515618328005076,-0.25580506506376,0.731869270792231,-0.83431121846661,0.473556148353964,1.29077784670517,-1.32742917188443,1.08397316071205,0.379695631563663,-0.678499876521528,-0.694526930339634,-0.573253918904811
0.366968494839966,0.38677657651715,-0.440646037692204,-0.388264162698761,-0.185806380352005,0.273878755699843,-0.292627840396017,0.0583736272528768,-0.175660304864868,-0.0676348209846765,0.991184911457822,0.888634241418913,-0.254854045808315,0.891650695586577,0.608724055811763,0.362950896844268,-0.43071752646938,-0.558845191262662,0.148264224641025,0.598184025613591
0.460800472879782,0.249490738613531,0.286712439497933,0.0890226645860821,-0.141056717606261,-0.144980123033747,0.0724568491335958,0.242763369111344,-0.276433117222041,-0.0481418042443693,0.623033093987033,-0.768329947488382,-0.512012294959277,-1.22181144892238,0.18267143284902,-0.269140208372846,-0.733406809391454,0.344735244289041,1.33661910728551,1.37050792900845
0.0113506587222219,0.0995784762781113,0.192190013825893,0.0102551474701613,0.49967296468094,0.0185855600517243,0.0323290903586894,-0.132193565508351,-0.232479376439005,-0.183546620048583,-0.485205615637824,-1.3530749597121,0.901600491721183,-0.566407540580258,0.914333568653092,-0.605328337289393,-0.313217879505828,1.22864159638993,0.292491603177041,-1.45336373895407
0.0590527462773025,-0.448423545109108,-0.0078005506657064,0.242322904290631,0.121160440146923,-0.107871270691976,0.297170328861102,-0.00944270761683585,0.139501372072846,0.292386125028133,0.0953139143530279,1.16430785693228,0.0124365985393524,-0.943858203710988,0.801935715833679,-0.424142603063956,1.34975003125146,-1.11631981981918,-0.618830348365009,-0.411870590876788
-0.104099702090025,0.212157657835633,-0.00745850475504994,-0.378851188579574,-0.294422700535506,-0.0860164825804532,-0.286569319479167,-0.197940024733543,-0.0509991908445954,0.231286820489913,0.568608863744885,-0.807291238568723,0.417392958886921,-0.314460918540135,-0.560502593871206,0.982225596439093,-0.566086591221392,-0.0701395177748054,1.36113745300099,-1.43609698000364
-0.225636046146974,0.331483513582498,-0.152027341770008,-0.0294100802857429,0.253493363736197,0.0979234978090971,0.107585027301684,-0.247936008218676,-0.0736557387281209,0.164514823257923,-1.15096528502181,1.08774710423313,-0.274503286695108,0.140313680749387,0.0164080036338419,-0.901133259292692,1.33323032758199,-0.448364399839193,-0.424743961310014,-0.410451262257993
0.239421614911407,-0.123927073087543,-0.409117220435292,0.268165541579947,0.326292330166325,0.0946572362445295,0.0538245897274464,0.106032846914604,0.182906508073211,-0.225445265974849,1.1078570606187,-1.37463710526936,0.747124922694638,0.715585297672078,-0.584509295644239,-0.40539297577925,-0.788724214537069,-1.32149372203276,-0.635086880531162,-0.00984313921071589
-0.238921076990664,0.252324471250176,0.0722376799676567,0.439832543255761,0.0931007545441389,0.00831146962009371,0.175636998703703,0.00391314569860696,0.117061108024791,-0.00416857274249194,1.3720319699496,1.12354709976353,-0.15600316808559,1.35297965747304,0.738452817779034,-0.1400437282864,0.733953890623525,1.45287590590306,-0.932176197879016,-1.17077335878275
-0.441889925859869,0.161692320834845,0.342241463949904,0.499598468421027,-0.418794657103717,0.122227607108653,-0.293579990230501,0.236595227569342,0.289362720027566,0.198698240239173,0.65169294574298,1.32504066615365,-1.06308535952121,0.754587713163346,0.719586855964735,0.195143101969734,-0.707433243049309,0.646083153085783,0.961608981247991,-0.974742424674332
-0.442135435761884,-0.41443065344356,0.466573038836941,0.00210522557608783,0.121637039352208,-0.120514221210033,0.175842885067686,-0.185905293049291,0.21979861180298,0.181039077742025,1.22053201426752,-0.319768106332049,-0.661237719235942,1.06334584392607,0.722677672980353,-0.22333956649527,-0.603210102533922,-0.48410095483996,0.458511734381318,0.393307523801923
-0.153910348191857,-0.408957336330786,-0.123000595718622,-0.13138068257831,0.00694133969955146,0.201532827923074,0.15005339984782,-0.025463578524068,-0.117557762330398,-0.0711503719445318,-0.365052685607225,-0.819515411742032,0.798428307054564,0.945115093840286,0.192448141984642,0.768111001700163,-0.918702648254111,0.497906514443457,-0.381803069729358,1.04915537405759
-0.296024014940485,-0.156614309176803,0.248212308390066,0.297381552634761,-0.495590643491596,-0.244732692930847,0.201120876800269,-0.0613314413465559,0.0725169410929084,0.159312306018546,-0.535164668457583,0.175616103457287,-1.26358666294254,-1.20261315512471,0.727620068471879,1.3056769981049,1.02088785613887,-0.82117978669703,1.12742430274375,0.165680004050955
-0.105054621584713,0.0389134008437395,-0.192818200215697,0.491166656371206,-0.499071890022606,0.15097177955322,0.289149541407824,0.0378121194429696,0.26133228703402,-0.204909742763266,0.872164362575859,-0.775096953380853,0.197961104102433,0.950889527332038,-0.688343204325065,1.06683856341988,0.735035395016894,1.43762563238852,-1.12873887713067,0.492150156525895
0.0707046564202756,0.427241887897253,-0.0251585394144058,0.136952539207414,-0.454656981863081,-0.0986958215944469,0.166731814434752,0.293013998586684,0.0122865841258317,-0.0662056110799313,-0.957887524506077,-0.965169377624989,-0.0659758457913995,0.208482775138691,-0.692084860755131,0.485444014426321,1.10039824037813,0.868174436269328,-1.17979066120461,-0.489996855380014
0.326853195438161,0.2985288889613,0.0241534777451307,0.0336490364279598,0.363043709658086,0.173400597693399,-0.0185012572444975,0.104725558217615,-0.0414650632068515,-0.275196885690093,-0.882574165938422,-0.304205854190513,-0.0695057041011751,-0.81905913236551,0.642048178240657,-1.00605237856507,-0.438530285842717,0.638147526886314,-1.33304850314744,-0.0767111897002906
-0.106774961110204,-0.499403183814138,0.218915335834026,-0.248818923253566,0.159353194991127,-0.126073288684711,-0.0171348358970135,0.219669643510133,0.289296926138923,-0.282284606108442,0.178034263662994,-0.162999349879101,1.04040193464607,-0.131828496465459,1.32104642805643,1.28421641327441,-0.989621187094599,0.137832577340305,0.388995608780533,0.333999409340322
-0.0632911208085716,0.410450640833005,0.449708171654493,-0.0874423230998218,0.394837883068249,0.0238409201614559,-0.0647610167507082,0.140136005915701,-0.227935359533876,-0.220067790476605,-0.460604447638616,-0.457874278072268,0.823236964875832,1.15176541241817,1.18676941771992,-0.685198383405805,0.368289592210203,0.926936354488134,0.185374639229849,0.883131028851494
0.408327590906993,0.113768047885969,0.0152108597103506,0.0138684536796063,-0.141562217613682,-0.241562107158825,-0.249482642160729,-0.184040565183386,0.283818635344505,-0.0510183260310441,-0.572973080445081,1.18227901915088,-0.164427891606465,-0.96320908376947,-1.35472408309579,1.11368258250877,-0.79319489817135,-0.92127690394409,1.02401006757282,-0.565508200088516
-0.126113557023928,0.310990739846602,-0.448956116801128,0.460832450538874,-0.274289763532579,0.113189785368741,-0.00424287957139313,-0.243084493372589,0.177243495779112,-0.0814387810416519,0.918035014998168,-0.0486173280514777,-0.411478602793068,1.17623619013466,1.18540478870273,-0.516210953705013,0.496485798619688,0.15892322268337,0.023357895668596,-1.01031326455995
-0.079212493263185,0.146798902191222,-0.0715966627467424,0.112902159336954,0.0705653394106776,0.145829019136727,-0.142242972878739,-0.0760053694713861,0.163645023247227,-0.291081295441836,1.20463496027514,1.1625304876361,-1.01772036566399,0.588507997104898,-1.23667319607921,-0.431102926377207,1.0588850453496,0.18921867152676,-0.23755630874075,0.465198313817382
0.0290768246632069,-0.25856502680108,0.0464265414047986,-0.386392536340281,-0.420367739861831,-0.236487514246255,0.000863079261034738,0.199006466707215,-0.197224199865013,-0.297922919550911,-0.0522128955926746,0.932355339406058,-0.44335803645663,0.865323604317382,0.817004633601755,-1.32857168326154,-0.378738406347111,0.465079447254539,-0.748941444559023,-0.793506177607924
0.486995905870572,0.240029124775901,0.498347873799503,-0.154032049700618,0.461274187080562,0.0974396238103509,-0.206846111174673,0.0538386982865632,0.0533737105317414,0.29286937918514,1.41766766505316,-1.25139849842526,-0.152625859715044,0.491131865652278,1.27834065654315,1.28192887315527,1.04481103923172,0.639484886080027,-0.389089449774474,0.68632646673359
-0.206719764042646,0.391770262969658,0.365363901248202,0.156425913097337,-0.110099408309907,-0.173500670492649,-0.298596230568364,-0.119269038364291,-0.133798015723005,-0.265154060628265,0.123930227011442,-1.37482322473079,-0.655872079543769,0.97447917284444,-0.336222967598587,0.0628691778983921,-0.939121322706342,-0.394840068183839,0.423405349021778,1.09090848290361
0.39775404240936,0.0643487938214093,-0.233171273954213,0.361049412516877,-0.38518771994859,0.221035073976964,0.107360579213127,-0.287525126477703,-0.138661637250334,0.269754216307774,0.730022182222456,-0.452152115525678,1.02831587009132,-0.23765335092321,-1.04264648887329,0.789866762235761,0.733186222845688,1.32192623661831,1.23169113881886,0.541560373501852
-0.00699726724997163,0.0814150306396186,0.034885942703113,-0.15832960465923,0.0214675250463188,-0.000605882517993428,0.21059596426785,-0.195095659699291,0.25464660669677,-0.0988167355768383,1.28142497059889,0.911874785553664,0.0829727647360414,-1.32624654611573,0.197241892106831,0.221152851590887,-1.47566166403703,-1.11382426321507,-0.602379511110485,0.633798656752333
-0.406504100887105,-0.319832387613133,-0.415253872750327,-0.152478857897222,-0.349460871191695,0.0530989999417216,-0.242949613882229,-0.0460192920640111,0.255362004647031,-0.0921951761003584,0.152155940886587,1.33003874332644,-0.163404413731769,-1.0528060302604,1.24102840851992,0.615655092056841,-1.10134572163224,-0.282609984045848,-0.762919148197398,-0.319886884186417
-0.0050558818038553,0.273967295419425,0.0122461002320051,0.384482313180342,0.0490716947242618,0.105636815959588,-0.201491593709216,-0.215113015193492,-0.0660339913330972,-0.170620605675504,0.461901331320405,-0.723129384219646,-0.258690829854459,-0.816862934734672,0.547799742780626,1.06868635956198,1.22182347346097,-1.02928581694141,1.46319617377594,-0.648448053281754
0.415605683578178,-0.0774809864815325,-0.00264752050861716,0.250500707887113,-0.232914859196171,0.022306440398097,0.187524112779647,0.0284081149846315,0.237015557801351,-0.273689043335617,-0.826229093363509,1.0572419653181,0.288938677171245,-1.02633918402717,-0.107046801131219,0.414513293188065,-1.4954633989837,-0.76562762260437,0.182462154189125,-1.41971412417479
0.469273969298229,-0.320717578753829,0.08305095997639,-0.122656432213262,-0.40235915966332,0.129681930458173,0.247258909698576,0.173005030676723,-0.272752076759934,-0.106500329263508,1.1453031830024,0.98859877162613,0.489173048408702,1.029305805685,0.230994305340573,0.539452198427171,0.797527495538816,0.167060076026246,1.24360023904592,-0.834120762068778
0.33853651303798,-0.408968752017245,0.272520127473399,0.168883923441172,-0.0455369891133159,-0.0860003310721368,-0.264599017705768,0.148741982923821,0.0645136109087616,0.117449271306396,0.715657443506643,1.09062199713662,-0.871075785951689,-0.363004733808339,-1.10497623332776,1.01692483853549,1.14337839349173,-0.18245983030647,0.938443718478084,0.0528191719204187
0.277166926534846,-0.120965090114623,0.190581185510382,0.167103018146008,-0.125330576440319,0.294823836442083,-0.240125687001273,-0.0773608757648617,0.10924307112582,-0.0738924584817141,1.38031313102692,0.14634160255082,-1.3808241749648,-0.829768831143156,-0.266104468144476,0.387606788892299,-1.0385926484596,1.44719033734873,1.31713777617551,1.20098317041993
-0.110522197093815,0.0701828703749925,-0.079002344282344,0.112786731682718,0.00202368432655931,0.27636349434033,-0.280405846377835,0.2763921151869,-0.180332218296826,-0.0988570996094495,-0.0448300859425217,1.06845644675195,1.00804149918258,-0.016186703927815,1.12149852910079,0.667119047837332,-0.9062639772892,-1.2197579308413,-0.022149053402245,1.45223348611034
-0.238628438673913,0.22345931455493,-0.152916739694774,-0.0513790203258395,-0.194607458310202,-0.113129325862974,-0.121483324281871,0.139832057850435,0.191678428184241,-0.207630469417199,-0.218216661829501,-0.893956074491143,1.350368747022,-1.32657344802283,0.229977192822844,-0.494415481109172,-0.472057967679575,0.525568189797923,-0.0406424410175532,-0.335437582572922
0.488312454661354,-0.426884105429053,-0.285772919189185,-0.201458764495328,0.332941437605768,-0.0401028177235275,-0.222494321130216,0.139350976143032,0.17259912234731,-0.22959692585282,-0.979080978780985,-0.0638598657678813,-1.18598579708487,-0.849118363112211,-0.356280290521681,0.0874971183948219,-0.798813753761351,-0.657973390538245,-0.501826085848734,-0.264365499140695
0.148894457612187,-0.0516847351100296,0.224479159805924,-0.104253879748285,-0.0837656217627227,-0.280855038575828,-0.131826668791473,-0.221450437791646,-0.148667879216373,0.228857297077775,0.289064072538167,0.109731497475877,-1.47093996335752,0.279831965686753,-0.205081713153049,0.30404512071982,0.502112215384841,-0.420547889778391,-0.692519541364163,-0.389622858725488
0.338378822198138,0.0466826497577131,-0.357228110777214,0.172717690235004,0.3932474933099,-0.137910734675825,0.192079997062683,-0.197454098146409,0.107447916548699,-0.141603949014097,1.21217925148085,0.188530306331813,-0.620786694344133,0.232606766279787,-0.767273559467867,1.49289756291546,-1.09980236249976,1.09520727256313,-0.594458134844899,-1.21098249522038
-0.278518201550469,-0.132347481092438,0.332262905547395,0.298748161178082,0.14736053487286,0.14972362909466,0.281539812125266,0.137994052190334,-0.213539117993787,-0.200084792543203,1.26528888219036,1.37902811192907,-0.585582640953362,0.723154505481943,0.893031363375485,-0.0599998952820897,-1.16198703157715,0.0326667388435453,0.239428905537352,1.05290789552964
0.0366960559040308,-0.279734680894762,0.37417355296202,0.372326804324985,0.0561433495022357,0.00163117395713924,-0.141763141471893,0.266871918551624,0.0106997156515717,0.0454125089105218,-0.478686993476003,-1.31346401595511,-0.402456698007882,-0.482726018875837,-0.927312179468572,-1.01388340559788,-0.399329734034836,0.929274783236906,0.122409600997344,-0.0655578444711864
-0.238817052682862,-0.0868064837995917,-0.217895022360608,-0.184543170733377,-0.469133474864066,-0.0987287350930273,0.0473878872580826,-0.0904219604562968,0.0793596798554063,-0.044045669445768,-1.16643282095902,-1.47282850462943,-0.0626130597665906,0.671862619696185,1.14487963495776,-1.12752251769416,1.11280900798738,1.19832023349591,-1.37828564434312,-0.887876788387075
-0.44387986487709,-0.382452432066202,0.199393810238689,-0.490048780106008,0.401705783093348,0.00365387191995981,0.0640438429545611,-0.247978617623448,-0.27961548040621,-0.114558552950621,0.777342282235622,1.35121304634959,-0.179797401186079,1.24376586615108,-1.12177822482772,1.40094531071372,0.260875545674935,0.341328348498791,0.535330383572727,-0.894988984800875
-0.110380512662232,-0.228208062238991,-0.0604865967761725,-0.45542177115567,-0.431550815468654,0.212709958059713,0.107511322014034,-0.249289973499253,0.155206701066345,-0.169879738753661,0.971108166966587,-0.0524854219984263,-0.483025518944487,0.588986631017178,0.0972151800524443,0.0789241141173989,0.131413991795853,-0.934227743418887,1.05225293710828,-0.809832396218553
-0.1366816975642,-0.271983913611621,-0.234739790903404,-0.130810737842694,0.0254308879375458,0.175131122209132,-0.262196453846991,0.189542095921934,0.29127182518132,0.118530426174402,-1.25129410880618,-1.29563634912483,1.4906143436674,0.785544925834984,-1.32171056536026,0.78204754460603,1.01483878539875,-0.150673629250377,-0.685902519151568,-0.541079380782321
0.103874569991603,0.316985971760005,-0.044369486393407,0.373665654566139,0.100239517400041,0.0891323620453477,0.0432981080375612,-0.192458241758868,0.287002240307629,-0.241320177912712,0.466624963330105,0.385396449593827,-0.0865260581485927,-0.578151974827051,0.212477141059935,-0.140118558425456,-1.2916469082702,1.24699976155534,-1.26869801804423,0.818729171762243
0.29414737643674,0.3767183823511,0.118742679711431,-0.490703481482342,-0.378805348649621,0.0516548445448279,0.0742204955779016,0.246205342188478,-0.104977764375508,0.032827936951071,0.749226281186566,-1.48655692837201,0.363374976441264,1.13261077087373,0.936638348735869,-0.0776768582873046,0.495318474015221,0.761525224428624,-0.0238837420474738,1.29774830653332
0.369402754819021,0.239875588333234,-0.183231930946931,-0.205953506054357,-0.163773543201387,0.112469926988706,-0.0556942298077047,-0.201176074706018,-0.235718796495348,0.114710479835048,-0.608143120771274,-0.939713768195361,1.18388889217749,0.659733714535832,1.06769406306557,-0.622048725374043,1.18668416677974,0.255797758698463,0.0892380690202117,-1.32070180261508
-0.359532796544954,-0.296596919419244,0.498157297959551,-0.432324143126607,-0.0542949349619448,-0.196871521230787,-0.0896106286905706,0.0357491916976869,-0.043072007317096,-0.191961194342002,0.372011561645195,1.23624533833936,-1.30237900558859,-0.788007053313777,0.921354452613741,0.253315309993923,-0.219090561149642,-0.316166651900858,1.47060107882135,0.974381937179714
0.483706634957343,0.341140560340136,0.243439705343917,0.160085793817416,0.437286250991747,0.0728758782148361,-0.0172196351923048,-0.151371706556529,-0.081125878309831,-0.12010940965265,-0.569704826222733,-1.0315582214389,0.432727927342057,-0.852059148950502,-0.92868720064871,0.523448669118807,-0.0857191337272525,-0.301060713361949,-0.775258408393711,-0.215770669514313
-0.0570947488304228,0.160155177582055,-0.171206240775064,-0.171013728249818,0.160263138590381,-0.222287662932649,0.244637503987178,0.0501854952424765,-0.285214427299798,0.27196960025467,-1.07671733130701,0.0336796764750034,0.863248774548993,-0.334335795370862,-1.44488732283935,1.29226338258013,1.24964995728806,-0.732493077870458,-0.615681397262961,-0.0337661078665406
-0.270394638180733,-0.150610485579818,-0.338607591809705,-0.0466509514953941,-0.159438133472577,0.285155529063195,0.097670701565221,-0.210677807265893,0.223973820218816,-0.234814796503633,-0.448316662106663,-0.247778638266027,-0.136512174038216,-1.25882432400249,0.934103132458404,0.986875112168491,1.39604780520312,0.889019719557837,1.494158846559,-0.413177064852789
-0.0339865651912987,-0.478249895153567,-0.26656614523381,-0.029438515426591,-0.0614804555661976,0.123200856847689,-0.0296744839288294,0.167606793344021,0.028171327477321,0.293103345343843,0.654048718046397,-1.24902847758494,-1.2316983032506,0.508073249598965,-0.363260992337018,-1.09014055179432,1.06583578605205,0.271010357653722,0.572597295977175,-0.242197788320482
-0.247601729584858,0.0828975054901093,0.470754326088354,-0.192415763391182,-0.483303628861904,-0.177722443733364,-0.00829083323478697,-0.275289997598156,0.185680633038282,-0.131265826430172,0.521512383129448,0.249094232451171,1.3183557651937,-0.396894418168813,0.039752978598699,-0.42164181615226,0.71313784760423,0.26996816508472,-1.41708732373081,0.744985852623358
0.374805291648954,0.368147140368819,0.0551387523300946,-0.121747106080875,0.345044550485909,0.0168373326770961,0.172807891806588,0.204705013101921,0.224663534061983,-0.00233383001759646,0.866737039061263,1.49741405434906,0.0941999698989093,0.618688500719145,0.827566309366375,0.123513935599476,1.4355895947665,-0.84116103197448,0.274005220038816,0.835650250548497
0.129759172908962,0.46775631676428,0.172994733555242,-0.403748462442309,0.138241481268778,-0.115313771506771,-0.0227810497395694,0.225589811475948,0.247645611455664,-0.27701281174086,0.789852284593508,-0.120377572719008,0.725010654889047,-1.34429895901121,0.759976076195017,-1.03157906862907,-1.40447004488669,-1.36586475837976,-1.28250286448747,0.621375013841316
0.285811656620353,-0.103612213395536,0.357833752408624,0.365237846039236,-0.252592866076156,0.198866935260594,-0.294206483848393,0.274059519823641,0.127599802287295,0.107403978332877,1.37242169352248,-0.0334157010074705,1.48957805754617,-1.21932578994893,-1.00272932765074,0.161644952371716,-1.14286581776105,-0.870948578696698,0.114690457703546,-0.549609071575105
0.113054614048451,0.340448583709076,-0.363527962937951,-0.0646429674234241,0.445353851886466,-0.167270572297275,-0.102718871086836,0.269579149782658,-0.243648317316547,-0.020441096322611,1.32925709453411,0.229904516134411,1.09895880706608,-1.4380151135847,0.0240316805429757,-0.0418761516921222,0.197266477625817,0.787115551996976,-1.3287497847341,-1.13565527508035
0.116399991791695,0.34820122551173,-0.45537374378182,-0.310127958888188,0.434048542520031,0.134900258062407,-0.13675172184594,0.0903412699699402,-0.0819579864386469,0.160094056930393,-1.42814202513546,1.09940829849802,-0.152157277800143,-0.687149483012035,-1.01460748538375,-0.417794140521437,-0.271736347815022,-0.0832136487588286,-0.119189991848543,0.683710081502795
0.164839757373556,-0.370898626046255,0.152436114149168,-0.466260918881744,0.210926737170666,-0.289574189018458,0.292147128330544,0.0666290127206594,-0.0639127963688225,-0.0611580052413046,-0.813735770992935,0.339742582524195,-0.761555057018995,-1.46444751089439,-0.27914648456499,1.10989451548085,0.0631260559894145,0.755548371467739,-0.44527668133378,0.178057302022353
-0.218421541620046,-0.143895795103163,-0.335515850922093,-0.0392790604382753,-0.171323871007189,0.113238951517269,0.0128327170852572,0.00173838408663868,0.156303481617942,-0.0729545596987009,0.123384059406817,-0.36888564331457,0.28393866517581,1.15413890406489,0.126122158952057,1.15717605384998,-0.385093130869791,-0.715463935397565,-1.49486300745048,0.547102695330977
0.082756805466488,-0.172719474649057,-0.21634307783097,0.49501830432564,-0.316544819390401,-0.218008346948773,-0.072748248372227,0.257667255448177,0.166104653198272,-0.174590984685346,-0.521456961985677,-1.31719225505367,-0.933545841369778,1.09791406360455,-1.19479281431995,-1.07319791964255,0.983195911394432,-0.721572061534971,-1.11906685587019,0.102895087329671
0.328409428475425,0.0432187293190509,0.0280801311600953,-0.100020110839978,-0.228987214388326,0.0929552022367716,0.0712457655463368,0.0275668179150671,0.0275866606738419,-0.0610358936246485,0.746962015517056,-1.38181493757293,0.862879303051159,-0.0190910522360355,0.145517121534795,1.16191376047209,-0.361600987846032,1.02830487093888,0.760580775327981,-0.3505153816659
0.257407111348584,-0.0361617659218609,0.104556770762429,0.401852580020204,-0.296075741294771,0.289485540473834,-0.197922878852114,-0.0478235186543315,0.164753609569743,-0.254506153939292,-1.25262794760056,0.762941678753123,-0.339209224563092,0.109565074788406,-1.02307080198079,-0.587772728176787,-0.328487884020433,-1.44293832709081,-0.109133899910375,-1.21864384529181
-0.116008238634095,0.458548954920843,-0.086329500656575,0.424867863068357,0.0605813760776073,-0.291784569667652,9.47561580687539e-05,0.00225196620449425,0.212130806967616,-0.141648954385892,-1.10608376702294,-0.0274251520168036,-0.0883813805412501,-1.1320954200346,0.83127353573218,1.33678910625167,-0.163614068878815,-0.330230075167492,1.20105421892367,0.61393513600342
-0.498025058535859,-0.426097973249853,0.27166972332634,-0.114773183362558,-0.101001688977703,-0.120722172036767,0.0643426480237395,0.254001966537908,0.102659435011446,-0.0734711025841534,0.464357026387006,1.43578791688196,0.806969947647303,-0.519826703472063,0.187895559472963,-0.432869930751622,-0.129976978059858,0.69565029675141,0.379572249250486,-0.968510197475553
-0.027828861027956,-0.205634982325137,0.173091936390847,0.46861660759896,0.00980795361101627,0.126482880301774,0.22963959951885,0.064392047887668,-0.0585059812758118,0.0912065775599331,0.352976837195456,-0.901507338043302,0.163774234475568,0.82912841741927,0.203110257396474,0.0712658283300698,-0.99010490742512,-0.144382886588573,0.227054286981001,-0.824271024903283
-0.42595312022604,0.466610604664311,0.443906422005966,0.375944320810959,0.196392401587218,-0.247505150875077,0.0521979192271829,0.175696083018556,-0.0737321858759969,-0.227154681505635,0.390675674658269,-0.192134389188141,-0.589498022105545,-1.01674500619993,-0.382102352567017,0.787162747001275,-0.457119109109044,-1.37474522623233,0.669601288391277,-0.794841479044408
0.180239835288376,-0.0221172405872494,0.203035209095106,-0.136401752242818,-0.323147780494764,-0.0375542624853551,0.0935565321240574,0.101535218115896,-0.146603094181046,-0.239869343535975,0.133674189448357,0.520855639362708,-0.572708077495918,-0.842323474120349,0.355466779321432,-1.25472189858556,-0.349915010388941,-0.326209149090573,1.15328480419703,0.783663110341877
-0.0707869911566377,0.319494441151619,0.355689820833504,-0.496623209211975,0.144149671774358,-0.112241253443062,0.0304068039637059,-0.210604264447466,-0.0610879484564066,-0.0886304003186524,0.53370616491884,0.389696881407872,-0.236871278146282,0.805739528266713,1.45405606669374,1.00857640290633,-1.04890585178509,-1.08398368628696,-0.0193000116851181,-1.34329519607127
0.146562191657722,-0.0942494892515242,-0.338886918732896,0.491862851893529,0.0319873844273388,-0.255662463186309,-0.085211544111371,-0.279020590474829,-0.165453286422417,0.0706148543860763,0.72346955537796,-1.3124340986833,-1.12830233783461,0.902289852965623,0.518821433186531,0.140006385510787,-0.943417363101617,1.33754239836708,0.427907322300598,0.428888632217422
0.251394609920681,-0.0641115331090987,-0.1405674375128,-0.139169729081914,-0.0505624415818602,-0.284165157610551,-0.24362356918864,0.0672596743796021,0.0148637293372303,0.194381950702518,0.0656239204108715,-0.179754609474912,-0.64022132428363,1.05798410251737,1.01992624159902,0.76407346338965,-0.813455406110734,-1.36188048007898,-0.299975657835603,-1.08350390265696
-0.359458467457443,0.0737037216313183,0.194229321088642,-0.390236085513607,0.281346678966656,0.0228236129041761,0.212016198132187,-0.050058615161106,-0.100850575882941,0.237793703516945,-1.2244547274895,-1.24938767007552,-0.377536156447604,-1.36481400718912,1.40837984438986,-0.211339208297431,0.638202139176428,-0.904378833482042,1.49276193184778,-0.791204472770914
0.454881805926561,0.159976575057954,-0.0504468539729714,0.389105347217992,0.296262023970485,0.220069799618796,0.0506001519039273,0.0316244046203792,-0.0317900741938502,-0.112447974085808,-0.973352707922459,1.3965293657966,-0.610518193803728,-0.589559995103627,-1.26638786355034,0.939607405336574,0.973187365802005,0.493609765777364,0.520669800695032,0.96183595340699
0.383675184333697,-0.39290105458349,0.314556092023849,0.395542207639664,0.410162083571777,0.0254583642818034,0.20506739448756,0.251513223582879,-0.234986542258412,0.00251803309656679,0.706369790481403,-0.304589563049376,0.741088461130857,-0.465316259069368,0.601283099502325,-0.882406276417896,-1.17530441167764,-1.40028650639579,-0.329664534889162,-1.09380080737174
-0.0318314840551466,0.203313454752788,0.021975721931085,0.167763912584633,-0.0511397749651223,0.0905060425400734,0.172268520109355,-0.14644709690474,-0.263632062077522,-0.0206584190949798,-0.0794796904083341,0.311575947096571,-0.916276396717876,-0.94906846107915,-0.54278405662626,-0.484343725489452,-0.336912941420451,-1.18352099647745,-0.990481703309342,1.00502792000771
-0.266111492644995,0.494674310553819,0.297009006142616,-0.48344758991152,0.0330580538138747,-0.227907183906063,-0.00227791881188749,0.064156393893063,0.213978706486523,0.210058725485578,-1.37451050011441,0.0507272877730429,0.452759346691892,1.06956340628676,0.695334477117285,0.265930519206449,-0.195033526048064,0.385031320620328,-0.502737615024671,-0.655381873017177
0.331366656115279,-0.00465055787935853,0.0781050086952746,-0.0281257824972272,-0.109436931088567,-0.141368914442137,-0.0194388267584145,0.210129410913214,0.198624029522762,0.1390343954321,-0.661441263975576,0.872182809049264,-0.30604655155912,0.497109143296257,-0.949320772429928,-0.0294149166438729,-1.1223185621202,-0.710742618190125,0.999700073618442,1.02030281326734
-0.00586546957492828,0.298062527319416,-0.476182007230818,-0.423717049183324,-0.189636057708412,0.072970042610541,-0.233947921358049,0.15039804498665,-0.19921283419244,0.255497931595892,-0.44805847085081,1.43854671553709,-0.609549340093508,-1.14490571455099,0.929325404344127,1.17886388394982,1.12572538247332,-1.06891122786328,1.21752067026682,1.39311543409713
0.275371651398018,-0.457870038459077,0.311659648548812,-0.194035425782204,0.150453915353864,-0.128370223520324,-0.235732220113277,-0.248651242302731,-0.292840909352526,-0.125501032685861,1.22716994024813,0.690707119647413,1.18411838798784,-0.10774367605336,-0.596529564354569,1.1029412643984,0.689211360644549,-0.862912979442626,-1.04155503655784,0.219581740675494
0.166626790771261,0.490834707161412,-0.233385966159403,-0.105156105943024,0.032467766199261,0.00791443046182394,0.294287308864295,0.140918873995543,0.183761615445837,0.152363682584837,-0.0441581248305738,0.535379796987399,-0.904032202670351,-1.4599417517893,-1.17115136655048,-0.45835611387156,-1.17745090881363,-0.162176731741056,-0.947255917824805,0.143332628533244
0.472115667769685,-0.146447485312819,0.12361066811718,0.293670835904777,0.0886054139118642,0.270137494057417,0.0355681765358895,0.23851967076771,-0.241167007293552,0.0845910251140595,0.999953500460833,-0.869508226867765,1.0099217465613,-0.156478115357459,0.412727313581854,0.117227937793359,1.3338206007611,-0.109595510177314,1.36556023964658,1.2579984292388
-0.0387597773224115,0.369406206300482,0.181442630244419,-0.273417497985065,-0.34909327304922,-0.208101877151057,0.174403832713142,0.175557730486616,0.226372988009825,0.216518598608673,-0.134023607242852,-0.919239785755053,1.15865904721431,-1.36659911717288,0.746416249545291,-0.475306848529726,-0.224121350795031,0.881236425368115,-1.44560083164833,-0.301523518748581
-0.213254846865311,0.358886371832341,0.34254366834648,0.412925425451249,0.075541352154687,-0.299514244822785,-0.0420490834861994,0.0160078064538539,-0.222232484444976,0.0569232339039445,1.22211641469039,0.731779875000939,-0.519931924995035,-0.0697294394485652,0.324616993311793,0.637266628677025,-0.939309210749343,1.10041363793425,-0.535472778137773,0.134957978501916
0.263051094254479,-0.268367745680735,0.392356346361339,0.174552747514099,-0.0567281008698046,0.200055351946503,-0.12284249807708,-0.0685212470591068,0.261672669555992,-0.220553162880242,-0.244208050193265,-1.38486949447542,-0.756548072677106,1.15480011259206,0.761441538110375,1.17159817158245,-1.09045125567354,-0.226773923495784,-0.27926309988834,-1.27935892017558
0.232956398976967,0.109223855659366,0.369847408263013,-0.404096047393978,0.446652541635558,-0.268171548703685,-0.155493066133931,-0.10641400013119,0.25465739602223,0.109916975861415,-1.02334521710873,0.949924889020622,-0.328463941114023,-0.674679478397593,0.82878667046316,-1.27516470244154,-0.842328937724233,1.49983283272013,-0.21131203067489,-1.27624847274274
0.0586671512573957,0.428163131233305,0.0643334109336138,-0.414672839455307,0.347877919208258,0.179916399344802,0.0926447348669172,0.0863602356053889,0.282551428629085,-0.238474024180323,-1.02131355064921,-1.41366809327155,1.45906703313813,0.917457450181246,0.716298897285014,-0.686587427509949,-0.866367387352511,0.906587272882462,0.984053433872759,0.538496259832755
0.401652459986508,-0.232876966241747,0.0757355028763413,-0.0636639792937785,0.363271127920598,0.235254982765764,-0.152954590134323,0.0241800926160067,0.172478740196675,0.177946896571666,-0.793555102078244,0.167403324041516,-0.908703803317621,0.040933997835964,-1.10390807082877,-1.19233820051886,0.454990635160357,0.881361249368638,0.745283460477367,0.735789543483406
0.322121202247217,0.0422485582530499,-0.184357758611441,-0.148364493390545,0.107143891509622,0.128250254876912,-0.149822777369991,-0.180938109196722,-0.113902951497585,0.25940487831831,-0.197008048184216,1.42904694308527,0.904685459565371,-0.62127155601047,-0.96292235632427,1.35031580063514,0.868794187204912,0.19282620633021,1.11818676930852,0.918996311724186
0.247386230621487,0.345549955964088,0.0253722388297319,-0.0314578802790493,0.34803062514402,0.117941269604489,0.134834995307028,-0.152612332720309,-0.00957264988683165,0.250795588083565,1.19267406826839,0.845077963080257,-0.447252652142197,-0.436386683257297,-1.1898346405942,1.28845932497643,-0.939723865594715,-1.4020933653228,1.44010324543342,-1.01542675145902
-0.0613630311563611,0.158996276091784,-0.183395641157404,-0.0290941460989416,-0.140727081336081,0.295414742734283,0.0884976510889828,-0.161876707384363,-0.176642369152978,0.193057081243023,0.986352479550987,-1.26664402149618,-0.906970325158909,-1.18004343216307,-0.780338483629748,0.0136586332228035,-0.254533081781119,1.13771689357236,0.787136024795473,0.172869010828435
0.415013284189627,-0.384340096730739,-0.31565474672243,0.160392673220485,0.0867674506735057,-0.232439411384985,-0.0754743159748614,0.0929316708818078,-0.00642680958844721,-0.195863749505952,-1.35857022833079,-1.22854783013463,-1.11091335886158,-0.393833101959899,1.48913461714983,0.634386162506416,-0.480324251577258,0.170982659328729,-0.480505253188312,0.772272153524682
-0.120650368509814,0.160363564267755,0.141910434234887,-0.00783158256672323,-0.126397310290486,0.154586592921987,-0.297496560635045,-0.175768420659006,0.00207517971284688,-0.164100295258686,0.134831692557782,0.969000692479312,0.291215996257961,-1.21938414196484,0.0322276200167835,0.897965355310589,1.05674955504946,-1.13679091678932,-1.04615079145879,1.03528190008365
0.422227467875928,0.181877940660343,-0.128867006860673,0.156668718904257,0.439717847853899,0.230184249021113,-0.0492144651710987,0.141390323638916,0.141524793533608,-0.290921544190496,-0.0661624821368605,0.342921247472987,0.458438333356753,0.694274463225156,0.645566611317918,0.0352157643064857,-1.29612952633761,-1.21752494713292,-0.9746526600793,-0.808136491337791
-0.437547976383939,0.0632785030175,0.28182832361199,-0.465190899325535,-0.196873412001878,-0.0710751615464687,-0.129397579701617,0.22301550633274,0.257437979383394,0.221271304506808,-0.433276983909309,-0.115746417548507,-1.29407333931886,-0.730978312902153,0.231209364021197,-1.00222888123244,1.18681008461863,1.13474360760301,-0.485597897088155,-1.34377949684858
0.20840053469874,0.116245838813484,0.46739030117169,0.158094870857894,0.348900220356882,0.123623429099098,-0.245817466685548,0.00172829255461693,0.251757675642148,-0.203057933086529,-1.16431347699836,-0.0516284254845232,0.572474226588383,1.38042274815962,0.517039168858901,0.920468667754903,0.524920395109802,-0.578143164049834,1.04557191906497,1.14253708091564
-0.368465009843931,0.300059546018019,0.264822612982243,-0.464638657867908,0.4868579946924,0.0192198630888015,-0.163058094028383,0.0116059484425932,0.107019262108952,0.149193250900134,1.16937062353827,-1.49109471892007,-0.269444004166871,1.32720085722394,0.327485722722486,-0.113958785310388,-0.311904777539894,-0.0409923708066344,0.239884552080184,0.309312357567251
-0.359255111310631,-0.157394521636888,-0.348413250409067,-0.317688823677599,0.0514488776680082,-0.206528940657154,0.0991470695938915,-0.115363948652521,-0.122120484150946,-0.0341033133678138,-0.556744461413473,0.121229264186695,1.36809032130986,-0.309550365898758,1.23865108774044,-0.586969275260344,-0.0572421380784363,0.152943885885179,-0.903589311987162,-1.09685179498047
0.349131023511291,-0.401023958576843,0.422393486136571,0.152091250987723,-0.243965091882274,-0.159657465526834,-0.119233182957396,-0.0871983161196113,0.169745143130422,0.0229661646299064,0.0415443631354719,1.24578062910587,-0.00502133974805474,-0.0591210150159895,0.787526569794863,-0.806085258023813,-0.101456005359069,-1.11698558181524,-0.845418741926551,-0.76590285776183
0.338327378034592,-0.242988619487733,0.187271168222651,-0.198955435073003,-0.286125624319538,-0.00461769704706966,-0.141327062621713,0.247374998079613,0.033150719711557,0.261073610046878,0.31345551344566,1.33990678586997,0.250045555410907,-0.214291436132044,0.680774668464437,0.0608873411547393,0.874615678796545,-0.270355910528451,0.245440461672843,-0.214751497842371
-0.132301027653739,0.261128548998386,-0.179163263645023,-0.201725435908884,-0.0880107712000608,0.153555165370926,-0.17259125886485,0.274012435041368,0.137321853451431,-0.074929895857349,1.45535972365178,-0.949678146047518,-0.0673555203247815,-0.492489238735288,-0.321749299066141,-1.02824759460054,0.83252665749751,1.38835964701138,-0.634674390312284,1.09979188512079
0.391160280210897,-0.394648032030091,-0.303005423862487,-0.3632086974103,-0.0334565369412303,-0.138531843619421,0.275561108300462,-0.122670353623107,0.0690606749150902,-0.145815863460302,0.932171826716512,0.322019983548671,-0.71081788209267,0.595254113199189,0.0194661640562117,-1.19594832672738,-0.408114933175966,0.866041645640507,-1.46736667561345,-1.46175835677423
-0.00137959490530193,0.0183125173207372,0.383314982522279,-0.0361975620035082,-0.0584843878168613,-0.238277623197064,0.00837299362756311,-0.0154831612017006,0.222592552285641,0.0590415615588427,1.32540415646508,-0.769829157041386,1.18781467177905,0.272302182856947,-0.621354553615674,1.2332227891311,-1.08840802218765,-0.420103139709681,1.44715778692625,-0.840431849705055
0.113195400685072,0.13424052670598,0.0158339899498969,-0.465130974305794,0.209582766517997,-0.141558873094618,0.258091308781877,-0.223591479985043,0.159076220635325,0.0691744863521307,0.605691968696192,-0.0877515748143196,-0.389800277072936,0.0203234916552901,-0.066460576839745,0.74105498380959,0.925742249004543,0.285545462742448,0.802671742625535,0.395262023666874
-0.218007104471326,0.0661082270089537,-0.167619023006409,-0.115274957148358,-0.125798960449174,0.237478872109205,-0.155575562780723,-0.104003856377676,0.174587670899928,0.23623010138981,-0.339482765179127,-0.304912109859288,0.335701533593237,-0.376359942834824,1.15601324290037,-1.33719525625929,1.26719806389883,1.4734730233904,1.10405348916538,1.39380013849586
-0.0554793190676719,-0.161351256305352,0.22364093340002,-0.00953141087666154,-0.101282344199717,-0.133677297038957,-0.0285188157577068,0.0523623857181519,0.0371123435441404,0.249025043332949,1.26258642110042,1.1579267475754,0.332895199069753,-1.22197557217441,0.961862116819248,-1.39962744363584,-0.27008627098985,1.33316387655213,-1.28192144539207,-0.140495839063078
-0.434524014825001,0.109650677070022,0.207411000039428,-0.120856191264465,0.0804544487036765,0.110195970721543,-0.0108517875429243,0.0533231990877539,-0.239460300793871,-0.0544735327363014,-0.128264972241595,0.0373916616663337,-1.46256118174642,1.11977585870773,0.215598530368879,-0.0721877412870526,-1.12102587847039,0.0951033756136894,1.24758311896585,-0.114307814044878
-0.0475911824032664,0.112283007940277,0.318240536609665,-0.192724167834967,-0.00744903972372413,0.238512695208192,-0.171324556320906,0.152982120774686,0.0919792878907174,0.224841259326786,0.531904361676425,-0.155158268753439,-1.12496924260631,-1.36661480600014,0.804565462516621,-0.354766349075362,-1.07121767126955,-1.23838908690959,-0.955700896214694,0.399716886458918
-0.437280409503728,-0.127401314442977,0.0634945067577064,-0.301307583227754,-0.364688707748428,-0.110266634216532,0.0752125593367964,0.0655726068187505,0.110910497233272,-0.0609185406938195,-0.0511720161885023,-0.383030346594751,0.209480517078191,1.11866560298949,0.822689862689003,0.806371987564489,0.869326400337741,-0.604048151057214,-0.14036083733663,-1.1901002547238
0.392031017690897,-0.0170368680264801,-0.466194848297164,-0.39866879559122,-0.0567166472319514,0.00351112461648884,-0.159898992162198,0.220262328162789,0.255596766946837,-0.227800926659256,-0.0896284631453454,1.02874538884498,-0.664107837248594,-0.419580824906006,0.978688443079591,-0.320371312787756,0.228826045291498,-1.07764515210874,1.35320705571212,1.10014021676034
0.364041485125199,-0.347329630283639,-0.457469497341663,0.216621188446879,-0.280746993143111,-0.187397153908387,0.0242313958704471,-0.222701928857714,-0.0896560795605183,-0.127324664499611,-0.34398801997304,1.32325975829735,-0.838377474574372,0.209345328155905,-0.779329154407606,-0.699842727044597,1.14583403198048,-0.0774500956758857,-1.10574044845998,0.0334135335870087
0.161703285761178,-0.099528968334198,0.0562566260341555,-0.45931556285359,-0.250316991703585,-0.0884875778574497,-0.283495029900223,-0.218380403146148,-0.274034832324833,0.200731244590133,0.338590466883034,1.17479024059139,-1.34478593152016,-0.234529440756887,-1.32907843776047,-1.49274887982756,-0.184738205512986,-1.22518190857954,-0.130455081118271,1.25115078734234
0.141865129116923,0.132056300062686,-0.041606321465224,0.471842641243711,0.320874971104786,-0.145351072819903,-0.100831550220028,-0.104596718307585,-0.0528400538954884,-0.0457569823600352,0.143382019596174,0.705161001300439,-0.759481939254329,-0.495861953822896,-1.2171513363719,-0.361428848700598,-1.13962237187661,-1.08277187403291,0.985399547265843,-1.02134941820987
-0.24466889933683,-0.176741038216278,0.224067831179127,0.326841181144118,0.244151429040357,0.0876797722186893,0.165196889592335,0.200424055382609,0.175249866815284,-0.165252891741693,0.118250458035618,0.388375021051615,0.649992469232529,-1.31639262917452,-1.2849124444183,-0.142257658531889,0.683402535505593,-1.49302711850032,1.07613253011368,-0.614420340629295
-0.439034666167572,-0.164814053568989,0.480989499948919,0.43802910274826,0.0121907657012343,-0.121626957133412,0.216227321326733,0.00406747064553203,-0.145834630401805,0.29696599538438,1.05088914837688,-1.05254068295471,0.162108148913831,-1.01885762508027,-1.24875180842355,0.0018891126383096,-0.954101312672719,-0.273595360340551,0.323747395304963,-1.18779301852919
0.183213551295921,0.112091616960242,0.0898749087937176,0.469213160686195,-0.391695456346497,0.129755180468783,-0.115792998438701,0.231692372448742,0.221504318900406,-0.0249302920885384,1.06240510172211,0.373080900404602,-0.897605948382989,0.18989287968725,0.352476557018235,1.44583881553262,0.745877711568028,-0.146213423693553,1.33416748442687,1.31989977671765
0.21702384040691,-0.0502893254160881,-0.220918643055484,-0.427590347826481,0.489115920383483,-0.0600767288357019,0.159956596512347,0.0450203478801995,0.0839716295711696,0.0659100713208318,-0.700199401471764,1.35734994686209,-1.08351607806981,-0.53529334673658,0.707937382394448,-1.1840013123583,-1.26340338005684,0.561998213874176,0.507611962035298,1.28457910241559
0.340414593461901,-0.170298500685021,-0.21210101316683,0.172023723833263,0.481801100540906,-0.268133847881109,0.158078785613179,-0.0475118726491928,-0.223264799499884,0.191762489872053,-0.626600197982043,-0.5216991933994,0.343102034647018,0.996666037011892,-1.03194174170494,-1.37940229126252,0.123216648353264,-1.26192546123639,1.08403172297403,1.0717117076274
-0.422571009490639,0.437460153596476,-0.456851258408278,0.358348592650145,-0.37968463730067,-0.157372297346592,-0.112385606020689,-0.0662230244837701,0.0799560310319066,-0.0199896734207868,-0.600866502849385,0.221985310083255,-0.895386160584167,-0.45887098275125,0.0322757265530527,0.600990782724693,-1.13700605020858,-0.973996164975688,-0.748515133978799,-1.18750001722947
0.359127256087959,0.144327199319378,0.484172286000103,0.131687885848805,-0.0318880395498127,-0.094214619230479,0.0921225329395384,0.197655832814053,0.164689274551347,0.0379325384739786,-0.463798857992515,-1.16357282968238,0.176744348136708,0.460187473101541,1.04055918892846,-0.703388119814917,1.12517387000844,0.542727668071166,-1.19184664660133,-1.0742210817989
0.0607705879956484,-0.178607666632161,0.268395659979433,0.255112610058859,-0.437005801592022,0.230174889368936,-0.198890807898715,-0.142286341125146,-0.282660256465897,0.210234535206109,-0.071187354857102,-0.884970512939617,0.909288501832634,1.28461443143897,-0.734559698961675,1.46190643915907,-0.998127895407379,0.179585839854553,1.13785761944018,0.445385336643085
-0.0574370063841343,0.20260724099353,0.00802260939963162,0.133680300088599,0.195048591122031,0.260575604159385,0.190214453358203,0.0666351296938956,-0.120264157745987,0.226115424279124,-0.182012386154383,1.27615354000591,-1.3230104141403,-1.31888968893327,1.10372001165524,-1.03640788164921,1.17185541987419,0.763077961513773,1.00951425894164,-0.392348797526211
-0.333910841727629,0.281836011679843,0.126210720743984,0.132894145091996,-0.380867395550013,0.0131436260417104,0.296297344425693,-0.209464135905728,0.0911347994115204,-0.0251898192800581,0.492024518782273,0.565829921979457,-0.14411042095162,0.0950775886885822,0.77324097440578,0.252521020593122,-0.943713409127668,0.660286089638248,-1.37510114000179,0.225646505830809
-0.376341780181974,0.128458226332441,-0.397193715907633,0.367416322929785,0.249648924218491,-0.0922373219858855,0.0719167208299041,-0.069465619744733,-0.277110230131075,-0.283513844618574,0.302886611782014,-1.20671074208803,-1.48256177036092,1.29660934698768,-0.24591173697263,0.382296619238332,-0.782823242945597,-1.35534355812706,-0.875196523033082,0.532287497073412
0.206744927447289,-0.238891212735325,-0.225074474466965,0.39741742098704,-0.103965556714684,-0.259718293463811,0.278144149202853,0.241893725423142,-0.105769604723901,-0.18429207005538,1.13640120648779,1.00061797094531,-0.558190011419356,-0.352319005178288,1.4806585307233,-0.67489383299835,1.09899698384106,-0.651522309053689,0.642103750258684,-0.0370606805663556
-0.335856430465356,0.012931389734149,-0.316897017881274,-0.233843568479642,0.42902465723455,0.254057230101898,-0.0706862730905414,-0.222206815425307,-0.268336729472503,-0.0365058069583029,0.224939255509526,-1.39062974997796,-1.02539451909252,0.860432444605976,-0.649708889890462,-0.776211234508082,-0.377567185554653,-1.29761689575389,-0.613486123736948,0.0855794157832861
0.103246844140813,-0.0508277891203761,0.00276479707099497,0.206325676292181,-0.0361854385118932,-0.0915233799722046,0.110085080936551,-0.0283240351360291,0.0452111673541367,-0.266370919626206,0.988620078423992,-0.498674621572718,-0.487012307625264,0.777772907400504,0.843369751470163,1.21278407983482,0.999989645322785,-0.261974995722994,0.914904017932713,-0.430172936059535
0.15081451414153,-0.204975045984611,-0.19898854708299,0.487693975213915,0.188126888126135,-0.277562728291377,0.09144177432172,-0.0386483393143863,0.247425277484581,-0.0686277898494154,-0.580462653888389,-1.399305582745,1.28773814882152,-1.10167524777353,-0.721395862754434,-0.718389414483681,-1.21982383914292,-0.660816919757053,0.652213538764045,0.985561637906358
-0.406625424977392,-0.0508787094149739,0.28853597631678,0.162426504073665,0.0922668392304331,-0.0270199330989271,0.227389207994565,0.226072621392086,-0.081242633331567,0.0806735790800303,0.0467718467116356,-0.413475894369185,-1.28055999870412,1.39593306253664,-1.20750912325457,0.641105075832456,1.3224412703421,1.15308531490155,-0.965343040181324,-1.21935858833604
-0.225940052419901,0.417243775911629,-0.00282377796247602,0.200023740762845,0.178889350034297,-0.262441291473806,0.137960194190964,-0.0923800643999129,-0.135523536242545,0.294406839134172,-0.470646355301142,-0.431542763253674,-0.446933516068384,1.25612553558312,-0.985194431617856,-1.03301092679612,0.392834288533777,0.150129042332992,-0.630237467586994,0.51528335781768
0.34827459603548,-0.0996563292574137,-0.214369352441281,-0.249739025719464,0.0602616805117577,0.0665772712323814,-0.0108344974927604,0.0274574298877269,0.152810049941763,0.157511692307889,-1.16314848605543,-1.37410318222828,-1.15372931747697,-0.389124160632491,-0.622450617374852,-0.124109302880242,-0.0969066771212965,-0.510550723643973,-1.31227026879787,0.599796463502571
0.300397371174768,0.0723384972661734,0.214954088907689,0.204989342950284,-0.0952169275842607,0.148027677694336,-0.0936000325251371,0.261112886248156,0.29046130059287,0.203782361280173,-0.867370956810191,-1.05378840398043,1.25145364855416,0.0239713867194951,0.258925534319133,-0.0669687332119793,0.542745808605105,-0.0341635358054191,1.08653792669065,0.854126432910562
-0.291442309971899,-0.390911842696369,-0.394453836139292,0.347229312174022,0.49558167764917,-0.106491099670529,-0.283461069362238,0.148323165625334,0.0804404944181442,-0.0308119023218751,0.512573469663039,0.561381180770695,-0.0252491924911737,0.351566939614713,1.11052580550313,1.16147155221552,-0.741989964153618,1.47842561337166,1.36284724320285,1.37372371391393
-0.48955183243379,0.114026117837057,0.392040495993569,0.294202363817021,-0.0917423712089658,0.18447442422621,-0.143476928025484,-0.232842445001006,-0.0325244532432407,0.0313162987120449,-0.129917701939121,-0.976254491368309,-1.14995242352597,-0.0136129413731396,-1.13893472892232,-0.139684485504404,-0.913046128582209,-0.99590479885228,1.49231238593347,-1.06507388711907
0.482102232053876,-0.168014750117436,0.217730571515858,0.112153861904517,0.450998689513654,-0.0845101018901914,-0.195641248812899,0.109064015373588,0.167026493512094,-0.171324348449707,-1.06849067425355,0.904955750098452,0.653084044111893,-0.146043985616416,-1.0533657995984,1.44491733214818,0.0167020289227366,-1.17954223765992,1.1137126442045,0.656871625687927
0.331169427372515,0.327363033546135,-0.197300226194784,-0.292537817033008,0.482916478998959,-0.0814108454156667,-0.115251742769033,0.156796079641208,0.204326042952016,-0.291687263315544,-1.02936068130657,-0.0125886288005859,0.952999922214076,0.603304093005136,0.919240129413083,-0.429408761439845,0.546228204388171,1.49237482552417,-1.33954614540562,0.0373039115220308
0.00596063816919923,0.334743181942031,0.346408535260707,-0.12411943427287,0.0901701361872256,0.0429731849581003,0.0079250833019614,-0.15504144304432,-0.0551729990635067,0.149282371485606,0.256555216619745,1.38988753664307,-1.48790562199429,-0.0217108894139528,-1.48335477593355,0.185289888409898,1.18010483169928,0.281948700081557,-1.35657965415157,-0.913071086397395
-0.185338477604091,-0.340936333639547,-0.435413962695748,-0.389322348404676,-0.489776199683547,0.274793862970546,0.0810876515228302,0.13868483514525,-0.244251842563972,-0.164976640976965,-1.16524293436669,-0.316544250352308,1.00382977863774,-1.31285580061376,0.431328983511776,1.48949111485854,1.40080313757062,-1.4768991402816,-0.545514416182414,-1.37318532471545
-0.121124991215765,0.209900451125577,0.493467871798202,0.322232691803947,0.198456639889628,-0.161188801378012,0.221847483096644,0.0875871978700161,0.278173566889018,0.224013369809836,-0.493801896460354,-0.680863791843876,-0.901926008518785,-0.835793831851333,-1.11274826712906,-0.749547836836427,1.33374096569605,0.316762058995664,0.706636826042086,-0.111631155945361
0.438377616694197,-0.0222020267974585,0.298699904931709,0.0648904955014586,-0.416468987241387,0.150305991573259,-0.198913009325042,-0.214946125634015,0.116575190937147,-0.0971540610305965,0.344386058393866,-1.39724730374292,-0.560232951538637,0.871060933219269,-0.322548928437755,-1.47130637476221,-1.15226008370519,-0.843603296438232,0.934034637641162,-0.601947189308703
-0.276411415310577,0.387910736259073,-0.29672980401665,0.456028821645305,-0.088797640055418,-0.127854925906286,0.21692359149456,-0.293921948270872,0.227374707441777,0.0871840457897634,0.413854804588482,0.311731719179079,1.05597253935412,0.660530107095838,-0.637302839197218,-0.77805659500882,0.296806066296995,-1.22339856089093,0.826632357900962,0.472933289129287
0.299596360418946,0.329022479942068,-0.450367408106104,-0.094648344675079,0.27671694336459,0.0204085795674473,0.216889542387798,-0.0384095344226807,-0.250398611230776,0.146154191438109,0.550949075259268,0.244307049550116,1.22546097496524,0.632266058586538,0.369548342423514,-0.522745787864551,-1.37163324840367,-0.0950269752647728,1.39257668168284,-0.0372398381587118
0.203941080719233,-0.465994589729235,0.382682948373258,-0.147769209928811,-0.356871966505423,-0.160389978066087,-0.186278099287301,-0.0877557418774813,0.175506367301568,-0.219343409640715,0.772468790179119,-1.1070106679108,0.226561562390998,-1.2109856181778,0.465139704057947,0.784367396263406,-1.46454590535723,1.4961193324998,-0.0974986427463591,0.887091346085072
-0.472412356641144,0.48842290090397,0.285119820851833,0.040176042355597,-0.194117371924222,-0.241887515271083,-0.21112233325839,0.029007069580257,0.100992539757863,0.145753261260688,1.16974976914935,1.36670774244703,-0.557300011161715,-1.3161199009046,0.302943760994822,-0.0945239039137959,0.341160657349974,0.242109848884866,-0.255991260521114,0.205064250854775
0.222253907704726,-0.308531315997243,-0.281433350173756,0.452203996945173,0.0159813528880477,0.0839630184229463,-0.0835457442328334,0.224988087220117,-0.19311712696217,-0.128609801083803,0.901801170548424,1.07334282179363,1.05203248676844,0.873085972387344,-0.89945153449662,-0.0726743903942406,0.211535161128268,0.478456523967907,1.3211317663081,1.40702995774336
0.420025218511,-0.257700461661443,0.120599087560549,-0.499023956013843,-0.363171875011176,0.0281425871886313,-0.196349477302283,-0.139232600620016,-0.198304816056043,-0.166330681415275,-1.32534522959031,0.296128925867379,-1.31112000485882,0.890179804991931,-1.20261959801428,-0.00373889179900289,-1.4919620314613,0.45654097571969,1.47642212058417,-0.91604240052402
-0.259010563604534,-0.272290744120255,0.0286738579161465,0.0308082967530936,0.374731884337962,-0.211210457934067,0.037047971226275,-0.159371081739664,0.123472729045898,-0.101333566289395,-1.48603965039365,-0.41616643499583,0.727439571171999,-0.0712859777268022,1.22736587910913,0.357544808182865,-1.02092020679265,-0.924144653370604,-1.40056455088779,1.01080270553939
0.226185965584591,0.0288087886292487,-0.124999300111085,-0.355818916577846,-0.470442984253168,-0.260375672159716,-0.0702513844706118,-0.227032173424959,0.149469123780727,-0.158219261001796,0.647876035887748,0.821112977340817,1.44787377677858,0.847415962954983,-0.932195781497285,-1.35929442686029,0.518156929174438,-1.07193113467656,0.164084890158847,1.34276721719652
0.213007517624646,-0.276766948634759,0.103055576561019,-0.230677969520912,0.0687155118212104,-0.270165270008147,0.263374374294654,-0.164971220400184,-0.0696386114694178,0.0724113488104194,-0.294339115032926,0.254009243566543,0.486053067957982,-0.587948618922383,0.939130148850381,-0.514240352902561,-1.28263807436451,0.514755257405341,-1.15862876479514,-0.34355700854212
0.20998895354569,-0.326277210842818,-0.102040476864204,-0.131844602758065,0.206162381451577,-0.291660480480641,0.0654914846643805,-0.0648895469494164,0.20850351350382,-0.039202125929296,-1.2489004090894,1.25270112371072,0.561486159916967,-0.486897682305425,1.01750503317453,-0.580345171736553,0.459027549717575,0.263211188139394,0.508048824034631,1.10250237956643
0.349569858517498,-0.156167428707704,-0.1281330245547,0.314685617340729,0.0641212346963584,-0.278666509129107,-0.109817626699805,0.182998018618673,-0.0355247849598527,-0.216839462192729,-0.825536743970588,-0.422174841631204,1.03809131425805,0.559169088257477,0.214007101021707,1.28389410045929,0.229558622231707,1.0979115748778,0.843374573159963,1.34249882516451
0.36236638459377,-0.244016936980188,-0.349922837689519,0.320170863065869,-0.0684262556023896,-0.0704704524949193,0.0799302112776786,-0.169214117294177,0.10573728075251,-0.0614937680773437,-0.43208506051451,-0.991697425721213,0.808111948426813,1.41935043758713,-0.4275228374172,1.33102452498861,0.977346614934504,-0.844960818998516,-0.305065038381144,-0.2070292099379
-0.391314201289788,-0.49619254632853,0.0664714546874166,0.143559827003628,-0.131055901525542,-0.170780809829012,-0.149954772368073,0.038460300816223,-0.0313748042564839,-0.146433476032689,0.130268689943478,-1.46431134687737,-0.856826505856588,1.04903684207238,-1.47640826879069,1.24367500562221,0.63996598077938,0.70644934521988,-0.868166613858193,0.581953448010609
0.434747242601588,0.0372531113680452,-0.271857551764697,0.252562314504758,0.250022016931325,-0.0305347414221614,-0.0291249772533774,-0.0681098938453943,-0.125920079927891,0.277605530200526,0.341192336753011,-0.651115926448256,0.556435211794451,-1.38870463147759,-0.595608179457486,1.39251026208512,-0.0803224893752486,-0.905948398634791,0.234639618778601,-1.26824188744649
-0.106979760108516,0.499045511707664,-0.00467442721128464,0.0347031936980784,-0.322150371735916,-0.195895402226597,-0.289181528706104,-0.0973650150932372,0.221792371803895,-0.181537498673424,0.182074967538938,0.309951315633953,-0.265154126565903,-0.23747644177638,-1.25513165420853,0.0594176687300205,-0.882803564658388,-1.04613004554994,0.207979117752984,-0.913204146316275
-0.45016430853866,0.328311065677553,0.00229114037938416,-0.483386368956417,0.229940006043762,0.298900521034375,-0.0375123177655041,0.0565835754387081,-0.0113662126008421,-0.0390361385419965,-1.26226924289949,0.208386186277494,-1.48207733687013,-0.952999157365412,-0.0618481391575187,-0.750852971803397,0.918489184929058,0.277156305732206,-0.0300275443587452,0.416325770784169
0.259614616865292,-0.114524508127943,0.241835652617738,0.00851992354728281,-0.0772611505817622,-0.160486508673057,0.0895140906795859,0.0876071498729288,0.0213271038606763,0.0731575207784772,-0.482843412319198,0.341967462329194,-1.08630606997758,-0.137076694518328,0.134860329329967,-0.467258361401036,1.34531764383428,0.491077127633616,-0.640986804384738,-1.23341024969704
-0.0787275095935911,0.0582723107654601,0.00641937996260822,-0.256277350941673,0.492124926997349,-0.0917846517171711,-0.182999192364514,-0.202765121776611,-0.24930473822169,0.205111515568569,-1.30953645100817,0.0395369490142912,0.850314748473465,0.822300686733797,-0.0667860733810812,-1.39498897106387,-1.16386024234816,-0.253023035125807,-1.13264459534548,0.366009016754106
-0.294812357751653,-0.152229530969635,0.378859802149236,0.172642752993852,-0.304932561703026,0.121694046165794,-0.180245837057009,-0.29493042435497,0.236167096719146,0.164652566006407,1.4088655966334,0.792273734696209,0.273873775731772,-0.517646946245804,0.974764104466885,0.351115862606093,-0.515190392034128,-1.24237600481138,0.895576874725521,0.234205886023119
-0.31666434975341,-0.173009212361649,0.352270994102582,0.00975542073138058,-0.365127556724474,0.0245687660761177,-0.235050062136725,-0.203704066341743,-0.246315618278459,0.0556774604134261,1.24558864231221,-0.510174377588555,-1.04282135562971,-0.932867473689839,-0.330670009134337,1.44052185304463,0.0565275878179818,0.287736330879852,1.30402390379459,0.723326290491968
0.058385998941958,-0.386186846997589,0.26577172591351,0.498179974034429,0.0798930509481579,-0.257616150565445,-0.285887102829292,0.186834862735122,0.146805547596887,-0.244174360809848,0.13402492320165,0.767398003488779,1.13494337908924,-0.742902860278264,-1.4060652453918,-0.654043636517599,-0.858582253335044,1.19304424803704,0.739043817389756,1.18301138374954
-0.178521414520219,-0.498874077806249,-0.334062094800174,0.251915204804391,0.185581526253372,0.0379058221355081,-0.218448829371482,-0.0860152174718678,-0.0253474064636975,0.0837873760610819,-0.125042335130274,-0.808780169812962,0.446201588725671,-0.68839317234233,0.44288811692968,-0.496366545092314,-0.0339845158159733,-0.560560537967831,0.832957244943827,-0.133529533166438
-0.113464921945706,-0.0892431328538805,-0.171441040700302,0.267716910457239,0.116084747947752,0.113725833082572,0.177336342819035,0.274689247598872,-0.235652730055153,0.0641593155451119,0.179649703670293,0.420928553212434,-0.0115587639156729,0.0709390640258789,-0.0931656619068235,0.783040031092241,0.136689264094457,1.20586268417537,-1.49438295979053,0.618940107990056
-0.427293787710369,0.285645819734782,0.00576490839011967,0.0636678151786327,-0.310877910582349,-0.0472845671698451,0.106653344258666,-0.0734565134625882,0.209997405437753,0.158739046985283,-1.20542030828074,0.38084604148753,0.271574201295152,1.225068513304,-1.23749129567295,1.46851005870849,-0.169785866048187,1.08022836665623,-0.724644856061786,-1.23932989966124
-0.271487313555554,0.0502065506298095,-0.383866734569892,0.249042499111965,-0.280889161396772,-0.13674697461538,-0.297694487683475,0.186154975416139,0.184856611071154,-0.277568269288167,-0.28893165034242,1.39881889522076,-0.939694825792685,0.192431949544698,-0.778626830549911,-0.680648517329246,-0.551936475327238,1.42750455276109,-1.28907997277565,-0.868689990369603
-0.436978225363418,0.440990446368232,-0.337983487173915,-0.277821789262816,-0.227013184456155,0.273508859379217,0.136884598201141,-0.120157723641023,-0.000132918264716841,0.25743404799141,0.570294773206115,0.379061103332788,0.439041181700304,0.0942623480223119,0.0291770012117922,-0.109819630393758,-0.258192089851946,-0.787230501417071,-0.486282530240715,0.964637682773173
0.0105777226854116,-0.0766826893668622,-0.327170179458335,0.214557163184509,0.354475420666859,-0.00686619034968317,-0.16255256049335,-0.0221907289233059,0.272800411982462,0.0593060631304979,1.07946646213531,0.804134259698913,0.218081638449803,-0.0838913444895297,0.124582516495138,-0.905469205928966,0.39328537741676,-1.42489388748072,-1.2239604529459,0.428041165228933
-0.000520615372806787,-0.0650709124747664,-0.331265891902149,-0.088027446065098,0.235905033769086,-0.106752335233614,0.269267160398886,-0.294677150063217,-0.159491497837007,0.0387035521678626,-0.4063584075775,-0.553913804702461,-0.613605672726408,0.492137902183458,-0.182459205156192,-0.568763140356168,-0.308291675057262,-0.129160424228758,0.332491183653474,-0.642546938499436
-0.0692142168991268,-0.428974860813469,0.314986836863682,0.103513080393896,0.434210619423538,0.0270690401550382,-0.116529647028074,-0.295869914442301,0.168452615384012,0.271099766436964,0.393138413317502,1.33321227366105,-1.2589709199965,-0.0894251195713878,-0.652248351601884,1.08388772117905,-1.19267549319193,-1.21172001468949,1.47922143875621,0.591644100146368
0.378671272890642,0.0387942264787853,0.376882853452116,-0.0507545538712293,0.21370141627267,0.0660438590683043,0.00219836253672839,-0.0366508780047298,-0.0437688121106475,0.236538001522422,0.112651201430708,1.1043909767177,-1.45199048565701,0.0883256471715868,-0.389560823561624,1.45954581373371,-0.424875777214766,0.967303236946464,0.932615993544459,-0.499398717423901
-0.474877764005214,0.342984047718346,-0.416973682586104,-0.220506865996867,0.0981405957136303,0.0569483800325543,-0.270919909933582,-0.165728274732828,0.140197619050741,0.157970908842981,1.44746812339872,0.707750451983884,-0.213292904896662,-1.15289790183306,1.1884892731905,0.0254164771176875,0.228789074113593,0.865257496247068,-1.48289384809323,-0.9018099156674
-0.317077692365274,0.352437667315826,-0.302769981324673,0.490189503645524,0.0341232628561556,-0.209161806944758,-0.170414963364601,0.208535782434046,0.168298705900088,0.0390195299405605,0.91998581495136,-0.244475330226123,0.25151117797941,0.675569118233398,0.293575941352174,0.00291361659765244,-0.706773389596492,-0.22486990923062,1.00822043325752,0.953498764894903
-0.146473318338394,-0.0267297229729593,-0.244201504159719,0.333739187102765,-0.487236416200176,-0.20242335065268,0.165323456190526,-0.190139267686754,0.273390209348872,0.112082355609164,0.381033324636519,-0.614145608386025,0.121350281406194,0.668272302020341,-0.59043616312556,-0.166709187906235,-1.18474615411833,-1.15939382161014,-0.350632328772917,0.708977805683389
-0.373164630960673,-0.398872141493484,-0.117230110103264,0.407220502616838,0.4284055121243,0.280132092442364,0.2326299298089,0.0374348731711507,-0.130870052101091,0.0971001676283777,1.03626160905696,-0.834556062240154,1.04242990608327,1.33428771514446,0.978800032753497,-1.32988455193117,-0.693258075043559,1.11183536751196,0.500642123864964,-1.12347081117332
-0.257843557046726,0.344787750160322,0.352654773741961,0.269353133859113,0.476814780151471,-0.130938272271305,0.055634738272056,0.0494380928110331,-0.269719052547589,-0.225499232858419,-0.919825833057985,0.4883470851928,-1.14850067021325,0.219440998043865,0.0355088661890477,1.23130329768173,0.133559192530811,0.642135820817202,-1.4585927745793,-0.583260534564033
0.405289444606751,0.419322865782306,0.490959222894162,0.450514878379181,-0.0320996721275151,0.0781028678175062,0.25607799408026,-0.0970766615588218,0.153287091990933,-0.0145439077634364,0.519025474553928,-1.13580056559294,0.728887522593141,1.45141028612852,0.944491124711931,-0.455625268863514,-0.492300670361146,-0.67991212522611,-0.941137913614511,-0.513545551104471
0.48616796405986,-0.128644920187071,-0.235624287044629,-0.0467521976679564,-0.457197925774381,0.147640817100182,-0.064070643670857,0.0498391195200384,-0.151903140312061,-0.164629246434197,1.42998434999026,0.870542145101354,1.21641290048137,-1.11207613209262,-1.10312334098853,0.565957798389718,-1.37795885349624,1.18113434803672,-0.489932619966567,0.515713163651526
-0.283391042146832,-0.459538118448108,0.0631512654945254,-0.377821673871949,-0.394193522632122,0.243141124583781,0.000232463842257835,-0.131630894634873,0.214905751962215,-0.0667933258228004,-0.0734933651983738,1.13572452077642,-1.12823613337241,1.45096529158764,1.16984188766219,-0.595178562216461,-0.63571487297304,0.790611865231767,-1.02201939630322,0.180362641811371
-0.203402493847534,-0.451251428807154,-0.0418589648324996,-0.366331590339541,-0.190148435765877,-0.0181261859368533,-0.0360749793704599,-0.219675759505481,-0.271683901827782,0.0965324519667775,-0.463269008556381,-0.553064509062096,-0.493858170462772,1.39564836840145,-0.968923042528331,-0.63472613110207,1.19243298028596,0.476584475487471,0.462346761021763,-1.16901629883796
-0.419248003978282,0.0734293817076832,0.497105366783217,0.0611656794790179,-0.442410368239507,-0.195511599909514,-0.160870683146641,0.277692816127092,-0.253043253114447,0.0493394121062011,-0.981060851365328,1.27654461935163,-0.43312693038024,-0.109125972026959,1.0811465412844,0.972657714039087,-1.19289647927508,-0.233279686421156,-0.221573393326253,1.29172628629021
0.108263901202008,-0.255328436847776,-0.231793225975707,0.389877805719152,-0.118391531053931,-0.0207750247791409,-0.252468413254246,-0.149901493778452,-0.0416505133733153,-0.214104314194992,-1.03012784826569,0.116024751914665,0.452086861710995,1.39517146674916,0.489584958180785,-1.05416504759341,-1.3077981392853,0.144440804840997,-0.00911441305652261,-0.331275368342176
-0.287124685710296,0.119025081163272,-0.498332934221253,-0.48961940780282,0.192928162636235,0.278170606959611,0.106008620699868,-0.156193162081763,0.266015952732414,-0.126326807308942,-0.18279795628041,1.22923101251945,1.33828397747129,0.983873579185456,-1.42400869634002,-0.948829541914165,-0.0407000128179789,-0.845118386205286,-1.45502736093476,-1.24695099215023
0.147510561859235,-0.00623791990801692,-0.362958584213629,-0.35931380558759,0.146199491340667,-0.273430229723453,0.20394451757893,0.133467648178339,-0.0993774503935128,0.295382306165993,-0.693480988964438,-1.20178970438428,0.782823085784912,-0.668805874418467,-0.679924262920395,0.969501363812014,0.605963372625411,-0.189411012455821,-0.798895332030952,0.939017470227554
0.415083092404529,0.469656275818124,0.477040029829368,0.0603991609532386,0.267719526542351,0.289074995974079,0.29158592261374,-0.276958566438407,0.223889584327117,-0.201955747324973,0.156246814643964,1.11250409251079,0.762919722357765,-0.482689688215032,-0.108424872625619,1.426632899791,0.792515815934166,0.339654487324879,-0.808399021625519,0.40538484393619
0.052929037483409,-0.141028816346079,-0.122436268487945,-0.222340930020437,-0.295689527643844,0.26253728074953,-0.0641208915039897,-0.29006074341014,-0.0523549050092697,0.241250868793577,0.85808923188597,1.40570509317331,-0.149020179407671,0.428160707233474,-0.127287672366947,0.886174332350492,1.1956854457967,0.638748888624832,1.27178182080388,-0.589254467049614
0.366446488769725,0.115104308584705,0.395212549716234,0.446571622509509,0.341766519472003,-0.169670659583062,0.0645697713363916,0.0914817129727453,-0.0636902624275535,0.0286774911917746,-0.0860793571919203,-0.467236794764176,0.256370458519086,0.370774715440348,-1.40407115849666,0.481715739006177,-1.20933972392231,-0.972969814902171,0.524776622420177,-0.638727237470448
-0.400976486969739,0.310767274582759,0.103995211888105,-0.303002744214609,-0.112715571885929,-0.0130980096291751,0.265129763446748,-0.173392596887425,-0.200742032239214,-0.0159406337421387,0.478097138693556,-1.35204982641153,-1.12418645247817,-0.91084764408879,-0.485946013592184,-0.939377540722489,-0.45662346133031,-0.55971674923785,0.0549678881652653,-0.122679640771821
-0.0743720345199108,-0.243127929745242,-0.16436881897971,-0.427957504056394,-0.109222507569939,-0.0345507396385074,0.120540569582954,-0.129497040621936,-0.166440154099837,-0.25380382547155,0.404550567269325,0.892330344999209,-1.15650724363513,1.11798635241576,-0.134113014908507,0.460262156557292,-0.0884444823022932,-0.934411089168862,1.15807777200826,0.0626574747730047
-0.472456288058311,0.46387824206613,-0.233143866062164,0.0967673421837389,-0.0690806242637336,0.222535638324916,0.280945771979168,0.204419873049483,0.201931368699297,-0.0136921798344701,1.37266680621542,0.357757311081514,-0.330770301399752,1.20200711139478,-0.250039612641558,1.160305227153,-1.36087582097389,-0.0403104247525334,-0.786487243836746,1.38363695307635
0.144096452044323,-0.43996394565329,0.097568545024842,0.400632947916165,0.444237911142409,0.133646717341617,0.193455513194203,-0.152514309016988,-0.122838438721374,-0.2633318411652,0.75815163902007,-1.49857054674067,1.43087707646191,0.226914798142388,-1.20006660441868,-1.00668962392956,-0.121458389796317,0.0669474913738668,-0.801667347550392,-0.00211402215063572
-0.0770830879919231,-0.449658754980192,0.487026356160641,0.0425243321806192,0.222258870955557,0.0693727131932974,0.19605337777175,-0.242039012443274,-0.196688967011869,-0.0975214765872806,-0.790217891335487,-0.362090340815485,-0.267292065778747,1.01476644398645,-0.897655740380287,-0.33538853796199,-0.367289111483842,0.695405572419986,-0.531186490785331,0.985605971189216
-0.159606051631272,-0.0985516593791544,-0.480564757250249,-0.440417712088674,0.217460588552058,-0.242001215089113,0.192297394853085,0.0830861890688538,0.247656768048182,-0.299914482515305,-0.070928439265117,-1.39138590940274,0.253082294482738,-0.379347887355834,1.25407070922665,-0.760311728809029,0.430387317202985,-1.39592192717828,0.428406999679282,-0.46919745253399
-0.207429072353989,-0.186056702863425,-0.169675764162093,0.0316910978872329,0.435052033048123,0.262606112239882,-0.143901571026072,0.225254653254524,-0.297264427598566,-0.145978649100289,1.32315126084723,-1.25194348557852,1.05320201581344,-0.223309884080663,-0.557906655594707,0.789437068859115,-1.25516380579211,-0.510280072689056,-0.394713189918548,1.37553321872838
0.310733202379197,0.246586229884997,-0.251208296744153,0.0792287944350392,0.233781403163448,0.0222678744234145,-0.0758637288585305,0.249125106213614,-0.258239031163976,-0.245435538841411,-0.941342372680083,-0.667996320175007,0.920659661991522,0.784932396607473,-1.21136080124415,-0.647326755803078,1.45393569977023,0.996631514746696,0.791057862108573,0.84088912862353
0.187711614649743,-0.201623495901003,0.101339490851387,-0.276030499022454,-0.338944026967511,-0.268282866384834,0.0288376989774406,0.191542715393007,-0.175629860395566,-0.214521130593494,-0.636161068221554,-0.506452311063185,0.483970149653032,1.22752947849222,-0.206960966577753,1.13295212527737,0.192382089793682,0.770372830331326,1.49263606499881,0.939042516052723
0.471264668507501,0.072959839599207,-0.447461858158931,0.210684010991827,-0.432729292660952,0.049038017867133,-0.291534188808873,0.246535196481273,0.195767491310835,0.289805670920759,-0.108857200713828,0.683154660277069,-0.932164704194292,-0.000452135922387242,1.13073961366899,0.519709843676537,0.975525464862585,-1.13417177600786,-0.971076008398086,-0.68497335864231
0.0209989233408123,0.357585954479873,-0.188702011713758,0.0525095919147134,-0.223179654683918,0.0767533452250063,0.248852238245308,-0.128488892829046,0.255293271923438,0.253436334757134,1.44188773375936,0.884306119289249,0.870647803880274,-0.0350333496462554,-0.649674183921888,-0.880453039426357,0.973612861242145,0.804520520148799,0.726194637827575,-1.48117897915654
0.0825923322699964,-0.286437515402213,-0.474896354600787,0.384235625388101,0.0896142809651792,-0.194829273736104,-0.222276890370995,-0.224510616995394,0.282661846652627,0.237539144419134,-0.826717596268281,0.671906013507396,-0.983708273386583,0.821899267612025,-1.26347643043846,-1.08265445334837,0.357136351056397,0.950898780953139,0.0160917055327445,0.94200906297192
0.0692211035639048,-0.311477615032345,0.183574531460181,-0.277156097115949,0.129053541226313,0.274810816487297,-0.038710952270776,0.266931088780984,-0.129052812326699,0.288902618782595,1.37872542394325,-0.416899886447936,-0.310053569963202,0.0932805512566119,-0.300509284017608,-0.935824495973065,-0.0608410597778857,-0.595117954071611,-1.30610184674151,-0.250407152809203
-0.24932814296335,-0.39292414393276,-0.336926490999758,0.466856311075389,0.498053736519068,-0.0690772942733019,0.256268966104835,0.12748692012392,-0.221077788015828,-0.193860723171383,-0.221839324571192,0.1875730517786,-0.898482078686357,0.324895857833326,0.996240568812937,0.517704057041556,1.04131632484496,1.3547565350309,-1.20076810475439,1.24574616202153
-0.396701880497858,-0.170576143776998,-0.0994958905503154,-0.381204556673765,0.0192169037181884,-0.18881245306693,0.196342613361776,-0.282700547855347,-0.114839136460796,0.297597911674529,-1.46715435362421,-0.634677703958005,-0.908164325170219,-0.495739576639608,1.2192553547211,1.41942352848127,1.00380564434454,1.11121984594502,0.26818142621778,-0.490767080336809
-0.103415722958744,-0.0349062453024089,0.220537221990526,-0.486115371575579,0.293354761786759,-0.0910929633770138,-0.211182149732485,-0.131687591364607,0.0314137176610529,-0.259388721222058,-0.190978404600173,-0.285957604413852,-0.873387351399288,0.319188218330964,0.307502066949382,1.4975372669287,-0.0850587075110525,1.21156557742506,-0.650036998093128,1.39750306704082
-0.348446188028902,0.159809704171494,-0.22784727322869,0.14371625171043,0.201504075201228,-0.204027628339827,-0.128821915201843,0.203205927042291,0.223119000345469,-0.254198435274884,1.00025216722861,0.904408446745947,1.15737204859033,-0.9246535229031,1.08684683125466,1.31135549233295,0.149928839178756,0.978952609235421,0.89699803548865,-1.42818189086393
-0.447075017495081,-0.0313078821636736,-0.236393784172833,0.233433392597362,0.330645361216739,0.191675365297124,0.167211680486798,-0.0445101337507367,0.235209141019732,0.136076698685065,0.921033992199227,-1.27241860236973,-1.06848059501499,-1.35074882861227,-0.26736720954068,1.47441049315967,1.36286621633917,1.47747726528905,-1.47568334033713,0.158174254931509
0.0990622253157198,-0.40276986383833,0.0899420056957752,0.401646509999409,0.0627361803781241,-0.161138297058642,0.230815944308415,0.237053282093257,-0.122512407694012,-0.0240213492885232,-1.28160665044561,0.101632911013439,-0.35222927830182,0.53135614679195,-1.15056871483102,-0.730480378959328,0.214269423857331,-1.11447881441563,-1.27013308159076,1.09044716600329
-0.225238803774118,0.270880259340629,-0.461850716499612,-0.0646418912801892,-0.0149723903741688,-0.278854134678841,0.0319590914994478,-0.293979611154646,0.105636234674603,-0.241240277560428,-1.13957058708183,-1.03650338435546,0.797547623282298,-0.427681745029986,0.596949089784175,-0.092928878730163,-0.306832108413801,1.08069453598,-1.34922068333253,-0.0703045518603176
-0.318822292378172,0.384624642785639,-0.200008295942098,0.275226071476936,-0.31228439649567,-0.116588316578418,0.227384484792128,-0.248867460060865,-0.230557244550437,0.295319323427975,1.22711771260947,-1.387271175161,-0.187085271812975,0.99340172437951,-1.24872808973305,0.524441611021757,-1.26410539238714,0.133865409297869,1.15966492937878,1.06226432975382
0.295678491005674,-0.267322435975075,0.408939118962735,0.110649564769119,0.433307298924774,0.0112782855983823,-0.0879191455431282,-0.240629001706839,0.0538359998725355,-0.146146223880351,-0.992690798593685,0.610928117064759,-1.17064485163428,0.67963446630165,0.787938465597108,0.699109048582613,1.44525853777304,-0.379463420715183,-0.860770798986778,1.07710990332998
-0.111070179380476,-0.132429582066834,0.0174274609889835,0.0324042728170753,0.485226341290399,0.156877270108089,-0.0510233790613711,0.161702092224732,-0.154965469613671,-0.28780052815564,-0.725833807373419,0.671473526163027,-1.10043686977588,0.57327596261166,0.699762843316421,0.266749017639086,-1.42180593358353,0.38568500848487,-0.434600094566122,-0.354319229023531
-0.140865773661062,-0.308569017797709,-0.308124732226133,-0.438853590283543,-0.424910890171304,-0.0779432738665491,0.0286713511683047,-0.181270808586851,-0.235201264126226,0.247999662347138,-0.205137709155679,-0.523149512009695,-0.668006253428757,1.19841537368484,0.0511389265302569,0.74997039581649,-1.2513175662607,1.33597914199345,-0.73910208279267,0.578272392740473
0.194926924537867,0.288554425584152,0.317727340152487,0.212855144403875,-0.405825718538836,-0.0234973600599915,0.151258876081556,0.192462951969355,-0.187666652211919,0.0381448119878769,-0.0898571312427521,-0.338236494222656,-0.953954634955153,-1.13629153836519,0.414994369726628,1.31288111954927,-0.0713909093756229,-1.16994832665659,-0.947555073536932,0.114742980804294
-0.322942947270349,-0.0528688912745565,-0.410637994529679,0.334442297695205,0.110923186410218,0.0625893264077604,-0.141366041544825,0.296956879645586,-0.14543430567719,0.0367541722487658,1.00734262727201,-1.43797805649228,-0.0149502384010702,1.40142022725195,0.257466001901776,1.38514430844225,0.926018170081079,0.22096643736586,-1.06738082435913,-0.950422984315082
-0.367672893451527,0.001357929315418,-0.374769822461531,0.0302194007672369,0.483089911052957,-0.0729414654895663,-0.0379710900597274,0.287471001315862,-0.197729270160198,0.158506097691134,-0.314891123212874,-1.42320479499176,-0.196558493189514,-0.218268133699894,-1.20061435550451,1.42399055650458,0.696620621485636,0.64935777336359,0.0137331623118371,1.08623919147067
0.0819829818792641,-0.404669902054593,0.416253266390413,0.280904660001397,0.17919366969727,-0.212513521872461,-0.234752268204465,-0.145430156216025,-0.16822477360256,0.268970630178228,-0.623024082742631,-0.216567076044157,1.00220111268573,-1.05981616023928,0.46318639582023,-1.29779072175734,1.49366056825966,-0.0931798266246915,-0.951601251494139,-0.55251986766234
0.304442827822641,0.259742614114657,0.160859202267602,0.425451774150133,-0.148690435104072,0.0273470384068787,-0.134719759086147,0.146992947673425,-0.27926747999154,-0.00377468252554536,-1.08972059120424,-1.42218318488449,-0.325946856988594,-1.02497879764996,-0.997008580248803,0.893291059881449,0.513240678235888,0.153343163430691,-0.506736275274307,-0.807292331010103
-0.359315731795505,-0.305319796083495,-0.318382528610528,-0.14415346016176,0.469448436284438,0.127772069396451,0.200598924793303,0.248658470297232,0.0776207452174276,-0.169036748539656,-0.0751763500738889,-1.00217621563934,0.655259821331128,0.544528445228934,-0.276558291865513,0.853605327894911,-0.351152174407616,1.21421061968431,-0.915699201403186,-0.498154733330011
0.396772668231279,-0.02818100200966,-0.390732071828097,-0.0907251930329949,0.179951833095402,-0.00340659990906717,-0.163201828440651,0.0634389555081725,-0.156673288391903,0.136283940402791,-0.443054005969316,-0.910833257250488,-1.063451112248,-1.14511697064154,1.12843210855499,-0.696320123970509,-1.08687849948183,0.245594002772123,-0.00660808640532196,-0.840647540520877
0.0607820253353566,0.192465362604707,-0.235547626623884,-0.404277761233971,0.34509593131952,0.143196817114949,-0.0278201492037624,-0.244394970266148,0.117232229467481,-0.157728316728026,-0.932560304179788,-1.38116208859719,0.674509546486661,-0.81159768300131,-0.877972225891426,1.13008450367488,1.11081879213452,-0.193530229618773,-0.918208192102611,1.07142876950093
0.498871360439807,0.317434527212754,0.226090542972088,-0.334713079500943,0.136368477251381,0.00542783425189552,0.116949266614392,-0.0879191431682557,-0.159725489281118,-0.0288214996922761,-0.477106056874618,0.730952349957079,1.39678300498053,0.90439593535848,0.157945544226095,1.39839357719757,-1.04169020871632,-0.366841671522707,1.38564062747173,-0.747341393725947
0.0456959086004645,0.462948662461713,0.335494549246505,-0.452889730921015,0.373197296401486,-0.202259704051539,0.191147792525589,0.195246211951599,-0.240129478555173,-0.178938404191285,0.297776629915461,0.895164892310277,-1.22375438525341,-0.534348662942648,1.05123456032015,-0.107337398920208,0.946755459532142,0.66363816568628,-0.940990858711302,0.96545751253143
-0.0128299514763057,0.350712234154344,-0.0403413609601557,0.08539720880799,-0.281860534334555,-0.264616415463388,0.172276177816093,-0.152275816071779,-0.156410478847101,0.176686053536832,0.455080202780664,0.977761477231979,0.316102623939514,-0.16282361978665,1.19997129589319,0.139155996032059,-0.61245683231391,-0.747997423633933,-0.528653163230047,1.05159975495189
0.295507606584579,0.158649357035756,-0.167281463276595,-0.070413580397144,-0.207896903390065,0.278866603877395,0.223666933877394,-0.0737940765917301,0.21527880099602,-0.0277015997562557,0.128495147684589,1.25216097361408,-1.19175629736856,-0.389363271882758,-1.07710320828483,-0.701320119900629,-0.647358696442097,0.488152145175263,1.13125325320289,0.261083028512076
-0.351267973892391,0.217063972726464,-0.208551825722679,0.433372661471367,-0.433112740283832,0.0455314095597714,0.0308539361692965,0.21106677185744,0.0935147191397846,-0.0579924325458706,-1.03502895589918,1.35495522315614,0.196052064187825,0.481676907744259,-0.783473812043667,-0.0379742849618196,1.35936759808101,0.795450728852302,-0.120938045438379,-1.02031508926302
-0.44501773850061,0.310391392558813,0.0400196581613272,0.401048472616822,-0.152055493788794,0.12392259738408,0.112047623237595,-0.070389712555334,0.0207084329333156,0.137858898192644,-1.45871004858054,-1.46559379971586,-1.43563555274159,-0.484612230677158,0.95346422935836,-0.878910355037078,-0.131250113015994,-1.21743907034397,-0.504616064485162,0.340623758034781
-0.431521925609559,-0.374334117863327,0.44023069110699,-0.486943362513557,-0.246550535550341,0.279617445264012,-0.0103071514517069,0.197274012537673,-0.29765996192582,-0.0881362851709127,0.949268927564844,0.278230857336894,-1.26451296871528,0.22525878273882,-0.965723847504705,0.302647463511676,-0.939309218432754,-1.32877593068406,-1.30052122590132,-0.441828877665102
-0.207001749658957,0.287543933838606,-0.384768382413313,0.0716177381109446,0.0108728676568717,-0.0988516840618104,0.0605351673904806,0.155235307663679,0.205404099449515,-0.0386496854480356,0.723470001015812,1.06682115071453,-1.31370161217637,0.349281401373446,-0.93882884318009,1.48066794290207,0.0994360505137593,-0.90467749745585,1.34863142017275,-1.11863114428706
-0.260009591467679,0.373586577363312,-0.391440717270598,0.241024785907939,0.264257678762078,0.18693034267053,0.0655838515609503,-0.122964903758839,-0.261937854951248,0.00578849399462344,0.637458648299798,-0.897024822654203,1.15877606905997,-1.19650518056005,-0.376258094329387,1.44621689035557,0.462688856525347,-1.35705624707043,0.840444332454354,0.281367000890896
0.402017693500966,-0.106633974704891,-0.373063527047634,-0.428713098634034,-0.0608149382751435,-0.298058318439871,0.2143602413591,0.250718903588131,-0.134176779258996,-0.0518671662546694,0.0175733403302729,-0.801489194389433,0.0841919705271721,-0.73025041166693,0.575475190300494,1.19347221055068,0.940397233469412,1.47059315303341,0.000707866391167045,-1.10310596809722
0.156248562736437,0.213086016476154,0.189465762814507,-0.0874836365692317,0.318381442455575,0.0872243455611169,0.174619585974142,0.105093253031373,0.0908219608012587,-0.0437845812644809,0.610023936722428,-0.0734330811537802,-1.4206725731492,-0.475459720473737,-1.07560092397034,-0.246662826742977,-0.355959087610245,1.20363057218492,0.0297305609565228,0.816974925342947
0.19041552580893,-0.297068331157789,-0.406613837694749,-0.0742265935987234,-0.436723091872409,0.118259086506441,0.00335973864421246,-0.124674521572888,-0.285285910405219,0.17638217615895,0.193917589494959,-0.97979501914233,-0.232588507700711,1.35433551413007,-1.18727866862901,-0.77727913367562,-0.983581161126494,-0.300022878684103,-0.483965223189443,-1.22378855966963
0.0155350149143487,0.215703933965415,-0.184307377785444,0.16409008577466,-0.328873715829104,0.22047522123903,0.222437419742346,0.237333584530279,-0.195985381817445,0.136682092677802,-0.565177744952962,-0.526895163813606,0.830482081510127,-0.292143126251176,1.38037198944949,-0.352953613735735,0.578156111994758,1.10848754318431,0.374976598424837,0.28232012107037
-0.317015438806266,0.100506823509932,0.115703814197332,0.395391728030518,0.456147979013622,-0.188813111605123,0.217068331036717,-0.189447230519727,-0.103042442863807,0.235813766112551,-0.105187577661127,-1.18075854610652,0.00337707507424057,-0.299047178355977,0.22450192971155,-0.16138427099213,-1.40820750966668,-0.198803571984172,-0.07193523645401,-0.0328057827427983
-0.164447823772207,0.422561269951984,0.128274083137512,-0.00116746174171567,0.305918448138982,0.289578315569088,-0.193964356184006,0.042800279147923,0.0520575794856996,0.287898426828906,1.41972622903995,-1.22112895175815,0.329004482366145,1.38569763209671,1.35598394740373,0.514544108184054,0.92517480882816,-0.850847683148459,0.29927993263118,0.959666263544932
-0.105969119351357,-0.466300192754716,-0.389139687875286,-0.318562472006306,0.183386357268319,-0.0984251589048654,-0.169808474835008,-0.0196547213941812,-0.142017408739775,-0.111193649377674,-0.660221226979047,-0.533303622622043,-1.04590341635048,0.581517794402316,1.2211566127371,-0.755067414371297,-0.0894179097376764,0.995588907273486,-0.54038555896841,-0.878797956509516
-0.108790212543681,0.413186279358342,0.109088083263487,-0.485895443474874,0.138203610666096,-0.217087732069194,0.0557616624981165,0.175824284926057,-0.0226678846869618,0.109778771549463,1.13190046953969,-1.36030581663363,-1.01468594628386,-0.712812656303868,1.45337291085161,-0.993590699974447,0.501293408917263,0.119419652502984,-0.280831401469186,-1.06853315513581
-0.345355895580724,-0.0861421802546829,-0.358626428525895,-0.46823220513761,-0.162442699307576,0.17913232804276,0.180443358700722,-0.197295064525679,-0.0374011835083365,0.164711795188487,-1.05263966275379,-0.12995289475657,1.31768467579968,-0.097589316777885,0.315550598083064,1.20763487415388,0.534420734737068,0.600243447348475,-0.868317116517574,0.113645402016118
0.41043468634598,0.399758176878095,-0.46891383943148,0.0154986241832376,0.193707266356796,0.10529950177297,-0.289450613502413,0.0843835840467363,0.199416571995243,0.0347004654351622,-1.2869163248688,-1.31442771828733,-1.47226382768713,0.657903802581131,0.177418675040826,0.758402264211327,-0.284999727504328,-0.575295384507626,-0.744868951616809,0.774092454230413
-0.411972163477913,0.297263410175219,0.0285737533122301,-0.110895768506452,-0.126808416796848,0.142274900665507,-0.187255448056385,0.0528390461113304,-0.203863979782909,-0.066621768521145,0.785297884605825,1.11173377535306,-0.244920175289735,1.39607905782759,-0.0709833994042128,1.00117887952365,-0.37883881595917,0.0953187241684645,-0.66169535019435,1.41448483918793
0.378111069556326,-0.0925930016674101,-0.0526773782912642,-0.109413527883589,-0.0974220943171531,0.288841200945899,-0.154121291683987,-0.147040022397414,-0.138038166007027,-0.0774730131961405,0.0240027909167111,1.01200459641404,-1.01428487082012,0.253037047572434,0.937601086450741,-0.584439880913123,1.29679356445558,0.134479250293225,0.934754531364888,-0.293755858903751
-0.322781384689733,-0.0655820264946669,0.492866626009345,0.371121610281989,-0.0195940374396741,0.0357316446024925,-0.0475033898837864,-0.142299496242777,-0.020386817632243,0.153315777378157,0.775486365426332,0.411609738366678,0.753295045578852,-1.13124644709751,-0.872446483466774,0.686835419386625,-1.0590555598028,0.103860612725839,-1.24584623286501,0.849302435293794
0.0170227745547891,-0.18208049912937,0.333338010590523,0.368276158580557,-0.17930780723691,-0.194341901689768,-0.0219686288852244,-0.278171539306641,0.166772144800052,-0.235180627601221,0.12235646462068,0.853005472104996,1.07804255071096,-0.782279942650348,0.460682108066976,0.686015512794256,-1.01446403609589,0.796272733714432,0.761668714229017,0.551520667271689
0.435363536933437,-0.460315039148554,-0.260608173673972,-0.279091436648741,-0.449780791299418,0.24593214020133,0.283097467990592,0.180222577275708,-0.0269937425851822,0.0224034476559609,-1.12229425669648,-0.125315757002681,0.518380975350738,-0.439393153879791,-1.38635903550312,-0.0818929262459278,-1.21304843318649,-0.0533874775283039,1.20257722120732,1.03398596984334
0.269828594522551,-0.0101778821554035,-0.0728415129706264,-0.0872514282818884,-0.133701533544809,0.00149609008803964,-0.222752847941592,-0.284042727760971,-0.0528565725311637,-0.166606051381677,1.02663649292663,1.29279729234986,-1.17847016640007,-0.988871046574786,1.10887760831974,-0.146358369849622,-0.080270532052964,1.43997931899503,-0.43850726634264,0.581237262580544
-0.133800591807812,0.222565945005044,-0.461219911696389,-0.28448445093818,0.156099965097383,0.147000407287851,-0.0367636349983513,-0.0441071409266442,-0.149856691528112,0.0181917350739241,0.810811488423496,-0.792153424350545,-0.74037116789259,-1.23911684495397,0.741568702273071,-0.434023715788499,-0.0302253069821745,0.539812216535211,0.825713178841397,0.577842455590144
-0.324776733294129,-0.079211043426767,0.404621399240568,0.298003795091063,-0.495845790952444,-0.169241523882374,-0.216971734631807,0.156990728108212,-0.0968483339063823,-0.149595233984292,-0.826970246387646,-0.0482936552725732,-1.28563295700587,1.15788609534502,-0.684040612075478,0.174925417173654,0.554046356119215,0.585871275281534,-0.652191759785637,0.570755762513727
-0.146709467284381,-0.0217223311774433,0.117609550012276,0.243741929996759,-0.0322552556172013,0.0846606530249119,-0.232970803929493,-0.095711375400424,-0.193653062079102,0.230618586111814,1.21918598050252,-1.46021287073381,-0.13014231948182,0.375281231012195,-0.497814885573462,-0.507750240387395,0.336312181781977,1.40148267941549,-0.162330608814955,0.779602900380269
-0.0688557759858668,-0.341318804770708,0.317449939437211,-0.39510127576068,-0.185810630442575,-0.263998270360753,-0.0473691537044942,-0.21795006855391,0.238449033675715,-0.0239679333753884,1.22460366482846,-0.592214571777731,0.400849465280771,-1.3787518911995,-0.632206667913124,1.38896674965508,-1.28951062099077,0.60560991265811,0.0156895250547677,-0.0216429946012795
-0.358373613562435,-0.0504693167749792,-0.0489157317206264,-0.487668212736025,0.350337697425857,0.00170224551111459,-0.157778786402196,-0.143356386758387,0.165775907970965,-0.257244974328205,0.298818413866684,0.643909842241555,-1.06685668579303,1.02260809158906,-0.172603115905076,-0.616709708701819,-0.0897998353466392,-0.470981137594208,-0.921543691540137,0.985256568063051
-0.276601361576468,-0.443991416599602,0.352201430592686,0.0260775508359075,0.224767887964845,0.0506299326661974,0.0635794033762068,-0.201862740051001,-0.09913758658804,0.172792155202478,0.086084742564708,-0.107272818451747,0.785330703947693,0.982471319613978,0.0384978661313653,0.981701045064256,0.273332982324064,0.501531943213195,0.114341734908521,-1.19218502263539
0.324908797862008,-0.260398383019492,-0.115671403007582,-0.0910627688281238,-0.401593455811962,0.0580974562559277,0.193251253617927,0.278729536570609,-0.202062787441537,0.0429368601646274,0.913252136902884,-1.25238976604305,1.40528804599307,1.01874823775142,-0.434285382041708,1.15877842786722,-0.639709030743688,-0.928311983356252,-0.0082928838673979,1.1653731612023
0.395187359768897,0.261780113214627,-0.320511445170268,-0.00825379858724773,0.228853200795129,0.0141809383872896,-0.059382578311488,-0.194838523166254,-0.203380025178194,0.19186616926454,0.980588617036119,1.16569132986479,0.463711198652163,0.916262259241194,0.36782262660563,0.543374351458624,0.159221121808514,-0.195402554702014,-0.456631846027449,0.898936506360769
0.283947853371501,-0.350934394402429,-0.207589260069653,-0.249773631803691,-0.458858059253544,-0.0209719595499337,0.277940739691257,-0.126808023266494,0.277449802681804,0.193173386296257,0.994454189669341,0.921316745923832,-0.130836902651936,-1.20116375363432,-0.190469715977088,-1.21967338188551,0.11204601614736,1.17881800490431,-0.086563307326287,-0.117185697890818
-0.283120233099908,-0.222916552331299,0.151466483715922,0.354616861091927,0.0476359245367348,-0.205842464603484,0.0752654723357409,0.205930626299232,-0.118630410823971,-0.179599256906658,-0.266220366815105,-0.341900007566437,0.362019137246534,0.66134957363829,0.323304427787662,-0.526844627223909,-0.155808037379757,-0.068749982630834,1.3751259224955,-0.722476165741682
-0.386727031320333,-0.216130206128582,-0.34795781574212,0.38101060083136,-0.392489546677098,-0.0962764722760767,0.0108085327316075,0.214019424375147,0.192133774934337,0.290653460053727,-0.110319617204368,0.740104304160923,-0.765671668108553,-0.190495973685756,0.729446075158194,-0.393047038698569,0.745138693135232,-0.919947251910344,0.337584188673645,1.26242169504985
-0.230706219095737,-0.368407473433763,0.335039097815752,-0.441605780273676,-0.322987339226529,-0.291446054773405,0.290283116698265,-0.0290663923602551,0.156821837788448,0.0844959778245539,0.833004446933046,-1.40685784444213,-0.176880997605622,1.37414911645465,0.483224809868261,0.476611849386245,-1.49815883603878,-0.44537332188338,-0.09311761893332,1.00170163298026
0.400374307530001,0.00535885873250663,-0.13513589464128,-0.35594566934742,0.295479364227504,-0.140743449563161,0.130537740513682,0.143398678768426,0.16760056768544,-0.171211239695549,1.17781131598167,-1.18780785170384,1.19061484280974,0.735056593548506,-1.04229091177694,0.73735543875955,0.624615475768223,-1.08721063379198,0.898585966788232,-0.615095535758883
-0.298817043891177,-0.492739003617316,0.0137302093207836,0.226607708493248,0.328934283461422,0.268564753700048,0.203582751983777,-0.266672604717314,-0.212598937377334,0.254934382997453,1.33095394447446,0.0943059786222875,-1.04557153698988,0.287241611396894,0.42389883636497,1.06604521418922,-0.727035360876471,-0.2329762049485,0.722494232933968,0.826468532904983
0.170142162358388,0.310609401902184,-0.0357202906161547,0.0797466905787587,-0.275936261052266,-0.101010863156989,0.0681623669341206,-0.174346326850355,0.0989215315785259,0.282406040187925,-0.370369196869433,-1.41032140259631,-0.0888837198726833,-1.28015423496254,-0.496625001076609,-0.479636113392189,-0.643382613547146,0.579207801260054,-0.569448128342628,-0.178322819760069
-0.195270102238283,-0.00579387973994017,-0.381005190312862,0.0658472641371191,0.0510103777050972,-0.183831494254991,-0.104827624093741,-0.0793357827700674,0.0731881490908563,-0.192631397210062,0.45301216095686,-0.654998463112861,0.806958007626235,-0.401594385271892,-1.23472767742351,1.48948955931701,-0.676491469144821,0.165308907162398,0.29420435638167,-1.14383874647319
0.337345914216712,-0.274988979334012,0.482335452223197,0.13261432852596,0.384328367887065,-0.143562608258799,-0.0346529329195618,0.204146380769089,0.159100462077185,-0.116994842793792,-0.592940640170127,-0.495337656000629,-0.15950022591278,0.0555013145785779,-0.737110869493335,0.65364421508275,0.586302488576621,0.512008337303996,-0.39733415027149,1.32947219023481
0.163562814006582,0.126837488031015,-0.469095170032233,-0.0590020068921149,-0.278025354258716,-0.164475616067648,0.188626667484641,-0.10118188499473,0.246689957426861,-0.187438383232802,-0.830756540643051,-0.976481604622677,1.3582234242931,-1.45117031782866,-0.88845711085014,-0.657190330093727,-0.269605130888522,1.35632767737843,-1.16477923700586,-0.571764124324545
-0.172234534285963,0.32368417433463,0.170637469505891,0.0825925667304546,-0.191540983505547,-0.239661857904866,-0.0842214406002313,-0.108131426526234,-0.226376526290551,-0.166969920974225,-0.294328979216516,-0.552281245356426,-1.05423086718656,-0.297033590264618,0.90795749402605,-0.547053811373189,1.17673887312412,-0.16174498340115,0.622601120034233,1.12132447469048
0.20977966231294,0.252382417675108,-0.421836526365951,-0.0925282533280551,0.427044617943466,0.218291334668174,-0.184926830045879,0.288094712141901,0.120580130908638,-0.166019672015682,-0.473039948847145,0.330682101426646,0.564194088801742,-0.141502292593941,-1.00192584400065,0.276508073788136,-0.773559511872008,0.248300840612501,-0.665877543389797,-0.604135719593614
-0.0842998158186674,0.485171315958723,-0.280174738494679,0.494707279605791,-0.368277532048523,0.214690985530615,0.174840570800006,0.266882223403081,-0.104999678442255,-0.0257267262786627,-1.45872800191864,1.16693032463081,1.2689287068788,-1.03394172457047,1.1828702527564,-0.66206426708959,-0.979742631549016,0.869638518663123,0.296960747335106,-0.429439186351374
0.311157084768638,0.41254244139418,-0.264876462519169,-0.074207779718563,0.165081275161356,0.173209753492847,-0.259114747401327,0.0289578242227435,-0.0483321210835129,0.0308261998929084,-0.129847501404583,0.779455880401656,0.188453597249463,0.455783195095137,-0.805100939003751,0.983092452865094,-1.22830369323492,0.634298074990511,-0.0457348425406963,-0.367538016289473
0.42698641680181,0.19460463616997,-0.135859886417165,-0.472284076735377,0.113167898729444,-0.096820954978466,0.297171360114589,-0.196767317969352,-0.0795558939222246,-0.205301099410281,-1.11519789579324,-0.852842298801988,-1.11752064968459,-1.41015666816384,-0.465687895193696,1.20602246560156,-1.44759611436166,0.90263524884358,0.149976898916066,-1.08106232900172
0.4260718007572,0.335349588189274,0.0869773339945823,0.236900555202737,-0.273612230084836,0.193295776192099,0.267529051378369,-0.0578789436724037,-0.0783022033050656,0.142421856941655,-1.45147748314776,0.473214502679184,-0.295258861267939,-1.46263258857653,-0.749366289703175,-1.39123738068156,-0.915769764455035,0.620793499751016,-0.304999652551487,0.320025811437517
-0.0545493566896766,0.471352458465844,-0.0673395027406514,-0.334371922304854,0.0584021206013858,0.278660369245335,-0.110170722473413,-0.171065243566409,0.0572772289160639,0.0064759531058371,0.904172744834796,-0.560055390698835,-0.764924503862858,-0.738936203531921,-0.0891750894952565,-0.127769172890112,-0.706309120170772,-0.446075888816267,-1.07465304248035,-0.86763910506852
0.460165361175314,0.291260402882472,-0.222858445951715,0.277888061478734,-0.239645479712635,-0.0459905978757888,-0.094122874410823,0.046348474547267,0.157023930922151,0.0537073305342347,-1.00810099602677,0.658800256904215,-0.703599775442854,0.437626611907035,1.0260432427749,-1.29874585499056,-0.701471979729831,0.414469576673582,1.16250358242542,-0.45878719445318
0.147491541691124,-0.425022626062855,0.309381770901382,0.233298843726516,0.460774445673451,0.0589990426786244,0.0513789216522128,0.195632032072172,-0.284836088586599,0.0225576372351498,0.419764081249014,1.06000947346911,0.552621023962274,-1.42627834109589,0.864252848317847,0.21298488532193,1.30277967872098,0.0499800606630743,0.394834450911731,0.527941256063059
-0.089386853389442,0.0800651228055358,-0.163924083812162,-0.242720364127308,-0.00215230835601687,-0.283654793445021,-0.25411093365401,-0.12840581741184,-0.207467726804316,0.285287039866671,1.05842058314011,0.477324816863984,0.160533560905606,-1.06846535112709,-0.0133782508783042,-0.430215983418748,0.0256408243440092,-0.796212211484089,1.21416708827019,1.25648811436258
-0.0214765383861959,-0.125507963821292,-0.494276987155899,-0.129588852636516,-0.482842217199504,-0.0102380795404315,0.0357852608431131,-0.0459701715968549,-0.0824596390128136,-0.000148588931187965,-1.24271707213484,-0.435660660266876,-0.795615848852322,1.12886173208244,0.481520393164828,0.392905325163156,-0.189930433407426,-0.89686161861755,0.206044148420915,-1.03744418313727
-0.166648978367448,-0.187774288700894,0.243158988421783,-0.152759839314967,0.108994497451931,-0.242657706700265,0.0530027980450541,-0.0271868162322789,-0.103784904023632,-0.153679346200079,-0.0828628556337208,-0.841639021178707,1.19780821935274,1.40061900881119,-0.131124572362751,0.790279228705913,-0.597905958071351,-0.650498121511191,-0.88776170485653,0.527145493542776
-0.492851312737912,-0.0972168166190386,0.405825675930828,-0.00511206756345928,-0.394335944205523,0.159996971022338,0.152643703529611,-0.260610083816573,0.265857405681163,-0.173583383392543,-0.833708933321759,-1.23835332691669,-0.945014148484915,-0.0631246527191252,-0.891867104452103,0.479399293195456,0.546491697896272,0.250641671475023,-0.423919092630967,-1.40673869499005
0.0156249033752829,-0.3779961920809,0.0123007704969496,-0.315594927873462,-0.429506602929905,-0.170916608953848,-0.0125950219575316,0.238724624924362,-0.231933631002903,-0.0149134153034538,-0.713007803773507,-0.659548804862425,-0.265604334650561,-0.396416845964268,0.450755854602903,1.49019273812883,-0.286651818081737,0.894759873859584,-0.775848601944745,-0.808648434234783
0.0282951151020825,-0.244494285434484,0.167054961435497,-0.174527721712366,0.400098503334448,0.281883069360629,-0.0634286826476455,-0.174884390132502,-0.0468094758689404,0.01691232053563,-0.0254921747837216,1.13007175340317,-0.983683617319912,0.829481102060527,-0.746337374439463,-0.950960907619447,-0.421674539800733,0.185796103673056,1.49934262898751,0.491974642965943
0.0985936366487294,-0.202262236038223,-0.421497179428115,-0.00607482064515352,-0.354964906116948,-0.0285395717248321,0.140959834540263,0.259292150801048,0.144977227644995,-0.0993821987416595,-1.42743749404326,0.703135048504919,1.16587417759001,-0.690176220377907,1.2291408944875,-0.300334809813648,1.3016518636141,-0.0299281503539532,-1.1712687110994,-0.774535201722756
-0.480568928876892,-0.0527497711591423,0.0538093447685242,0.217674685874954,0.407006168970838,-0.278518324065954,-0.243012166069821,0.208311507292092,-0.193080406961963,-0.255840892810374,-0.746577384648845,0.31362982140854,0.276951540028676,-0.181834367802367,0.339744839351624,-0.336549866711721,0.407255360623822,-1.43702176655643,1.32052682270296,-1.19435160560533
-0.343400178244337,-0.490337203256786,0.418628764338791,-0.0273963832296431,0.112830232363194,0.062396408803761,-0.11865566954948,-0.113892353279516,-0.114280849741772,0.0653482964728028,-0.989011645317078,-0.86150586605072,0.89866350707598,0.98538911039941,-1.40006503555924,1.24278501165099,-0.248899150639772,-1.05786214093678,0.522249134257436,-0.984871996566653
-0.137957202503458,0.417183500016108,-0.058221731800586,0.192716456018388,0.0905517756473273,-0.175110126100481,-0.129236010694876,0.0660735928919166,-0.187212028540671,-0.0363673391751945,0.00171963195316494,0.007138169137761,0.929472387302667,-1.05531932855956,-0.809390602866188,-1.24668037821539,0.845153314992785,1.1737733760383,-0.714665815467015,0.0800028727389872
-0.381121586309746,-0.275789084844291,0.2467233419884,0.077065417310223,0.378636291017756,0.282487459760159,-0.262359380302951,-0.265632878663018,0.268927491875365,-0.129239147063345,-1.32341964100488,1.18571170745417,0.791341924108565,-1.43924752995372,-0.0545419924892485,1.35247684945352,-1.47465207707137,-1.13564307941124,-0.114519013557583,-0.909441400319338
0.242281504673883,0.0753133178222924,0.097366247093305,-0.222765633370727,-0.138881575549021,-0.0306502972729504,-0.180949765210971,-0.0378502080682665,0.014234005054459,-0.00713882949203254,0.902396977879107,-0.706242921994999,-0.15007758862339,-0.426400075899437,-0.443428580649197,-0.297300972277299,0.0449867632705718,-0.589892507297918,-1.39190813270397,0.32032148167491
-0.153461197856814,-0.191226699389517,-0.16579011734575,0.193802346242592,-0.211459304206073,0.0141033661086112,-0.148338644485921,-0.179360309801996,0.260523142945021,0.0891785914544016,0.487032575765625,0.312784634297714,0.830006792675704,-0.0520496251992881,-0.378752093296498,1.10775296436623,1.05341073009185,0.0889537108596414,-0.60224046651274,-1.15357630583458
0.246450059814379,0.234617297537625,-0.113805694971234,-0.0424988009035587,-0.43609025538899,-0.195780345518142,0.192624351801351,0.0898046142887324,-0.0546114597469568,-0.128285304643214,0.861919526243582,0.207070351112634,1.32912287930958,-0.952342437347397,0.898957777535543,-0.889642848400399,1.1667925666552,0.161801279755309,1.44462437764741,-0.835638953140005
0.365901856916025,0.238131364807487,-0.0160349537618458,0.407491186400875,-0.397372361039743,0.224789722496644,-0.146586451912299,-0.0592478868551552,0.0499836218543351,-0.145780261605978,0.154053677106276,0.0637795007787645,-1.44101166143082,0.974833146203309,0.446960308821872,-0.282593124546111,-0.479300237260759,1.17306789848953,0.510024458868429,1.20120572531596
-0.0540656151715666,-0.344271273585036,0.359865367878228,-0.460092187160626,0.0717522606719285,0.266309728799388,0.239398678019643,-0.0159300728235394,0.0502224063500762,-0.0900958192069083,-0.889080517692491,-1.37061766977422,-1.02004133770242,-0.138667082414031,-0.614466284634545,-0.550100821070373,-0.798743315041065,0.87349202670157,-0.60805870173499,0.338106185663491
0.271585593698546,0.387877671746537,0.337777138920501,-0.309966487111524,-0.362523455172777,-0.0528261146508157,-0.153767861891538,-0.0264718520455062,-0.152772138034925,-0.0952693516854197,1.23972398461774,-0.901824660832062,-0.173053727019578,-0.0646347412839532,0.531257541384548,1.31948682968505,-0.388863545609638,-0.439218512736261,1.47471909387968,0.640704289544374
0.0683841765858233,0.23269617673941,-0.225400546332821,-0.453591620083898,0.378389036282897,0.0430265454109758,0.233986569335684,-0.0472294209524989,0.17199074998498,-0.0603896718006581,-1.18713571527041,0.415563864866272,-0.708599698031321,-0.136427625780925,0.0237236805260181,-0.0746333319693804,-1.07815270358697,-0.920743810012937,1.24447530973703,0.587226105853915
-0.274719553533942,-0.0535441325046122,0.191100824857131,-0.157226581592113,0.407318339217454,-0.184303924022242,0.0610830193385482,0.193734033079818,0.140508782677352,-0.150930896401405,0.950058778049424,-1.18890267843381,0.422323885140941,-0.829252693103626,1.34589003561996,-1.03000735980459,-1.10669220518321,-1.35522214486264,0.14997983397916,0.316829868592322
-0.45290216174908,0.0282131242565811,-0.370856097200885,-0.450004895217717,0.225417075911537,-0.138356099417433,-0.0390964093152434,-0.277615322638303,-0.00215082820504903,-0.236972162174061,-1.32056477316655,-0.449601904721931,-0.0436293154489249,-1.44987928611226,0.373279983876273,-0.899728240678087,-0.108459685463458,-0.438901161309332,0.22841640911065,1.16541326441802
0.146417303243652,-0.205643218709156,0.172495452221483,-0.146870543248951,-0.241167520638555,0.235962275136262,-0.0271341789979488,-0.121179485600442,-0.0155175480991602,0.277323731593788,-1.3302107071504,1.18331252736971,0.0822688497137278,-0.186049003852531,0.810666218865663,-0.542583310743794,0.710769336903468,-0.383971702773124,0.163757452508435,-1.46808879892342
-0.139091248624027,-0.293782755034044,-0.43376506282948,0.0726161925122142,-0.168520834995434,-0.109909554524347,-0.132920339517295,-0.113093448244035,-0.03098334367387,-0.0563470170367509,-0.562069215578958,-0.22112495591864,0.454697541659698,-1.49169327132404,0.681138352258131,0.961894345935434,0.167178132338449,-0.965753502678126,1.30803608056158,0.895898403134197
-0.102229769108817,-0.120145485503599,-0.0617651601787657,-0.493716212455183,-0.49584890389815,-0.263768989685923,0.0533473501447588,0.155465885438025,0.0993822613265365,0.256779888784513,-1.4418765977025,-1.02072937390767,-0.0346575749572366,-0.227799458429217,-1.35191774298437,0.603405509144068,1.41590847889893,-0.392343785148114,-1.29128487291746,-0.407554718898609
0.298556484049186,0.138678357470781,0.0334767804015428,-0.367689874954522,-0.0461714095436037,-0.0649074029177427,0.213038125215098,0.231357793835923,-0.260793890012428,-0.12718130168505,0.825162788154557,1.32292510592379,0.507138270651922,0.000914751319214702,0.330398427089676,1.22905118158087,0.465845393249765,0.723378171678632,-1.34334426582791,-1.02365027368069
-0.317734135314822,-0.400909831514582,-0.436703454703093,0.187082468299195,0.48363133170642,-0.0488741550128907,-0.267905556410551,0.0558074539527297,-0.169548485660926,0.295548719074577,-1.08595490665175,-0.556090165162459,-0.766494795447215,0.787838959135115,0.608472982188687,0.600974292727187,-0.967995705781505,0.256510498467833,-0.722893089288846,-0.139699202030897
-0.409906888380647,0.292367417132482,-0.443513064179569,0.164422517642379,0.236224049003795,-0.0430933585390448,0.103570737456903,-0.242195602040738,-0.106618441315368,-0.0237796325236559,-0.358904863474891,0.0119995668064803,0.824516586726531,-0.501163404900581,0.427031651604921,-0.196971174096689,0.00724725471809506,-0.447902016341686,-0.883162017446011,0.276033790782094
-0.0973859361838549,-0.00373250688426197,0.194722513202578,0.00895108445547521,0.353479183046147,0.0981027906294912,0.0412254976574332,0.160274147149175,0.161235976964235,0.0300207652151585,0.928764964453876,-1.33019244857132,-1.38506746594794,-0.475413368549198,-0.392725127516314,1.29148045973852,1.21481067175046,1.2606793041341,-0.954642178723589,-1.21421773522161
0.431546872947365,0.03809001785703,0.0196700382512063,0.340322778793052,0.490248783724383,-0.186545028397813,-0.263493516901508,0.128475091326982,-0.136787223257124,-0.0965053796768189,0.25044047087431,0.139694061130285,0.0467223536688834,-0.688903785310686,-0.925474083982408,1.34880937356502,-0.357306637102738,0.455998132238165,-1.1181537816301,0.531726869987324
0.388119647512212,0.029838303104043,0.322328187292442,-0.057194605935365,0.113980823894963,0.163710951944813,0.283418435230851,0.14482377176173,-0.294180279364809,0.185107147414237,1.04562903475016,1.33766364888288,-0.783011327963322,-0.507425670046359,0.0302322779316455,-0.124254152644426,-1.00965611427091,-0.217193032382056,1.35414770711213,-1.00473541254178
-0.159841460408643,0.181083851726726,0.0135743422433734,0.241909361211583,0.275239936774597,0.0958360532764345,-0.123334313509986,0.281735441135243,-0.227450968232006,-0.232961627980694,-0.998249262571335,0.102041897596791,-0.16045081964694,1.06082582823001,1.2935126835946,1.16481506195851,-0.374125316971913,-0.620085295988247,-0.625335171120241,-0.144898501457646
-0.0444903902243823,-0.39252019696869,-0.35311098350212,0.390661565354094,0.395054299617186,0.202364634582773,0.0660971333272755,0.14628699249588,0.219431520625949,-0.212706146109849,0.962354548741132,-0.399076487403363,-1.26456038164906,1.04281371831894,-1.45895084808581,-0.717388758435845,-0.610047199297696,1.3992096518632,0.270888830535114,-1.12497851578519
0.298811184475198,0.496107977349311,0.25038066948764,0.274419218767434,0.0163488634862006,-0.222490365710109,-0.0392057903576642,0.028131837816909,-0.102402876410633,-0.166720938077196,-0.310721703339368,-1.09088663407601,0.135594698600471,-0.988299013115466,0.652720314916223,1.01295621972531,-0.514451115159318,-1.39419639715925,-1.22240501409397,-1.43013827037066
0.494563680840656,-0.0181785302702338,0.326926087029278,0.149229811038822,-0.133937990292907,0.00824564974755049,0.0698777055367827,0.138129645958543,-0.15869058505632,-0.266181771084666,0.52386626182124,0.255684989271685,-0.0425840879324824,-0.796494348440319,0.288564265239984,1.040168995969,1.12603729614057,-1.24308693129569,-0.792126693762839,1.00683900061995
0.425752479117364,0.450956108048558,-0.186166914645582,0.318258264334872,0.185206743888557,-0.123919265158474,0.201332664303482,-0.0620147984940559,0.235602571489289,-0.160151829058304,0.774900980293751,-0.61391163803637,-1.0375286412891,0.834191829431802,-0.474566764896736,1.02668693452142,-0.245148964924738,-1.23805260518566,-0.18332936684601,0.910127174109221
-0.308725003385916,0.410544713260606,-0.157237431267276,-0.326353403041139,0.254877377767116,-0.292753978678957,-0.00549691552296283,-0.0977878802921623,-0.209428126830608,-0.206780110811815,0.183687628945336,1.24704741756432,0.270532601745799,0.583825292531401,0.597031917655841,-1.0795222625602,-0.44359632069245,1.2698176286649,0.568231410579756,0.85837686387822
0.231002952437848,0.298090517520905,-0.105076411738992,-0.207422471372411,0.414012481924146,0.0871662293560803,0.256292130053043,-0.201248635584489,-0.268043894693255,-0.115768577624112,-1.41545744799078,1.01348450733349,-1.38762987591326,-0.0154791378881782,0.937359248986468,-0.847700238693506,-1.4800774755422,-1.3130742169451,1.44395157485269,-1.42554776533507
-0.255255662370473,0.264497861498967,0.125504744471982,0.338507605716586,0.127986926352605,-0.147327940212563,-0.239474005624652,-0.161631854949519,-0.125838836934417,0.121262304112315,1.47301055048592,0.385197405237705,-1.31478928914294,-0.629163240781054,-0.687599370488897,0.71179394912906,-1.2469383480493,0.127761676674709,0.101075622020289,0.572210649959743
0.330528792692348,-0.334643638692796,0.120313096093014,-0.46140600880608,-0.368550275452435,0.0805538454093039,0.155177996121347,-0.26337235677056,-0.297245484078303,0.217105411877856,0.906483360333368,0.253309095511213,1.22118931263685,-1.33419911912642,1.44851459632628,0.104380086762831,1.32817892334424,-0.503114505903795,-0.885803200537339,1.01089766412042
0.193131724372506,-0.470578667940572,-0.258394020376727,-0.328805249650031,-0.145159183768556,0.117612361349165,-0.220513488957658,-0.240847486490384,0.140172929037362,-0.172343778982759,-0.679000476608053,0.439570049755275,-0.319789712084457,-1.30302680935711,-0.309780579758808,-1.3464953682851,-0.713188831228763,0.450202600099146,-1.25414690701291,0.765446683159098
0.36051581799984,0.354321859078482,0.394005748908967,0.148969670524821,0.496319048339501,0.268652449082583,-0.0678551887627691,0.0725137496832758,-0.219934375444427,-0.152972057042643,-0.856186053017154,-0.109730467200279,-0.945957002229989,0.844454674283043,-1.04512872803025,-1.25550119765103,0.111253788694739,0.566006703302264,-0.675328871933743,0.674315482378006
0.34845158434473,-0.125483474927023,-0.449786212062463,-0.489477729890496,0.0624924681615084,-0.183943653199822,-0.267816128209233,-0.23199250632897,-0.23232802329585,-0.133176204375923,0.926843842724338,0.787642684299499,0.419103054329753,-0.0218279839027673,-1.33193149021827,-1.18381435680203,0.97129652928561,0.528960769297555,1.16025402699597,-0.43762897211127
-0.30228424584493,0.294380546314642,-0.0216459708753973,0.0456917404662818,0.497344546252862,-0.0232329818420112,0.0298663655295968,-0.206719270627946,-0.206484949076548,0.212174552399665,-0.602708916412666,-0.733023270964622,-0.469610067084432,-0.941096783615649,1.3304820258636,-1.39679603045806,-0.818782250862569,-0.00692039611749351,0.660246254643425,1.09621906466782
-0.49911460513249,0.371608202811331,-0.0346985294017941,0.247003034222871,-0.422172737540677,-0.286856328276917,-0.20796168660745,-0.0885194793809205,-0.253966699261218,-0.0579594216775149,0.904927104245871,0.897509722039104,-0.909104126505554,-0.788824839284644,0.394291589967906,-0.277475092560053,-0.366947344969958,-0.480484230676666,0.855066935531795,0.294888685690239
-0.185511647723615,-0.385451465845108,0.343066978268325,-0.288004268659279,-0.114174557384104,0.297627103328705,-0.0293862924445421,0.256072839349508,0.00757532324641941,-0.0375949131790548,0.862379725556821,0.724034233717248,0.487980069592595,0.275595544371754,-1.10514650051482,1.02270660898648,-0.0243460242636502,0.956956777721643,0.200599724426866,0.284638840472326
-0.259472559206188,-0.354705292033032,-0.209256779402494,0.150371141266078,-0.354875205550343,0.00476319123990832,-0.129412114899605,-0.152740483637899,0.0166098193265498,-0.00242817224934699,1.03891476918943,-0.449905866757035,-1.22946988698095,0.742700153030455,0.988528775749728,0.87764828838408,0.563179069664329,-0.41558229457587,0.459067570511252,0.88348528300412
0.226823887787759,-0.475815420970321,-0.486513002309948,0.142557415179908,-0.109948392724618,0.00353980162180961,0.0974949918687343,0.227678965218365,-0.101175740920007,-0.147570373630151,-0.770409607328475,-1.10087541793473,-0.038835407467559,-1.3595038948115,-0.452577194664627,-0.164487672038376,-1.0365205637645,1.12904995121062,-0.277626540977508,0.526884270831943
-0.392839698353782,-0.491693382151425,0.276674191933125,-0.414988144300878,0.45937524177134,-0.064050809154287,0.0514325172174722,-0.162463052524254,0.206564214918762,0.122478454979137,0.370317887049168,-1.0885141286999,0.270011797780171,-0.411237208172679,-0.0230785813182592,-1.24306709831581,-1.19430106552318,1.06045208475552,-1.29754711780697,-1.15302455308847
0.215604468481615,0.456287020817399,-0.288353218697011,0.0172866864595562,0.00412419461645186,0.0876408877316862,-0.188195809023455,-0.00726901106536387,-0.287626499729231,0.130292087327689,-0.0805618870072067,1.25777442986146,-0.51618605107069,0.37547738221474,0.527821174822748,-0.289788700640202,1.18446348351426,-0.744379813084379,-0.335386788938195,0.304668788099661
0.0242989773396403,0.330208682222292,0.449691314715892,-0.364963658386841,-0.0308772344142199,0.201410375023261,-0.239680879516527,-0.15206185975112,-0.0083634054288268,-0.0499123509507626,-0.780365794664249,-0.204660922754556,0.655755056999624,0.157052835915238,-0.81399652780965,-1.30010463204235,1.05904410593212,0.68810937856324,-0.674737095599994,0.0508197143208236
0.0218695306684822,-0.482300801668316,0.367200471460819,0.0342232582625002,-0.176343132508919,0.153396177152172,-0.172915924619883,0.22961931056343,-0.0324870575219393,0.254582703206688,-0.122342120390385,-0.212811951991171,-0.295838265214115,1.47673448827118,-0.487032729433849,0.0565133036579937,-0.457289905752987,0.33793149353005,0.515798596898094,1.20955598750152
-0.130718806758523,-0.0504428020212799,0.479867565212771,0.406696998048574,-0.417873045196757,0.0608235290274024,0.169272643653676,0.0515600682701916,0.143308789702132,-0.0329617608804256,0.114430599845946,1.44098369311541,-1.13700742973015,0.155213413992897,-0.765749788144603,-0.106407997431234,1.07901016389951,-0.366873000981286,-0.144446093123406,1.13582992111333
-0.326789825223386,0.358065283857286,0.323587198974565,-0.0434978164266795,-0.402770280605182,0.13224867079407,-0.0229897114913911,0.031289421999827,-0.26687747715041,-0.264585917629302,0.34408980072476,0.0612197038717568,-0.931901202304289,-1.49811769765802,-0.837719722883776,0.794210469117388,0.538780962349847,-1.39491179469042,-0.245821537915617,0.638935581548139
0.398858070140705,0.279436046257615,0.310395175358281,0.127123774727806,-0.118786459090188,0.226034860359505,-0.0567211160436273,-0.257379031553864,0.0415732807014138,-0.147167182713747,-1.0573050188832,-1.41394144808874,0.0640714780893177,-0.0360967407468706,-0.30377636756748,0.206976656801999,-0.910897560417652,0.226282841758803,-0.73514816025272,-1.18166501889937
-0.359499899670482,-0.341396689880639,-0.394837499130517,-0.220263001974672,-0.0358984672930092,-0.131566736055538,-0.298693645745516,-0.219658042816445,0.0474141567014158,-0.261497191898525,0.921289511024952,0.53147611906752,-1.42882926017046,0.0965018542483449,0.176300792489201,0.173798706382513,-0.519210310885683,-0.691150094149634,-0.603623284958303,-0.380332431290299
0.171906784642488,-0.396294854581356,0.0838195758406073,0.0766159133054316,-0.413156488677487,-0.278330550994724,0.277633772045374,-0.13323737368919,-0.235196993965656,-0.272128346096724,-1.20997035456821,-0.552429222967476,0.555490473518148,0.555447078309953,-1.43225470860489,1.08404830377549,-1.32099922047928,1.2294615986757,-0.0760694299824536,-0.126118147512898
-0.460120785748586,-0.051753181964159,0.355826212093234,-0.206807316280901,-0.179668310564011,-0.00791694615036248,-0.0836525530088693,-0.253192030917853,0.266013296926394,-0.133788158884272,-0.389967770548537,-0.942031491547823,-1.1535188513808,0.25349973840639,0.11314336094074,-0.822877087863162,-0.31597349094227,1.14413785748184,-1.20087788184173,0.873173067346215
-0.453340139240026,-0.141484940890223,-0.483808269491419,-0.0153449941426516,-0.115843740757555,0.127582086296752,-0.0360088242217899,0.134715311368927,-0.17611532388255,-0.207170132920146,-0.501720787491649,-1.01902228686959,1.08521637856029,-0.77027355786413,1.13967667263933,1.23755197715946,-0.608866613125429,-1.07295704679564,-1.39611283270642,0.95921383285895
-0.387019308516756,0.156570612685755,-0.036968462402001,0.107021349016577,-0.352841316489503,-0.154825622728094,0.163323512440547,0.2307805839926,0.00165100456215439,-0.231984549527988,-1.33015445410274,-1.3647932508029,0.609219825826585,0.640699435723945,-1.44776683696546,0.845476150279865,-1.07831303682178,-0.487316115293652,0.0345732746645808,-0.240816676989198
0.259403089527041,0.141620486043394,-0.178303392371163,-0.0261976500041783,0.393202901817858,-0.155912670493126,-0.185132325813174,0.292681193444878,0.00323665514588356,-0.101290152361616,-1.25256881816313,0.940794148715213,0.368049380835146,0.412567733321339,0.770051790867001,-0.841341203078628,-0.719893551198766,0.449390604626387,0.999112767633051,0.59023419348523
0.233274199301377,-0.383463312871754,0.0209304091986269,0.318130515981466,0.181415469618514,0.00636847475543617,0.261434846045449,0.0495637816842646,0.0937086467631161,0.0908366686664522,-1.39136797003448,-0.0242421082220972,1.24711412913166,-0.00806634756736457,1.33732972783037,-0.390189805766568,-1.09677213896066,0.181988786906004,1.11322654830292,-0.311225203564391
-0.0448907935060561,0.254433729220182,0.258526561781764,-0.0333252118434757,-0.256877691484988,0.0731504150200635,0.147217812342569,-0.207357989391312,0.226442227279767,-0.0422771158162504,0.460500231245533,-0.902502091834322,1.26028954563662,0.66518070269376,1.42025506705977,1.17569342348725,0.636876940028742,0.58156526950188,0.433669556630775,-0.63013710686937
-0.449211508501321,-0.128159919753671,0.0313782747834921,0.0923565565608442,0.246708696242422,-0.027956513967365,-0.0563214622903615,0.277965721813962,-0.237035888526589,-0.141444744402543,-1.3964755916968,-1.10798502573743,0.66738576698117,-0.0304694816004485,0.25651675905101,0.105057469569147,-0.333940876414999,0.961218944750726,-0.435114543652162,1.12179574789479
-0.281176711665466,-0.293296735733747,0.152557834051549,-0.21394819766283,0.31035666889511,-0.224127749260515,-0.032652317918837,0.281592136155814,-0.0881193070672452,0.24613566538319,1.16590317967348,-1.14717458956875,-0.292922230437398,-0.669943782733753,-0.611862724414095,-0.29631608678028,0.898430734639987,-0.247123250272125,-0.246601324528456,0.285379704320803
-0.0827042562887073,-0.48336987500079,-0.00654309662058949,-0.467566543258727,0.323297400493175,-0.147125416668132,0.11712670144625,-0.2903444359079,0.120427455939353,-0.0773166116327047,0.291371821425855,-1.05415975162759,-1.3117871247232,0.481493450235575,-0.084121725987643,0.808684386312962,-0.906347190029919,-0.322056873701513,-0.865453970851377,0.770358476322144
0.453498979564756,0.15333020244725,-0.407698849681765,-0.261696206405759,0.0556017737835646,0.236675095371902,0.191664674459025,-0.0360227275639772,0.0760533439926803,-0.0780511760618538,-0.881030505755916,-1.33289792644791,0.8085731130559,0.519987457199022,1.044343350688,0.96700148563832,-1.03138112020679,0.181582789868116,-1.18218238279223,-0.665724819526076
-0.04525814531371,0.279826467391104,0.282660020282492,-0.300285097910091,0.0597402811981738,0.268576355511323,-0.254039738047868,-0.24443715987727,0.233146878937259,0.0835866698529572,-0.950953012565151,-1.35189549950883,-0.836127625778317,-1.28106162836775,0.846806182293221,0.343658305937424,1.08999553718604,-0.259897305630147,-1.24645911972038,0.270835461560637
0.0126594970934093,-0.0406345452647656,0.382805106462911,0.184913192177191,0.397615642985329,-0.205673063127324,0.104298808705062,0.14139313143678,0.114457816723734,0.0740253782831132,-0.606539578177035,-1.38340246793814,0.0130394515581429,0.34239947819151,-1.00280856457539,0.110493844840676,0.0169926162343472,-0.134810353629291,-1.42147232126445,0.483181463554502
-0.224039931083098,0.308989076409489,0.413457577815279,-0.316088980529457,-0.239230901002884,-0.0633612108416855,-0.183456795522943,-0.0178816824685782,0.216445644479245,-0.242797895148396,1.12949649849907,-0.482713231584057,0.0385912964120507,-0.694707835558802,0.191781675210223,1.42388443322852,1.3677315087989,-1.48611982120201,-1.02353174309246,1.02406611526385
-0.278696455527097,0.193551982752979,0.181092891609296,0.0174830860923976,0.117602704791352,-0.00800205054692926,0.227753809746355,-0.289406712725759,-0.163891757838428,0.0231771699618548,-0.330707511166111,0.758712712442502,1.33160533569753,-1.22280942555517,-0.446084048599005,0.165574673563242,-0.35197377554141,-0.992143740411848,1.37857003323734,1.2465282396879
0.256197520298883,-0.425308664795011,-0.342691205209121,0.108598066261038,0.131704117637128,0.254057837789878,-0.282939347159117,0.196513729076833,0.237288877274841,0.226543110888451,-0.472910504322499,1.182231485378,0.816859940998256,-1.02037747297436,0.0618686776142567,1.28256355156191,-1.35159516055137,-1.03942781081423,-0.440725399414077,-1.21228000125848
-0.431182092055678,0.322342545725405,-0.240207212278619,0.294251352548599,-0.309210484148934,-0.186016645096242,-0.180637717153877,0.136890506185591,-0.102224445948377,-0.0859641349408775,1.08487479155883,0.65853330027312,0.808054857188836,0.964646382490173,-0.720943288877606,-0.146571659250185,0.596061301650479,-1.20348132750951,0.134887845022604,-0.818912947783247
0.363771231612191,-0.0685846246778965,-0.134559121681377,0.253470861818641,0.0687259454280138,-0.0466718338429928,0.205099025834352,0.240837763343006,-0.142930908501148,-0.0466045770328492,0.905903092352673,-0.42845641868189,-0.555590261472389,1.31880270573311,0.272702013608068,1.4802831443958,1.34456901345402,-0.771710596745834,-0.477369678905234,-1.16608616709709
-0.135640822350979,0.287016434827819,-0.37754605174996,0.151196836028248,0.325053050881252,0.255908806202933,-0.255615110183135,-0.0446323360316455,0.113801766838878,0.0107412238139659,-0.256342468550429,-1.23637596121989,0.359913969179615,-0.655058430042118,0.41984302829951,0.834888668032363,0.42259821225889,1.35977436276153,1.15487382654101,-0.719339648494497
-0.134402825962752,0.396929210051894,0.37082912796177,0.458729986799881,0.0714826493058354,0.0582355014514178,-0.173033846542239,0.173783874465153,0.177269876282662,-0.112351817032322,-0.139993541641161,1.02624691464007,0.276817819336429,-0.114309866912663,0.81790299131535,1.42654947889969,0.741246748482808,-1.08451286307536,-0.66970941843465,0.212659742217511
0.310543529922143,0.408996306126937,0.253480856539682,0.137951066484675,-0.201925332425162,0.255181731982157,-0.271213074820116,0.0814606186933816,0.2688767620828,-0.164971602894366,1.27686009393074,1.31052567064762,0.282995331566781,-1.2295166621916,-1.03358879894949,0.619835147168487,-0.729961464414373,-1.0713130000513,0.313209469662979,0.439682858297601
0.249847100349143,0.173541450873017,0.169125780696049,0.203171947039664,-0.042481379583478,0.246304427320138,0.214295559749007,0.0815955314319581,-0.278351693507284,-0.138178818393499,0.536229522200301,-1.19078005570918,1.31490963581018,0.885707569308579,0.137813854962587,0.804448247887194,0.220252112718299,0.766859976109117,0.00795768178068101,1.12746391561814
0.246231110300869,-0.0718551971949637,0.32997860130854,0.0322254593484104,-0.0955518097616732,0.299682569783181,0.143332721013576,-0.299921658542007,-0.248043027101085,0.256845958577469,-0.418929991777986,1.29015893815085,-0.0443164317402989,-0.165663795545697,-1.2899316761177,-1.02821276290342,-1.36535601736978,0.37968803755939,-0.764350548153743,0.530154494801536
0.0617337704170495,0.115483605768532,0.130540449405089,-0.087754579493776,-0.375600256957114,-0.176085735065863,-0.123469232674688,-0.0679040021728724,0.27711227866821,-0.270338144525886,1.13042568415403,1.39835640834644,-1.00087991380133,-0.319620828609914,0.198185956338421,-0.388990769628435,0.932060612831265,-0.38457514392212,1.11344126542099,-0.770264637423679
-0.40383465285413,0.192948396550491,0.151456427527592,-0.234439984429628,-0.312939398223534,0.283675928413868,-0.00266856369562446,-0.138546871254221,0.297311429819092,-0.0975797194987535,0.126442344859242,1.28337024128996,0.729354424634948,-0.688915652688593,0.570534455124289,-0.484592102235183,1.19518097117543,-0.147656576475129,-0.408806096529588,-0.29200581391342
0.345812095794827,-0.458244066219777,-0.334474104456604,0.324899741215631,0.499439787818119,0.0983084587845952,-0.143591994792223,-0.124765154253691,-0.291046523395926,0.173568516550586,-1.46521341148764,1.45938275568187,-0.331486465875059,-0.333242385881022,1.10414418485016,-0.211199830519035,-1.37234200187959,-1.44454744434915,0.233967966400087,0.353082879446447
-0.199015265563503,0.166797522921115,0.198160055093467,-0.135540311923251,-0.0354639878496528,0.0997478904202581,-0.124516355479136,-0.106775941327214,0.154670396447182,-0.247389372484758,-0.409977873321623,1.04350463440642,0.9326408773195,-0.377246611984447,1.29098633746617,0.680022905347869,-0.629392846254632,1.202948524151,-0.42983920359984,-1.03122490108944
0.33310497039929,-0.200379997491837,0.343764757970348,-0.195147179765627,-0.436596879269928,0.190601183474064,0.150032191537321,0.131266902526841,0.287850293610245,-0.0684642970561981,-0.0488238483667374,0.915011883247644,1.00873531540856,0.156072633806616,-0.867350541986525,-1.05376424803399,-0.132195338839665,-0.245763176120818,0.753131830366328,-0.683561833575368
-0.0918994729872793,-0.0808291481807828,-0.326384308980778,-0.334834924899042,-0.193578904494643,0.226310970028862,-0.0269740741699934,0.209367354121059,-0.0816098974552006,0.140666328370571,-0.516909652389586,1.00232871738262,-1.16901092184708,1.44310426781885,0.767216130858287,0.0214110261294991,-0.218041904037818,0.673403242835775,1.02242996147834,-1.25104286475107
-0.181846441701055,-0.0803559815976769,0.193935792660341,-0.298084375448525,-0.00589323905296624,0.148081641504541,0.273120351461694,0.0193702183663845,0.190022717881948,-0.0715679157525301,-0.0296597939450294,0.585609240923077,0.637451705988497,1.31678473879583,-0.69057829817757,0.452199277002364,1.47596810990945,1.24097516527399,0.0534031956922263,0.544043871341273
0.0189889227040112,0.0177853358909488,0.0844101195689291,-0.383796673966572,0.339156921720132,-0.190075674047694,-0.248434746684507,0.00610283534042538,0.24882235089317,0.0807633250951767,0.109817126300186,-0.880286655854434,0.568771570455283,-1.22475651162677,0.630279850680381,-0.00170728052034974,-0.737239945214242,-0.15597076783888,-0.242369344923645,-0.712281090673059
-0.423325645038858,0.391943905968219,0.417339620180428,0.0545875278767198,0.117702153744176,0.00550960209220647,0.025203572306782,0.220966345863417,-0.0188328813761472,-0.154496925557032,-0.242162267910317,0.0372229891363531,0.404111247276887,-0.881700600497425,0.668654254870489,0.121036562137306,-1.39988773455843,1.36017529852688,0.391025424236432,1.13852785597555
-0.351599560119212,-0.313533186679706,-0.213582724798471,-0.178267701528966,0.441982494434342,-0.0274300663266331,0.209141179779544,0.00377553901635108,0.0309380770660937,-0.143955039326102,-0.714958982309327,-0.691356132505462,0.0726334650535136,-1.18339759809896,-1.08408480347134,-0.743118110345677,1.18796559213661,-0.891748487250879,0.732982233865187,1.47439789935015
-0.12847289768979,-0.292792978696525,0.459331271937117,0.231945311650634,-0.397889092331752,-0.0863740112632513,0.129097135271877,-0.0124763501342386,-0.247438786877319,0.0042332148179412,-1.04120218078606,-1.06543184118345,-0.339777395362034,0.574786563869566,-0.190202396828681,0.265991672873497,1.27784216590226,-0.362198901129887,1.29838777938858,-0.257930544437841
-0.250490366946906,-0.470725573599339,-0.331639034906402,-0.157567699206993,0.128546969033778,-0.210625312523916,-0.288592302426696,0.094029255118221,-0.141209786105901,-0.18538426165469,1.17328677233309,-1.384871132439,1.36202006600797,0.836386695038527,0.430993149988353,0.616306027164683,-1.35295210895129,1.49978400603868,-0.533308995421976,0.0110008693300188
-0.305437827249989,-0.192995228338987,0.277880299137905,0.0207281410694122,0.140246313298121,0.0565742789302021,0.260290113044903,-0.205404862482101,-0.136949109239504,0.190300557157025,1.47448010626249,1.10103671438992,-0.141991966869682,-0.358669389970601,-1.0537760197185,-0.254556719446555,0.242239208193496,0.413199464092031,-0.148950859671459,0.564615174662322
0.109010067768395,-0.109767029527575,-0.130050719017163,-0.34145432128571,-0.287044562865049,-0.153607488423586,-0.0758862489368766,0.214243252761662,0.2051356643904,-0.25532172373496,-0.222087403060868,-0.821034746943042,1.27286886563525,-1.0705323361326,-0.94177425513044,1.04529953934252,-0.583006224827841,1.42109411093406,1.02325353305787,0.79632363980636
-0.320378065342084,-0.0887133029755205,0.155622370773926,-0.345561700873077,-0.0316504305228591,0.0120924141258001,0.22228097836487,-0.0683857936877757,0.13361223321408,-0.209974909527227,-0.871088176500052,0.442319231573492,-0.149985205382109,0.97214083140716,-1.33427598536946,-0.876904806587845,0.981481294613332,-0.366777287330478,-0.00813803169876337,0.0817489544861019
0.41911564883776,-0.361935646971688,0.451818040804937,-0.338456964353099,-0.452756847953424,0.0822937344666571,0.209460812620819,-0.0694240659009665,0.0458017943892628,0.00244826632551848,0.438071380835027,0.478913235710934,1.35492741619237,-0.594092126470059,-0.30275573884137,-0.91001260955818,1.27023053937592,-0.390111399348825,1.01688089361414,-1.28747217077762
-0.106150868814439,-0.246148142730817,-0.47632854944095,-0.269056615186855,-0.0259358056355268,0.239757748413831,-0.283088053995743,-0.0997376573737711,-0.0919584288261831,-0.0677779077552259,0.703538747504354,-1.12567657185718,-0.291101996786892,-0.00326264672912657,-0.550187022658065,-0.505020280368626,-0.601149823749438,1.40016419487074,-0.773573841433972,-1.0653734584339
-0.110188610386103,-0.480670087505132,0.106270214542747,0.0200910135172307,-0.332165686180815,-0.122987102949992,0.171223726915196,0.280610961606726,-0.232850012602285,-0.0315053433179855,-1.28829506831244,-0.555848479969427,0.2435087794438,-1.36866214103065,-0.511643362697214,1.21270236256532,-0.940520117757842,-1.19353957031853,-0.300099274842069,-0.333567165769637
0.138884806074202,0.453270650003105,-0.459468144923449,0.390319887781516,-0.347029165830463,-0.263635119376704,-0.0481224817223847,0.228056343644857,-0.0535973596852273,0.174591317446902,-1.35719275753945,0.313391843810678,-0.364011181052774,-1.20146209560335,-1.00761031243019,-0.588395561557263,-0.135081778513268,-1.05290026380681,0.928742855088785,-1.39985520509072
-0.432536396663636,-0.436997769400477,0.143432273762301,0.140988824889064,0.443304405314848,-0.204201656905934,-0.202885091118515,0.147675924841315,0.183321134280413,-0.0703545499127358,-0.148481769952923,-1.42214249703102,0.561363874236122,1.30144293629564,-1.31187569489703,-1.19651901349425,1.45245187170804,0.611113864229992,1.01180940913036,-0.469720887718722
0.303062359336764,0.427887490019202,0.44840042386204,0.155919126467779,0.205330365570262,0.248396921530366,0.0188531680963934,-0.145582251576707,0.0465106534771621,0.206598345609382,-0.498054316034541,-0.0800693181809038,-0.895155997714028,0.90530247380957,0.889308543177322,0.514552678680047,-1.3972860078793,0.179065533913672,0.128315315349028,-1.47166540590115
-0.48476932104677,0.475931642111391,-0.240880891913548,-0.414697439176962,0.137090528383851,0.0623241000808775,0.0291885963175446,0.190549145964906,0.00107071325182917,0.253968677530065,0.483189848251641,0.237152642570436,0.824320803629234,0.482163524720818,-0.74135001632385,0.812334269983694,1.3413995783776,-0.54873956576921,-1.3616488405969,-0.141650889767334
0.374266932252795,0.339987489162013,-0.35936381900683,0.0926142139360309,-0.0745808568317443,0.118057774705812,-0.19067081627436,0.272330179670826,0.0625026492867619,0.0467347827740013,1.07969461544417,1.12039597285911,1.27881642663851,-0.97522693220526,-0.000590907409787178,-0.725892746122554,0.237559094326571,0.810790740419179,0.526791682234034,-1.30446099140681
0.126006615580991,0.140360279008746,0.107639823807403,-0.336050691548735,-0.00184788880869746,-0.29375343346037,-0.296258868416771,0.00305094080977142,-0.184015895985067,0.241694817971438,-0.928468831116334,-1.04787900508381,1.43527756375261,1.06824565166607,-0.914631781401113,-0.892250649863854,0.907270640367642,-0.28076599817723,-0.989770547719672,0.810392908053473
0.0581232153344899,-0.270807088119909,-0.0902976710349321,-0.497655232204124,-0.468045988352969,0.0826833485160023,-0.274397913599387,-0.19399271607399,-0.177317629801109,0.105628508655354,0.0477186483331025,1.31104614003561,0.243838554946706,-0.821832570713013,0.126643462339416,0.518867793492973,-0.957749503897503,-0.308823157567531,1.40553810470738,1.26989765278995
0.00132545805536211,0.170420999871567,-0.370485896477476,-0.461284340592101,0.386051617562771,0.115401344373822,0.199824374075979,-0.215207409672439,0.155711853085086,0.0851759769022465,-1.42198454216123,0.50625638756901,0.938002124195918,-1.31822241051123,-1.46117514534853,1.21143225906417,-0.401361336931586,0.61479796981439,-0.188754039583728,-1.20479452237487
0.434125605970621,-0.207891014171764,-0.0884642691817135,0.383085250854492,0.282512355130166,0.195600849436596,0.186415458284318,0.102988589555025,0.168485181732103,-0.116878497367725,1.22406479855999,0.439294950803742,0.305441220290959,-0.152742185862735,0.411683140788227,1.27989451121539,-0.0232505947351456,0.613091519102454,-0.451845162548125,1.20518211764283
-0.398994552902877,0.216299498919398,-0.0900290966965258,0.451209435239434,-0.1199177026283,-0.0704880104865879,-0.0730271643027663,-0.21021520094946,0.017301583243534,-0.229742198484018,-1.3982563870959,0.110576566541567,1.19457632303238,0.198484239634126,0.500356291187927,0.891075594350696,-0.0580215915106237,-1.17451931862161,1.45988546940498,0.650894941063598
0.34285208163783,0.489371940726414,-0.427470888011158,-0.0322220588568598,-0.0388172781094909,0.0413271442987025,0.226993437716737,0.291901384619996,0.255934425769374,-0.173892456432804,0.368675795383751,0.734258674783632,1.28496527695097,0.507987365825102,-0.980309903388843,-0.0607470057439059,-0.76105302083306,-0.959209660068154,-0.620016831206158,1.41476642852649
-0.373165941098705,-0.276565842330456,-0.306621288647875,0.180423250189051,0.0598111746367067,-0.206557710841298,-0.296250945702195,-0.114362480817363,0.0167966555804014,-0.15312888007611,0.853183998959139,0.0323748223017901,-1.3396257602144,-1.45235317200422,0.0448600191157311,1.42666508350521,-0.494136219844222,0.448651693761349,-0.285974602214992,1.49549126601778
-0.331108009908348,-0.257260351907462,-0.38364934315905,-0.246748987818137,-0.174294349970296,-0.0331193435937166,0.0666525456123054,-0.251976584270596,-0.0418905252590775,0.170697840163484,-1.27773812413216,-0.0267842675093561,1.04748087655753,-1.38283073832281,-1.4135893760249,-0.11224238248542,-1.0924055299256,-1.04500320204534,0.439226474845782,-1.10000068461522
-0.274284240556881,0.40994872408919,0.336087733972818,0.470535468775779,0.224091131938621,-0.0266647257842124,0.0677153048571199,0.209190908633173,-0.290014324709773,0.123137142369524,0.918252538656816,1.18323327437975,-0.818564138375223,0.302842627745122,-0.0630193683318794,-1.30174570321105,-0.302269890205935,0.354336573276669,0.940721859689802,-1.28687066654675
0.173284554155543,-0.182462718803436,-0.192944559501484,-0.0412606527097523,0.43158516427502,-0.148079024255276,0.225909317610785,0.233548303926364,-0.261132407560945,-0.163666587369516,-1.43437633453868,-1.37730700825341,-0.623704624827951,-0.650323902955279,0.915465124882758,0.690187707776204,1.0759249299299,0.951938507147133,-0.758691437076777,0.964744637953117
-0.0188995427452028,0.0617139951791614,-0.183821658603847,0.0189121370203793,-0.0696679514367133,0.0316138469148427,0.157427806500345,-0.0794662989210337,-0.205795359285548,0.00223808898590505,-0.948485737899318,0.75122137949802,0.271202676929533,-0.076839302899316,0.102096705464646,-1.29741906258278,-0.504654028220102,0.199787070276216,-1.27182632940821,-0.287612685235217
0.246266385074705,0.011126862373203,0.424104582518339,0.211269582388923,0.275177330477163,0.032000791747123,0.0970065328292549,0.0266627227887511,0.295556927192956,0.221507107140496,-0.571753863478079,-0.0602148163598031,-0.43297428265214,-1.39420006563887,-0.123849984258413,0.695765326498076,0.209411345422268,0.861013505375013,-1.04104695632122,1.32458218373358
-0.190188238630071,0.338307734346017,-0.0637180854100734,-0.350255669560283,0.264040972804651,0.232642179401591,-0.262271435558796,-0.233405017387122,0.176531413849443,0.065491654118523,-0.544490945292637,-1.17076170234941,1.18926524184644,-0.0803327027242631,0.731687201885507,1.43244638177566,-0.212290974101052,0.178554473910481,1.21034322562627,0.31706394511275
-0.210121026961133,-0.195391411427408,0.282369031338021,-0.299532994395122,-0.388175769243389,0.162214619480073,0.115142568340525,-0.0520096324849874,0.260802959511057,0.0172536063473672,0.986342079006135,0.324685118626803,-0.343002584064379,-0.865963203599676,1.42925078468397,-1.00864102249034,-0.995028211036697,-0.678479097085074,-1.42746117641218,0.670794376870617
-0.416780167957768,-0.145635696128011,-0.338934716535732,0.427513452246785,0.12743268487975,-0.256388731207699,0.0984399545006454,0.160750719113275,0.294603447150439,-0.276370415696874,-0.315725283930078,0.0546067315153778,0.363454363541678,-0.586409369716421,-0.117127278121188,1.06371957133524,0.122621552087367,1.15749033051543,0.690315592568368,0.121352554298937
-0.235904656350613,0.185839644866064,-0.380721975117922,0.0735255335457623,-0.229339347220957,-0.160899344785139,-0.203222387842834,0.189477713825181,0.246683695586398,-0.23343099988997,0.68627282534726,1.49545118585229,-0.490273161325604,-1.2067598446738,0.832912134937942,0.673152317292988,0.26405391166918,0.27915927534923,-1.16125791077502,-1.08504824456759
0.377836322179064,-0.452167050680146,-0.270026978570968,0.0193780022673309,-0.0244194290135056,-0.04586033038795,0.112827694835141,-0.0895318037364632,-0.263127694325522,0.146498242020607,-1.28285417100415,1.06617228593677,-0.907635448733345,0.674502563662827,-0.0494319428689778,1.10092264856212,0.3511681642849,-0.0216033838223666,0.648492102278396,-1.03949335450307
0.00222579715773463,-0.174598721321672,-0.116853832500055,0.138614861294627,0.199416254181415,-0.289636350469664,0.00666024391539394,-0.0947105103638023,-0.298661487037316,-0.20967215183191,-1.38245638995431,1.21052647219039,-1.26064366707578,-0.87568074837327,0.701901021413505,0.330051977885887,-1.31043129600585,-0.486913700820878,-0.696784544270486,0.52266303752549
0.0525134492199868,-0.170015392126516,-0.15746358409524,0.0446377699263394,0.237842257134616,-0.17526357290335,-0.096660126093775,-0.00362972044385967,0.246758713200688,-0.129834526497871,-0.286512948805466,0.132485069800168,1.02841391111724,0.796374257421121,-1.23162789735943,0.683079234324396,0.520234265131876,-0.325576300732791,-1.12572174752131,0.400246953126043
-0.43110230518505,-0.210449687205255,0.345857348060235,-0.345913112163544,0.0374086264055222,-0.0300044253934175,0.233891229517758,0.133973687980324,0.0108275027945638,-0.299601996224374,-1.45939752808772,-0.788754651322961,-0.0109699310269207,-1.28460442833602,-0.988260229350999,-0.901769121643156,1.49910859717056,-1.41544515592977,-1.44241524953395,0.40053777792491
0.285699785221368,-0.236893181223422,0.143763520987704,-0.0930826971307397,0.220001322450116,-0.290824142564088,-0.11598113514483,0.00810924754478037,-0.22673860816285,-0.0811256349552423,1.18056706502102,1.06867894297466,-0.635228814091533,-1.47127464576624,0.853683289373294,0.172732273349538,-0.663186444668099,0.458743396215141,0.438572521554306,0.440658205887303
0.34886027360335,-0.170183239271864,-0.274326222250238,-0.423472957452759,0.496310216840357,-0.0609501744154841,0.148295052303001,0.275115806423128,0.0326736804563552,0.295913182385266,1.30563589814119,-1.44716078066267,-0.176513408543542,1.066157679772,-1.10547464084812,-0.190085015259683,0.0122376051731408,-1.48714946047403,0.633769598091021,-1.14727505575866
0.16626389301382,-0.455007488140836,0.451008733827621,-0.396786502795294,0.0803128615953028,0.100718117225915,-0.0309590965043753,-0.143300669733435,-0.03151452136226,0.137053616903722,1.01640388299711,0.791074848733842,1.03496264875866,-0.430813756305724,0.0481594316661358,-0.609933647559956,-0.278310935245827,-1.23858504951932,-0.390442374162376,-1.39776075398549
0.257778273895383,-0.0691040232777596,0.366361109307036,0.178045856999233,0.0252463056240231,0.258814514474943,0.288448979705572,0.177783983107656,-0.212880320101976,-0.252391169406474,-0.681368731660768,1.34787251078524,1.17399935284629,-1.37502861209214,-0.96754208067432,1.02339330408722,-0.29045352875255,0.764720662264153,-0.509161984082311,0.87821428058669
0.446571641834453,0.0341412064153701,0.478390817996114,-0.365489798597991,0.475797803374007,0.155133831454441,-0.118986823456362,0.123961921362206,-0.190635449811816,-0.0587180293165147,1.41571714379825,-1.11666884226725,-0.828070184681565,0.142866503912956,-0.409862877801061,-0.701751097803935,0.982784321531653,-0.469611413078383,0.7081304253079,-1.02000817749649
0.427507273154333,0.499026910401881,0.229242632398382,-0.203902176348493,-0.404878385132179,0.193020275328308,-0.0583917240612209,-0.000385602889582504,-0.127805964555591,-0.0428034227807075,-0.960573700256646,1.21055062254891,-0.701277262531221,0.525676814373583,0.91690254653804,0.417264866642654,0.931532779941335,0.809183567063883,0.378447907743976,1.02084791916423
0.105518772732466,0.0779914122540504,-0.490578717552125,-0.143984496127814,0.373480326030403,-0.0816394496709108,0.157536444347352,0.277942042937502,-0.221691161580384,-0.204680915409699,0.258456249022856,0.567705256165937,0.0971085405908525,0.0242464193142951,0.979897679295391,0.836413418641314,-0.796319305663928,-0.573521461570635,-0.904265756718814,0.227549463277683
0.170262549305335,0.382103733252734,0.485849377000704,-0.487322518602014,-0.302096928702667,0.0869905967731029,0.11453484040685,-0.296447354368865,-0.222712985426188,-0.172741824947298,0.325795395299792,1.3003564090468,0.762463953578845,0.936376414261758,-1.41599470074289,-0.692712805699557,-0.223800761159509,0.896829735953361,-0.198216993827373,1.35664147208445
-0.365867490880191,0.437494436744601,0.227714776992798,-0.173673238838091,-0.454110528808087,0.0202527264598757,0.0646343804430217,0.289473737357184,-0.0063595235813409,0.119922426715493,-0.054053264670074,-1.2829599478282,-0.350701545830816,-1.45711407833733,-1.01448522135615,1.16992060490884,0.766662747133523,0.435261782258749,1.32647582888603,-0.251864915946499
0.29854467487894,0.0465220015030354,0.297572026960552,-0.349287074292079,-0.117855926277116,0.297989979945123,-0.170902270451188,0.129126540245488,0.289290715148672,0.0737944134045392,-0.788656096206978,0.0772944262716919,0.250143208773807,-0.70964000467211,0.787332906620577,0.108578806277364,1.08100863103755,-0.362409655703232,0.799849886912853,1.05506636621431
0.463787434622645,0.483642813982442,0.317140633240342,-0.269860820146278,-0.0641570228617638,-0.159628435363993,0.115360636264086,-0.195811134763062,0.106078446283936,-0.263617337169126,-0.931367386830971,0.982953716302291,-0.613870800007135,-1.01444988674484,1.38506261841394,-1.09402580279857,-0.99620149587281,1.23468964523636,0.862183459103107,-0.0440556651446968
-0.464472321094945,0.282267190981656,0.398442270234227,-0.238339021103457,-0.200521516380832,0.191702510090545,-0.170145373558626,0.00598157504573466,0.16991742211394,0.132833809638396,-1.43435525195673,0.640323210507631,1.01792091806419,1.25605376763269,0.85279294475913,1.14962878148071,0.505197432590649,0.196035371627659,1.30211519496515,0.490064151585102
-0.359854724025354,0.362207104219124,0.296651276294142,0.277295056963339,-0.0538033621851355,0.221832779003307,0.197994492156431,0.118105882778764,0.2167011606507,0.281895216135308,-1.20802223682404,-0.837358068209141,-0.930531891994178,0.879786775214598,-1.28371144970879,0.484403593931347,-0.180308223003522,0.128335892222822,0.977903546998277,-0.0998118531424552
0.323637780966237,0.209987654583529,0.261177457403392,0.449432871304452,0.3603246351704,-0.17803790573962,-0.00687536755576729,0.0872852277942002,-0.114812409924343,-0.128166165389121,0.378300280077383,-0.297267096117139,-0.414620544528589,-0.473492334131151,-1.28150360612199,-0.612291821977124,-1.18498548748903,-0.264300991315395,0.0533661365043372,0.420518837403506
0.243956821970642,0.290283858077601,-0.289986151270568,-0.315504053374752,-0.250971290282905,-0.0248668708372861,-0.242482443759218,0.241826555505395,0.092377959843725,0.293897699564695,-0.665943877073005,0.90133516327478,0.98224193835631,-1.34715396445245,-0.48631796403788,0.0972278576809913,0.175631129415706,-1.37597284466028,1.03209871519357,-0.0621177011635154
-0.107543682679534,0.447522058384493,-0.490488132694736,0.238323267549276,-0.416512954514474,0.0616694807074964,0.0187907483428716,-0.250282329926267,0.12598471166566,0.123600285546854,-0.450045098550618,-0.0746179043781012,0.965033483225852,-1.03935182257555,-1.48588492744602,0.0933533676434308,-0.581759195309132,0.969106713077053,-1.1603197879158,0.652188017964363
0.323808975052088,0.421277415007353,0.314298316370696,0.184285743394867,0.262156901415437,-0.0380201423540711,0.000594180263578881,0.206865221075714,0.0108433328568935,-0.287468385323882,1.18913584691472,-0.883448091102764,-0.858836297644302,-0.445485083386302,-0.683752899058163,0.478357521817088,-0.531888156663626,-0.149763837922364,-0.122390113770962,-1.27027281280607
0.401657914975658,-0.451290521770716,0.103686928749084,0.486448351992294,-0.341027586720884,-0.0674109685700387,0.075774071412161,-0.154310121433809,0.118933844100684,0.227203688258305,1.42933190125041,-0.0233685651328415,-0.155547830974683,0.26058478304185,-0.657876091310754,1.08012562198564,1.22192154661752,-1.16773576685227,1.35017501958646,-0.939954802393913
-0.410359934670851,0.117003970546648,0.12663502106443,-0.339435904519632,0.419549242826179,0.246492873877287,-0.22330328556709,-0.00338015095330774,0.20457599144429,0.294286746438593,0.365720360074192,-0.703391983173788,1.35332490317523,-0.566233451245353,0.909557517617941,-0.230949992313981,1.21929439064115,-0.00324348849244416,1.15614632866345,-0.821941149188206
0.163386664353311,0.228544885991141,0.247338549932465,-0.000819683307781816,0.386628276668489,-0.215624756226316,-0.162686031544581,0.214509374275804,0.219022418232635,0.0174420494120568,-0.529525946360081,-0.805264656431973,-0.224352447548881,-0.0208411356434226,-0.919301245361567,0.592150999233127,-1.00084344204515,1.2894205043558,-0.587177868001163,-0.175683149602264
0.336285011377186,0.276433642022312,-0.407454690197483,0.0682053987402469,0.375699715455994,-0.0612285659182817,-0.289371252665296,-0.166754475189373,-0.0967196644283831,0.139650134230033,0.430106816114858,-1.0512217793148,0.079403123119846,-0.561074200551957,-0.563603770220652,-1.10191051312722,-0.615045292535797,1.49632837437093,-0.656232227571309,-0.5050901575014
0.000824636546894908,-0.253472270909697,-0.0439481060020626,0.402923170011491,-0.264144211774692,-0.22314663156867,-0.184182008402422,0.217670090077445,-0.205612325621769,-0.199682978494093,0.98458492057398,0.532981851836666,-1.31788285402581,-0.718634847085923,0.968124709557742,0.60932684596628,-0.188239988638088,1.34836478205398,-0.0250360567588359,0.0573815563693643
-0.488224675646052,-0.272325808415189,0.430357279721648,0.121577528538182,0.496043857652694,-0.0997461172286421,0.0706063999794423,0.103919140342623,-0.281946058524773,-0.222088977880776,-0.857264933176339,-0.915193359833211,-0.962219896260649,0.442773472052068,0.454155802493915,-0.486238352721557,1.0700151224155,-1.14472103188746,-1.12705360050313,1.38568571791984
-0.0971753145568073,0.00725987367331982,0.287107944488525,0.0785915460437536,-0.307562176603824,-0.156317304493859,-0.101538046170026,0.005164128402248,0.117032465245575,-0.103923792438582,1.31835343712009,1.45618669129908,-0.6788984995801,0.284901443403214,0.281218423973769,-1.05038546095602,1.08350406121463,1.45477616298012,0.87208694871515,0.540390064241365
0.462479224661365,-0.147406697738916,-0.465600308030844,0.430742689175531,0.361605705693364,0.256494813133031,0.087716110702604,-0.0198327812366187,-0.216698744567111,0.142975259805098,1.29920926596969,0.747863138560206,-0.0019866933580488,0.558136066887528,0.547369766514748,1.13933726283722,1.2592372877989,-1.42081178748049,-0.203976349672303,-1.46428611595184
0.0433187424205244,-0.130571560235694,0.27195175527595,0.0824107450898737,-0.144361744401976,0.0166084680240601,0.156691838102415,0.0986387279815972,0.00938200266100464,-0.176963122934103,-1.25716228689998,0.45029791072011,1.40416187024675,1.19946694001555,0.710799517342821,0.0952662457711995,-0.0525593378115445,-0.283261053264141,0.10062585468404,0.0540104198735207
0.222371254116297,-0.277144727762789,-0.0818579823244363,0.297853126190603,0.049398782197386,0.0896799618378282,0.281916012614965,-0.178660732833669,0.259161527780816,-0.0131060319487005,-0.760861366521567,1.37095719063655,1.01208480354398,1.14386264258064,0.999455533688888,-1.05204900400713,1.38540372694843,0.544177233008668,-0.299960668897256,0.934912831988186
-0.22431151359342,-0.347416979260743,-0.157828509574756,0.382954767439514,-0.309458151692525,-0.223646520031616,0.241098188934848,0.0156495859846473,0.205525678535923,0.216844846587628,-1.30820406996645,-0.508482937468216,0.729490050114691,-1.26854494842701,0.521353106014431,0.125722822733223,1.0506439267192,0.549546069698408,1.18257813504897,1.10783721855842
0.139242898439988,-0.402485090075061,-0.349919305415824,-0.419320706278086,-0.385280642192811,0.0748740014154464,-0.289984667301178,0.287322640512139,0.183879518928006,-0.120589280175045,-1.48597587738186,1.09137775772251,-0.409175586886704,-1.29031514539383,-0.856036001583561,1.09148383699358,-0.121731801191345,-0.844712687423453,-0.654731672024354,0.715649751015007
-0.388685066252947,0.385747415712103,-0.27375986170955,-0.395789933390915,0.182136804563925,-0.0628091034013778,-0.142194309923798,-0.0940118407364935,-0.279515469493344,0.212950129760429,-1.14214172679931,1.31147453701124,-1.13346562581137,-0.381160992197692,0.461346581345424,-0.208418439840898,1.21204588981345,-0.075256549520418,-0.469508916372433,-0.693232671590522
0.44699657545425,0.394812314771116,-0.434628173010424,-0.105872120708227,-0.142663940321654,0.0546520262025297,0.217133117979392,-0.186982248583809,-0.132203611778095,0.204769736621529,-0.154636192135513,-0.902315846644342,-0.348611189285293,-1.29822196578607,-1.37920332932845,-0.681325522949919,-0.70468246168457,0.988043046556413,0.586453112773597,-0.118774848757312
-0.407360010081902,0.141933522420004,0.499710590112954,-0.312385634984821,0.310887730214745,-0.202288987766951,-0.130760392779484,-0.248308706888929,-0.160469831340015,-0.0953739697113633,-0.233412293018773,-0.663487476529554,-0.972226912155747,1.47538756602444,-0.604599904501811,1.14398261765018,0.846238474594429,1.17447191826068,-0.830586897907779,-0.646232660394162
0.465767328627408,0.331310554174706,-0.169632371980697,-0.115826008841395,0.428554607089609,-0.0885597542859614,-0.0652347441762686,-0.167393589997664,-0.199354762444273,-0.140306451916695,-0.472981627564877,-0.48332755593583,0.293027155799791,-0.192326432559639,0.167664764681831,0.816181798931211,0.634977611945942,0.556298669194803,-1.05802516336553,-1.48960261791945
-0.242615783819929,0.450960277114064,-0.00181423942558467,0.289230316411704,0.430543099530041,-0.0940792042762041,0.108374675363302,-0.0847485124133527,0.0899526203982532,-0.0121105244848877,-0.982381608802825,0.111596209695563,1.36429122788832,-1.25170926516876,-1.38233368727379,-1.24821519758552,1.07771560689434,-0.567673835903406,1.41663975943811,0.790768666192889
-0.3942417264916,-0.219812980853021,0.287001667777076,-0.091480974573642,0.265494453720748,0.235986670246348,-0.188308274466544,0.217265508463606,-0.0343045550398529,-0.0542936305515468,1.15239126048982,-1.2819696504157,1.21507596038282,-0.400020441971719,0.833938513649628,-1.02231013868004,-1.46732457610779,-0.755438040476292,-0.515042373212054,-1.01859872485511
0.427576442016289,-0.421574643580243,0.278725747019053,-0.136658374220133,-0.332346765790135,-0.00890550403855739,0.0782550404313952,0.0865067653823644,0.174789744475856,-0.213570715673268,-0.267152601387352,0.199117860523984,-0.579880071803927,0.338621023111045,0.238502722000703,-1.23384837107733,-1.29522025957704,-0.104197255801409,0.409590286435559,0.517735936911777
-0.368869127240032,0.142250094097108,-0.370370528195053,0.468918150989339,0.232377980835736,0.283770392881706,0.12088042376563,-0.145634180121124,-0.209437159728259,-0.188238684134558,-0.0354743802454323,-0.612095556920394,0.0928370025940239,-0.515837658662349,-0.549154884880409,-0.736187208211049,0.171294382307678,-0.651493735844269,0.956041023368016,0.26862822426483
-0.41895784647204,-0.260971310781315,0.491064529400319,-0.161954509094357,0.120301776332781,0.0809862211346626,0.0204637102782727,0.175144209712744,-0.192021300131455,0.0123858142644167,-0.508330425946042,-0.981910788221285,0.833912597503513,1.48242751602083,-0.817180152051151,-0.0447003878653049,1.43046537134796,0.0766962671186775,-0.756463211495429,1.34751038602553
0.263016009237617,-0.0706912726163864,0.235733627108857,-0.3323466735892,0.290846230229363,0.210211692424491,0.122981111845002,-0.108068566862494,-0.0414192897733301,0.199322404386476,-0.800629306817427,-1.31646900856867,1.36042431020178,-0.225845499197021,1.44059806270525,-1.39022018713877,1.4569880256895,-1.21243088180199,1.22559018060565,1.21051922463812
0.174159106099978,-0.438075731741264,-0.187544750981033,0.119977965485305,0.353126841597259,0.126780867436901,-0.253544357512146,-0.259543083468452,-0.184394954843447,-0.174358705664054,-1.23029717244208,-0.285469545051455,-1.08986514061689,-1.36056365305558,-0.711890216683969,0.318286546971649,0.850931449094787,1.12476929859258,0.600299665471539,-1.40980613767169
-0.326954545918852,-0.078429116634652,0.335804794449359,0.284029523143545,0.336993168108165,-0.0119493244215846,-0.063242502277717,-0.00535117671824992,-0.0520899748429656,0.0577428155578673,-0.0170911853201687,1.26995234610513,0.782182989176363,1.4794293504674,-1.04893445433117,1.33149481122382,0.855769040063024,0.51236030110158,0.246495167724788,0.108899387530982
-0.375044469488785,0.0325452457182109,-0.204048198880628,-0.171464374987409,0.212708025472239,0.244683159235865,0.283420235104859,0.187433348363265,-0.0627159748692065,-0.238693248806521,0.217395183630288,-0.829666390316561,0.122311810730025,-0.3123286399059,0.674438706133515,0.793737364467233,-0.953028072835878,0.396154328249395,-0.575275457231328,0.677131426753476
0.0697586305905133,0.301967253908515,-0.282357160933316,-0.0361440852284431,-0.0489089172333479,-0.124538922635838,0.187403567321599,-0.0321320733055472,-0.118840257776901,-0.028623308474198,-0.0261571726296097,1.03670045407489,0.606315842131153,-0.712203703355044,-1.26129134581424,1.40029125893489,0.881853002356365,-0.233368611428887,0.0665678498335183,-0.871708722319454
-0.40612965170294,0.040865660412237,0.0195298611652106,0.487077679485083,-0.276823153952137,-0.0762856819666922,-0.24956334521994,-0.140200189780444,-0.267471775179729,0.256810194673017,-1.46764310239814,-0.248457458568737,0.210088357329369,1.15969832777046,0.397118896013126,-1.30298870173283,-0.816778330598027,0.440914547536522,-1.46609712671489,-0.421664824476466
0.347061265958473,-0.215833232039586,0.268695299746469,0.269688801141456,-0.0715078983921558,0.280264086322859,-0.097188127739355,-0.058819976169616,0.141509039746597,-0.269836075929925,-1.22103169094771,-1.23306442704052,0.545932467095554,-0.894261211389676,1.4061568826437,-0.541877458803356,-1.22404385218397,-0.360873162746429,0.696271332912147,0.901016578311101
-0.326080114580691,0.257472208002582,-0.0367172190453857,0.230065421434119,-0.0728291172999889,-0.173866618238389,-0.268230516090989,-0.206612089974806,-0.200452036969364,-0.138116072164848,-0.797184044262394,-0.555176548892632,-0.65151864127256,-0.739686147775501,0.106663340236992,-0.580762377474457,-0.494873218936846,0.185799135826528,-0.364825177006423,-1.09626099723391
-0.28334653028287,0.467632272746414,0.439762653317302,-0.447390655288473,0.454632696695626,0.0807142936158926,0.0088591522537172,-0.0690767195541412,-0.164552363147959,0.188059343537316,0.333326707128435,0.577273863600567,-0.992385153891519,-0.634043789701536,-0.610454884590581,-0.0542073764372617,-0.571188427973539,-1.2566452275496,-0.837253295816481,-0.842130640055984
-0.00709524797275662,-0.435528307454661,0.486209744820371,-0.389861042844132,0.184079149505123,-0.109013444837183,0.194124901061878,-0.129712708666921,0.250370737351477,-0.14508696841076,-0.887746307300404,-1.29353328002617,-1.21237100008875,0.791672400198877,1.28411637875251,-0.0732327830046415,0.610697760013863,0.726944411639124,-0.361867125146091,1.19742173189297
-0.275155334966257,-0.432005683425814,0.0829603422898799,0.387332783779129,-0.329788334434852,0.25266664037481,0.10095841367729,0.24978122189641,-0.183026719931513,-0.10078264111653,1.46643884223886,-0.170447290409356,0.942842765478417,-0.633029906312004,-0.605342641705647,0.106644207844511,-1.10551588190719,-1.44912580330856,-0.129160689655691,-1.19286236143671
-0.0622942019253969,-0.381202456541359,0.15459443628788,0.0813958782237023,-0.420284149469808,0.24126570741646,0.0675575824454427,0.158794053085148,-0.0316507738083601,0.091284807678312,0.272610827581957,0.246425330406055,-0.171789571875706,0.637378529179841,-1.07729135965928,-0.130173991201445,0.587342926533893,0.788682483835146,0.508282730123028,1.1921315502841
0.351466257125139,-0.298709641210735,0.39123071776703,-0.152749585686252,0.483710355358198,0.147339691082016,-0.279124748613685,0.0831273560877889,-0.178687400836498,-0.132604414271191,1.00212609115988,1.34895040257834,-0.761366522172466,0.154580468544737,-1.13480194844306,-1.2076054927893,-0.361625156365335,-0.105689182179049,-0.557121291523799,-0.20282503310591
0.384709194069728,0.113731432240456,-0.254914016462862,0.223088778322563,0.132076524663717,0.299157953169197,0.138004233827814,-0.036378179769963,0.279022619733587,0.258601702144369,-0.680650681257248,-0.340583314653486,1.31641578418203,0.379620589083061,-0.0684702505823225,0.578995605697855,1.04867023369297,-1.26246265810914,-1.17708158749156,-1.14502258342691
0.13297288143076,-0.030263805994764,0.35140811605379,0.129742559045553,-0.324623757274821,0.231519980169833,-0.150446741469204,0.10196409188211,0.217867832444608,0.106510880542919,0.503423624206334,-1.21684183878824,-0.182932958006859,0.786157517926767,-0.888074797578156,0.261088004568592,1.09129335614853,-0.946068790275604,0.977054444840178,1.49080699402839
0.443612339906394,0.394540800247341,-0.418815420242026,-0.227954526431859,-0.124272678047419,0.00131333526223898,-0.194247521739453,-0.28703595623374,-0.23182102558203,-0.0846418334171176,1.12107542040758,1.09748792764731,1.13450363371521,0.896154517773539,0.553905401844531,0.992855931166559,1.25076435925439,-0.0998794070910662,-1.29731806972995,0.876605328870937
0.19552175141871,0.41763971792534,0.0966462471988052,0.416537364944816,-0.185659450013191,-0.241850523138419,-0.13463470148854,0.057868517562747,0.0797664274927229,0.0174797980114818,-0.588493740186095,0.705103769665584,-1.16813607607037,1.49610446370207,-0.747694480698556,0.497111400123686,-0.334072103491053,-0.855818314477801,0.789925379678607,0.237217238405719
-0.374661228852347,0.1890183405485,-0.432754109147936,-0.286969854496419,-0.376643749186769,-0.167564638378099,-0.177379519678652,0.178977356012911,-0.209620089456439,0.242403182107955,1.20488781295717,0.381116067292169,0.171397838741541,-1.30374013027176,-0.000396760879084468,1.31088625104167,-0.125276452163234,-0.780641738791019,0.310851002577692,0.788946237880737
0.118154063122347,0.277123956941068,-0.330057612154633,-0.000215094536542892,0.438404116313905,0.00103527163155376,-0.0759189727250487,0.0306120711844414,0.232126095565036,-0.145364972110838,0.991242620861158,0.76430733455345,0.194376443512738,0.531383537454531,1.49795129452832,0.93644905812107,-1.14577502477914,1.40970698953606,0.050173255847767,0.875242410460487
-0.403181795962155,0.48911348474212,-0.103617318440229,0.255481936270371,-0.317465513944626,0.0929915062151849,-0.199132711160928,0.290345738455653,0.126003495650366,-0.262946745241061,0.599211290013045,0.319021356292069,-1.22378758876584,1.22840871568769,-1.36148324562237,0.237617626553401,-1.31323770317249,0.735353296855465,-0.39687499939464,-1.46159497951157
-0.324352815980092,-0.487885303096846,-0.0395951457321644,-0.47581363026984,0.157127316808328,-0.00605433080345391,0.280080342432484,-0.159603627724573,0.00314814085140824,0.206881942134351,-1.04595508729108,0.661885259672999,0.996906718472019,1.33459424902685,-1.35309238079935,1.18671058374457,-1.4450010645669,-1.01908954884857,1.09061071369797,0.719544401625171
-0.0159570383839309,-0.0240301096346229,-0.227422097930685,0.286815955070779,0.0195154843386263,0.267997214058414,0.11689912090078,-0.223090340383351,0.0132656778674572,0.244595378916711,-0.778575276955962,-1.10898980079219,1.35068674385548,0.256689292844385,-0.640434756875038,-0.21849998831749,-1.30381974298507,0.616029004566371,1.46617443370633,-1.30965510942042
0.215113181388006,-0.213318599155173,0.294779391260818,-0.399201129330322,-0.24588590906933,-0.261217658501118,-0.26522605069913,0.0469461907166988,-0.169396070949733,-0.0582770930137485,0.668088929727674,0.198978240368888,0.82522051082924,1.12566767027602,-1.22817670949735,-0.710115250898525,-1.4907151311636,0.019918016390875,0.0590495369397104,-0.534687042469159
-0.319685682887211,-0.181465473026037,0.40847626212053,0.346757780760527,0.255579107441008,0.0578016505111009,0.00142574692144992,0.259376322710887,-0.0199350630864501,-0.0296833113301546,1.31574090966024,-0.60779068688862,-1.04405593243428,0.851022786693648,-1.44149348395877,-1.20564620266668,1.11207952257246,-1.3909414827358,1.29894623626024,-0.615991455037147
-0.39023905643262,-0.363815765595064,0.068514036713168,0.0416649689432234,0.214056142605841,-0.144371223310009,0.0530284178908914,0.0949182523414492,-0.0316080863121897,-0.178243064554408,1.09879221115261,-1.38548886333592,1.00049251969904,1.02459054510109,-1.4253745728638,-1.08849077671766,0.865600079996511,0.607743373140693,1.27545814798214,0.624196748016402
-0.487190391402692,-0.239583802642301,0.482164917280897,-0.330627272604033,0.407632734859362,0.221765064401552,-0.0253037518355995,-0.0271940716076642,0.292904882412404,0.210936909215525,-1.07713120873086,-0.683902756310999,-0.0277959771919996,0.172171086072922,1.39521296555176,0.798000586219132,1.47209920571186,-0.655852426076308,-1.00585261336528,-0.778191206976771
0.390731151215732,-0.236102127004415,0.0903747410047799,-0.239252471365035,-0.157074832590297,0.189384709764272,0.257801625598222,-0.263376842904836,0.293083303654566,-0.143739592423663,0.361410706071183,-0.0933401298243552,0.828330032061785,0.262061651330441,0.995681616012007,-1.06382183264941,0.63961734669283,-0.291941030882299,1.29174865270033,1.01805350859649
-0.146619489649311,-0.475675166351721,0.40792985772714,-0.344091272447258,-0.0496018740814179,-0.240769250504673,-0.259719507442787,-0.129820579150692,0.132012762408704,-0.0183756785932928,1.48515483713709,-0.0612758689094335,0.761062011122704,-1.46846254519187,-0.590764056891203,1.36562014301307,-1.34283381910063,-0.069353458005935,0.638957270421088,0.878277679206803
-0.444677386200055,0.307271407917142,-0.428669274086133,-0.21793863014318,-0.249821300851181,0.0187106033787131,0.197591255698353,0.174594140611589,0.17664044983685,0.123092886060476,1.1604280367028,0.333104400197044,-0.0734433210454881,-1.38657949282788,0.574084886815399,0.4026869838126,-0.954936627997085,-1.29990513436496,-0.192445856519043,-0.818889966700226
-0.0161813581362367,0.404716556891799,0.418316688155755,0.257378123933449,0.263269603718072,-0.25058309873566,-0.0611235992051661,0.102265543257818,0.182018023263663,-0.0682277915999293,-0.675176833290607,0.401014855597168,-1.39851380162872,1.29735120828263,0.0183049764018506,-1.31570957251824,1.40027284878306,1.40933704096824,-0.914814606774598,-1.44963535736315
-0.396821862086654,-0.386970141902566,0.33354663848877,0.10983324656263,-0.245052563492209,0.183989257318899,0.207502952730283,-0.234350691502914,0.130520464293659,-0.00351515295915306,0.302038963884115,0.0640788562595844,0.20457344292663,0.10770227224566,0.895713494159281,1.05297594191507,0.524556471034884,1.30936370277777,-1.26523879682645,-0.874492638744414
0.308998305117711,0.339142295066267,-0.00933675677515566,-0.224689946509898,-0.169452961999923,0.297630307311192,-0.214228508714586,0.252316080406308,0.0936618313193321,0.236472009541467,0.209977487800643,-0.955582816153765,0.553514242172241,1.11612893803976,0.74616433493793,0.485125568462536,0.692296711262316,-1.06390976440161,-1.01526451623067,1.25721600512043
0.335842234315351,-0.368011556332931,-0.0843101188074797,0.305941194528714,0.0293128977064043,0.166828174889088,-0.215441894950345,0.264910252438858,0.0908278068993241,-0.197434737486765,0.425716039957479,0.834341641282663,-1.04354714252986,0.612682934850454,-0.71418625395745,0.351103104650974,-1.29280010797083,-1.41166528011672,0.735018673120067,0.00555657804943621
0.0812887384090573,-0.454003989230841,-0.432077406672761,0.16064392705448,-0.268948756158352,0.188427605247125,0.171472775330767,0.225526440935209,0.204836200783029,0.0324346425477415,1.01303703174926,-0.0916842282749712,-1.31120528932661,-1.31936681340449,0.284072946757078,0.566318276105449,1.25697781029157,-1.06027150223963,1.05457552406006,0.177959858905524
-0.143396621802822,0.0815078227315098,-0.329638428520411,0.0565165069419891,-0.269327264511958,-0.292255744384602,-0.229895349545404,-0.0219864289741963,0.0770893340930343,-0.184228803170845,-0.400584755698219,0.0387609817553312,0.643819739576429,0.0912945626769215,-1.43286532396451,0.0401686825789511,-0.608355009695515,0.76338185579516,-0.723960454110056,0.562467844225466
0.107276197522879,0.174646001774818,-0.0423176940530539,-0.134941359981894,0.195861870422959,0.174662891356274,-0.0884240213781595,-0.126504299556836,-0.0274558804929256,-0.219470806745812,0.354044017614797,0.810548000503331,1.4574374940712,-0.390992702683434,0.433546959422529,-0.643854391062632,0.26836819248274,0.0382495704106987,1.35698082391173,0.216813151957467
0.448241308797151,-0.346842258004472,0.36169515689835,0.293014215771109,0.104924626182765,-0.0174617808312177,0.269123211409897,0.0695028793998063,0.298635115055367,0.274519827123731,-0.862023880239576,0.801757828099653,1.46581248077564,1.11602479568683,-1.15106178238057,0.563138831639662,0.585282215382904,-0.519763376098126,0.250800199108198,-1.32963280775584
-0.375018280930817,0.291626779362559,0.171813094755635,0.486773242708296,0.0670518090482801,-0.0185031983535737,0.137767536565661,-0.222362370416522,-0.275880985474214,-0.00405352637171746,-0.594831303460523,0.509424305520952,-1.09061564924195,-1.02849485585466,-0.631243002600968,1.16157647268847,-0.542990430258214,0.980935331666842,-0.600691091269255,-1.21232355153188
-0.378208976704627,0.244978361530229,-0.0524573992006481,0.36346130608581,0.480405404930934,0.0168565180152654,-0.28466601697728,-0.0036058575846255,-0.137624858133495,0.262565490743145,-0.586427153320983,-0.373231451958418,0.809052263852209,-0.417914929334074,-1.25838614883833,0.324433997506276,-0.15768177760765,0.706984570948407,-0.194951968034729,0.10173189570196
-0.109773125732318,0.286931667709723,0.238396922592074,0.316911863395944,-0.443321824772283,-0.149814698053524,0.166109360614791,-0.252743504801765,0.0768843176309019,0.0105617403052747,-0.227139143971726,-0.06538643874228,0.34482128941454,1.31078203883953,-0.0575736905448139,0.263929166598246,0.646777398185804,1.45547844842076,-0.0829074312932789,1.34080576943234
0.208764824084938,-0.14362908876501,-0.482443116372451,-0.131324276793748,-0.429749937495217,0.0785846235696226,0.18220472917892,-0.135522703779861,-0.277729066740721,-0.0496603466570377,0.091026262845844,0.720574814127758,1.35504700150341,-1.31529492465779,-0.0951857368927449,-1.46747617959045,-0.0576307328883559,0.0627984220627695,0.967765980865806,-1.33590215700679
-0.242927075829357,0.0244501228444278,0.139272372471169,0.229403465054929,0.161455801455304,-0.247792342118919,-0.262967318342999,-0.240796986641362,-0.16125650270842,-0.0393209405243397,-1.35252533177845,-0.556707266718149,-1.04410484014079,-0.90572277107276,1.18376741046086,-1.18797400128096,-0.725052852882072,1.00746658584103,0.246510999742895,0.500708936015144
-0.197859693784267,-0.172506368951872,0.165179462637752,-0.32566873729229,0.377746467711404,-0.103095832513645,0.157002548128366,0.241549149435014,-0.296497689234093,0.262002886086702,-0.98856661375612,-1.05516566382721,-1.17370322090574,-1.21785042411648,-1.16502387821674,-1.2801333675161,0.69087520823814,0.73397020669654,0.875219504814595,0.228469857014716
-0.0486865183338523,0.2762385844253,0.286352446302772,-0.110221572685987,0.497019688831642,-0.295373413804918,-0.0564733976963908,-0.102354118460789,0.0563931228127331,0.108398128766567,0.682750727981329,-0.395174334291369,-1.41283336887136,-0.925532190129161,0.842839485034347,0.277043925365433,-1.27968946821056,0.458614084403962,-0.100419917609543,-1.30539468931966
-0.24281631456688,-0.46228733099997,0.0288033063989133,0.389274875866249,-0.499671768164262,0.25751611366868,-0.27132363980636,-0.0838219155091792,0.173754544509575,-0.298398926015943,0.661296234000474,0.733333504060283,1.02461139159277,0.0538243430200964,0.0278470879420638,0.0163301678840071,0.127707215957344,1.15314134582877,0.477142689283937,-0.447071875445545
-0.25247893971391,-0.0772029529325664,-0.376603499287739,-0.141314721433446,0.13014917797409,-0.13531002458185,-0.0994075904600322,0.22951898323372,-0.291613071179017,-0.171409189933911,1.3982254487928,-0.0363928147125989,-0.725252881413326,0.449829499935731,-0.47480923589319,0.543737331870943,0.399802129715681,0.359365035546944,0.2438529424835,-0.185976684093475
-0.467523999977857,-0.216445052763447,0.412880878197029,-0.0068695992231369,0.0503358712885529,0.243861207319424,0.241028492851183,-0.18000239697285,0.100295506278053,-0.128871862823144,-0.266952099977061,-0.168236791854724,-1.36981161008589,-0.248646633932367,0.082995796110481,1.04022622131743,1.00704161915928,0.953141546342522,-0.685632971813902,0.190540943993255
-0.475314787356183,0.137055769795552,0.209636841667816,0.138227947289124,0.251127571100369,-0.245736117241904,-0.160387445893139,0.0585394840221852,0.25576145122759,0.158381140837446,-1.35125293512829,1.04459766601212,-1.31356493127532,1.3880049821455,-1.1867158182431,1.24187619262375,-0.0666663364972919,-0.477745508076623,0.938469717046246,-0.618658814812079
0.48985440004617,-0.444159609964117,0.0550501069519669,-0.397027550032362,-0.455046393210068,0.0702210563700646,0.0786419497802854,0.196516759833321,0.176214838307351,-0.256472189398482,-1.07876738905907,-0.86456085392274,1.11190716130659,-1.15175374201499,-0.638587692053989,0.613528692629188,-0.363010002532974,0.262777847936377,0.941221446264535,0.452471553348005
-0.373151891166344,-0.151674771448597,-0.0271103428676724,-0.327154233120382,0.423121594591066,0.0546871120110154,-0.258114194869995,-0.248695151181892,-0.212783282948658,-0.181870103348047,-1.24483919050545,-0.330194786656648,-0.772049532970414,1.07598451827653,0.627374336589128,-0.211167804664001,-1.36379859200679,-0.497760392026976,0.284002846106887,0.550247060833499
0.476203642087057,0.462105562677607,-0.13226859876886,-0.369780770735815,-0.146949249785393,-0.0476681366097182,-0.265626169508323,-0.147465170267969,-0.225068402476609,-0.210261368611827,1.05785080371425,1.38849068060517,0.777042775182053,-0.556575398426503,0.805231975391507,-1.34398353751749,0.429223234998062,-0.954878669930622,0.717824858380482,1.30125243030488
-0.431266501313075,-0.138766469201073,-0.367187094641849,0.137789190979674,0.221696021035314,0.297360828286037,0.0209779267664999,-0.130078994622454,0.0862294847611338,0.0617777553386986,0.193251227494329,-1.11202741228044,-0.320990355452523,0.676662004552782,-0.592094387859106,0.0862738096620888,-0.87948061991483,-0.570499355206266,-0.21299188840203,0.491927830735222
0.342980008106679,0.388083929894492,0.0689222423825413,0.369712706888095,0.297647586790845,0.164091282617301,0.09813162102364,-0.231125678122044,0.00677116694860158,0.148531870124862,-0.661919115576893,0.0755284808110446,1.04183372086845,-0.860887401038781,0.46840289561078,-0.36498358938843,-1.49351730756462,1.32683146116324,-1.38612072751857,1.36201872280799
-0.129787596175447,0.370728212408721,0.403945148689672,-0.0934017919935286,0.290265198331326,-0.284515416389331,-0.209077780460939,-0.121593118552119,0.274864641716704,-0.255701542831957,0.135176131501794,1.27658315445296,-0.16797863622196,0.0731400051154196,-0.33853119565174,1.48456008452922,1.13282735436223,0.277637916617095,0.988963285926729,0.290715445065871
-0.0219737912993878,0.0428442298434675,-0.446914087282494,0.301741847535595,0.489521000999957,0.112066081305966,-0.149007247947156,-0.134560362389311,-0.177746819006279,0.0454414961859584,-0.668301497586071,0.348165745614097,0.287575754569843,-0.487413821741939,0.518959209322929,-0.623258099891245,0.634305099025369,-1.38393865339458,-0.630393447820097,-1.01506851520389
-0.197599539300427,0.342629194259644,0.311615428188816,-0.199122617952526,0.176316488999873,0.194043123023584,0.147205033572391,0.0405019596219063,0.0802140388637781,-0.0458182544913143,-0.339120307238773,1.41154569410719,-0.0392499309964478,-1.09206345118582,0.021177486050874,0.385526971891522,-1.2464791671373,0.335849505616352,-0.0593673088587821,-1.08794803870842
-0.44251023628749,0.198144646594301,-0.165714293718338,-0.304504844592884,-0.310685228090733,0.233333931304514,0.247246088040993,-0.139128218963742,0.239278269326314,0.284568231040612,-0.818081549601629,-1.08221560413949,0.172819431172684,-0.690055942861363,0.459167311666533,-1.17198728956282,0.378888934152201,-1.00984881981276,-0.873388135805726,0.600843497319147
-0.434065965237096,0.335780769819394,0.00941101578064263,0.417761541903019,0.0622863443568349,0.260201520519331,-0.114258122490719,0.0919627286028117,-0.155084261717275,-0.280015469295904,0.212425805395469,0.250271282857284,1.05831907899119,0.723614650312811,0.140180694870651,0.373311965027824,-0.0777897394727916,-1.05763973831199,0.486390804173425,0.0863916473463178
0.0266371760517359,0.457561382325366,-0.114080108003691,0.103047195822001,-0.0621465831063688,0.0482727927155793,0.0550997268408537,0.230171844223514,-0.280847379053012,0.228640187485144,1.04431048524566,0.446022621821612,-1.40265524480492,-1.22235277947038,-0.76970645156689,0.262698814971372,0.389592344406992,1.44820337416604,0.132355623878539,-0.679624118143693
0.0408284475561231,-0.204875438706949,0.48336233291775,0.0178657111246139,-0.293860229896381,0.291164092859253,-0.0982733078766614,0.185486349323764,0.0599572890903801,-0.198815488396212,-0.00809204019606113,-1.32222779584117,1.1988863137085,-1.38071079156362,0.928566453745589,1.09257643972524,-0.455248561687768,-0.118934630881995,-0.473584347171709,-1.35272728744894
0.476185358827934,0.390423396835104,-0.183007302461192,-0.18625300237909,-0.368167637614533,-0.0256611827295273,-0.0945884949993342,0.225918362941593,-0.0202903476543724,0.071647126134485,0.246586103690788,1.09722584090196,-0.753922384930775,-0.367279058787972,0.165678000077605,-1.06153513491154,0.693674295209348,0.00793302850797772,0.906712951138616,-1.48937011649832
-0.198720101267099,-0.272106570657343,-0.122287949314341,-0.237844575429335,0.109224225394428,-0.154926032060757,-0.229148140177131,-0.178893006406724,0.188471803301945,-0.0096801754552871,-0.868037982378155,1.33350206539035,-1.14909462863579,0.196561874588951,0.480503161903471,-1.32492465921678,1.13352454500273,-0.398010583827272,0.704575178213418,0.929242779035121
-0.111824078951031,-0.0972782799508423,-0.349554885411635,-0.377761208917946,0.334034073166549,-0.110106294276193,-0.259381862310693,0.164957741182297,-0.216485775634646,-0.0136047273874283,-1.13136960938573,-1.48132671159692,0.751019031275064,0.855072825215757,0.647410937352106,-0.635119626531377,1.18951002624817,-0.59306210372597,1.10222862660885,-0.27175113838166
-0.383420564467087,-0.336798686534166,0.337688082829118,0.0215978692285717,0.189307321794331,-0.281713337916881,0.135693581588566,-0.0103621541988105,0.196883000526577,-0.0717731166165322,-0.421975964214653,-0.567447417648509,-0.0964518394321203,-1.35186117282137,0.0736498001497239,1.24332688283175,-0.782370824133977,0.17863094760105,0.828505174024031,0.789145581889898
-0.112341792788357,-0.284323275322095,0.15431271889247,-0.194488109089434,0.105074811959639,0.0358162787742913,0.225338371424004,-0.278067158069462,-0.0319259972311556,0.258629390923306,1.35256493207999,0.310455292928964,-0.81463718530722,1.03604193893261,0.610183553304523,0.48359928606078,-0.869154086569324,1.12313279695809,1.33585918089375,0.687936528353021
-0.239558092085645,-0.121310876216739,0.477073673624545,0.345142028992996,-0.297757541295141,-0.195298794005066,-0.00304011530242859,0.166361937113106,0.0723242308013141,0.28856039266102,0.57444910844788,-0.169535934459418,-1.15400399384089,0.931262040277943,0.864374613622203,0.00590970553457737,0.0110703217796981,1.02329082484357,0.777313857804984,-0.790209862170741
0.243473100475967,0.243706318084151,-0.209016584092751,0.437476627528667,0.162350384052843,0.171688734507188,-0.102180249989033,-0.24626886905171,0.255396820697933,0.00673300763592122,0.562616230454296,-0.917098096339032,1.37567225354724,-1.22419928549789,0.943579379701987,1.07129770098254,-0.276553352829069,-0.414156185695902,0.123522159643471,0.637179058045149
-0.324888232629746,-0.34045330202207,0.17573578399606,-0.277195549802855,0.246283912332729,-0.185683694668114,0.0415256664622575,-0.234313240181655,-0.00181231051683428,0.168515509972349,0.922611215617508,-0.480491417460144,-0.0147052605170757,-0.972718824399635,0.454549214802682,0.0932887285016477,0.908371107419953,-0.450449166353792,-1.29922335455194,1.46372548607178
-0.364708556327969,0.157186578726396,0.0776767893694341,-0.145029922947288,-0.297762543428689,-0.0786093336995691,0.0458292245864868,-0.170467604650185,-0.274078749725595,-0.0697166746482253,-0.961414456134662,-0.193436138564721,-0.362103302031755,1.15741135901771,-0.406950216041878,0.0733863275963813,0.570329801179469,0.500581945292652,-0.556161022977903,-0.400208226637915
0.0916781697887927,-0.0406253158580512,0.212049492634833,-0.386052999645472,-0.339947960572317,-0.27937760129571,-0.171786642819643,-0.0797702075913548,-0.287209175666794,-0.177424834342673,1.13280123635195,0.798477927222848,-1.30649056308903,0.576604902511463,-1.33266189345159,-0.0952069801278412,-0.337672378867865,0.365822009509429,-0.27576796989888,-0.176314515061677
0.330526057863608,0.2146412266884,-0.357505579479039,-0.246877622324973,-0.289137997664511,0.0105275262147188,0.136821478279307,-0.236016861582175,0.0408945246599615,0.0716654845979064,-0.15458996873349,-0.884277389617637,0.815563183743507,-0.255262490361929,-0.0491196268703789,-0.439048344735056,-1.30651509412564,1.18236451875418,0.150710246292874,0.135877357330173
-0.445424499455839,-0.487832593498752,-0.107179170707241,0.0436044207308441,-0.329755980055779,0.0615987428929657,-0.0796201656572521,-0.172203260008246,0.187538946652785,0.158132084738463,0.0546572492457926,0.614604604197666,-0.248353951843455,0.152712631272152,-0.789535532472655,0.494801945518702,0.428273453610018,1.21661693765782,-1.49978272011504,0.6510928964708
-0.192459427053109,0.0509243563283235,0.0606796892825514,0.143980321940035,0.100455567007884,-0.0526814244221896,-0.178419410577044,0.288707990571857,0.0422162563540042,-0.280305153597146,-0.628193738870323,1.29802682320587,0.118298912420869,-1.22574060014449,-0.129233337007463,-1.0002834177576,0.248875454301015,-0.79757984331809,1.42295011156239,1.4273580936715
0.116421329323202,0.165262110764161,-0.122701772022992,-0.412550539011136,0.00849941722117364,0.0877850623335689,0.199026550585404,0.281266780290753,-0.152562647871673,-0.124624645616859,1.25416009384207,1.21560272038914,0.361349029932171,-1.3763320769649,-1.13230134383775,0.446798722492531,-1.44284544861875,0.179014685098082,-0.228723967680708,-0.157938862452284
0.0528572041075677,0.285573528613895,0.266806951025501,-0.497351598460227,-0.000651623355224729,-0.245148588297889,-0.181919634528458,-0.0243403061293065,0.295036571379751,0.207758651766926,-0.0330227944068611,-1.25958494888619,1.05653260834515,-1.13466329639778,1.47544903121889,-0.0314235859550536,-1.28993041184731,-0.75806726119481,-1.29231756040826,0.461017235415056
0.098227763781324,0.266291205305606,0.0483224582858384,0.0134862028062344,0.240363205317408,-0.122742508398369,-0.129268893739209,0.0235012562479824,0.222104968316853,0.0824364588595927,-0.853116088081151,0.981338161742315,-0.663919331040233,-0.331169702578336,-0.51837196550332,-0.907701302552596,1.24260003073141,-1.29095399798825,0.950332030886784,-1.13352025207132
0.424475112231448,-0.422066598432139,-0.386750648496673,-0.255759748863056,-0.481226719450206,-0.103104353835806,0.0840699442662299,-0.170983536634594,-0.208213834092021,0.274631702480838,-0.213319898117334,-1.14137434889562,-0.3775464752689,0.239176474744454,0.534879544051364,0.0948246312327683,-0.448224599473178,-1.1827722361777,0.0237029681447893,0.498949693981558
0.0154165851417929,0.113728408468887,-0.218566002557054,0.0414996622130275,0.296064578229561,-0.0583277378696948,-0.160067560896277,-0.0760187108069658,0.179071995802224,0.161877385899425,0.177791272290051,0.381928789895028,-1.37340670544654,-1.10162892588414,-0.0837406539358199,0.957639951724559,-1.4836116428487,-1.49596588569693,-0.93902515922673,1.3460973019246
-0.152494267793372,0.248163918498904,0.0054076632950455,-0.0170939257368445,-0.138719158479944,-0.0598213288933039,-0.101591355912387,0.195166393741965,-0.117866764822975,-0.0388575949240476,-1.03714309120551,-0.314482658402994,-1.1526062800549,0.0265426612459123,-0.0250889514572918,-0.227300598286092,0.256095497868955,-1.1227350239642,-1.0792337867897,-0.628218774218112
0.332867780933157,-0.242408698657528,-0.239149385597557,-0.445940001634881,0.332499300828204,0.24616739731282,-0.188846345990896,-0.297398543916643,0.06638238793239,-0.0757587202358991,1.03475060896017,-0.3032181635499,-0.64727457636036,-1.45706371916458,-0.99196205358021,1.11571901687421,-1.27447347342968,-1.30712756398134,0.873780553461984,0.497447140747681
-0.492125272285193,-0.492567052366212,-0.241356417536736,0.0549852445255965,-0.146997317206115,-0.268174994504079,-0.126634429721162,-0.053139078291133,-0.0887708564288914,-0.198227701149881,-0.318199207540601,-1.09507509693503,0.850151612889022,0.965090150479227,-1.35938739054836,-0.644868317060173,0.749079484026879,-0.0601595935877413,-1.18417548830621,-0.104169978993014
0.304634822765365,-0.072687123902142,-0.212013510754332,-0.34099505818449,-0.213747460627928,0.241780668916181,-0.185810526972637,0.0536141878925264,-0.258924929564819,-0.0725176710169762,-0.995568432379514,1.49688532110304,-0.639829502440989,-1.14159143040888,-0.673022647853941,-1.25748137687333,1.09922343073413,-0.255037942668423,-0.53661575471051,1.39356401679106
0.12675591907464,0.328439294593409,0.279377732658759,0.331527662929147,-0.141315213171765,0.163251433940604,0.258309990400448,-0.280552672035992,-0.0799520349595696,-0.269898522784933,-1.46638019545935,-1.22620682744309,-0.793025341350585,-0.613876348827034,-0.763058277312666,-0.159463052870706,-1.13129661837593,0.403011133661494,0.608069844776765,0.956023579230532
0.243820049567148,-0.111504304455593,0.204289162997156,0.420204756781459,-0.38165392819792,0.267950071860105,0.110000802297145,-0.281605531554669,-0.0312024882528931,0.227413879707456,-1.46055542514659,0.0513897179625928,0.312158798100427,1.48431258578785,0.516393438214436,0.673125603469089,-0.272614831337705,-0.303706435253844,-0.251367709133774,-1.23979666689411
-0.254423599690199,0.44451023847796,0.0979257107246667,-0.371732586529106,-0.295087824808434,0.0270039648748934,-0.260954441456124,-0.0107790954876691,-0.0202332321088761,-0.298570220824331,0.58763642446138,1.43956717383116,-0.813300480600446,-0.198045935248956,-0.762433447642252,1.22838074527681,1.28192932228558,-1.33948910725303,-1.26790507393889,-0.934563185786828
-0.350685780169442,0.350361273158342,-0.30357873160392,-0.339015880832449,0.0331031444948167,0.137384515861049,0.13585743564181,0.111998798931017,-0.264386155642569,-0.281726684002206,-1.31952652567998,-0.680496336892247,-1.39689609291963,-1.026926494902,-1.48343887855299,0.229581185616553,0.710830449359491,0.235229993937537,1.46739160409197,-0.435946580255404
0.3948176773265,0.172546297078952,0.0632927084807307,0.303661637939513,-0.184746404411271,-0.265691657876596,0.0959662566427141,-0.209094510460272,0.120892146416008,-0.229831551387906,-1.02635794621892,-1.42392680235207,-1.20856910501607,-0.284367678919807,0.635255581699312,1.30156265432015,-0.570704244542867,0.105066269868985,-0.230944401584566,-0.124161582207307
-0.209491274319589,-0.31036693113856,0.22606086707674,-0.185551570728421,-0.0587047555018216,-0.13413169272244,-0.20729463994503,0.0392983790952712,-0.229050811752677,-0.0634262203238904,0.505169857526198,-0.456942672142759,-1.15346368448809,-1.37926843645982,0.0983872418291867,-0.507204222958535,1.23429191904142,0.685016580624506,0.672835817327723,1.14652775111608
0.00247470173053443,-0.0513666276820004,0.418343738419935,-0.0941488228272647,0.290402309969068,-0.0919871867168695,-0.0468723360914737,-0.133772155735642,-0.138575423788279,-0.0842716451268643,0.633848200784996,-1.35149288806133,1.46454869094305,1.21753346314654,-1.16243020095862,0.488408620934933,-1.01560878753662,-0.116400237428024,1.27142794313841,-1.39753176039085
-0.182963789673522,0.0565370407421142,0.21439163107425,0.321866445941851,0.329553558724001,-0.188169562350959,0.0633039990440011,-0.00221876255236564,0.10963530940935,0.224409674853086,-0.508182826917619,-0.0210281917825341,-1.1079651711043,1.09610842284746,-1.39503446593881,1.22114225663245,-0.135001731337979,-0.145957635948434,-1.17328033642843,0.602467473596334
-0.0505116090644151,-0.317766421940178,0.325093076331541,-0.160810637986287,-0.454901680117473,0.118353528762236,-0.192939687659964,-0.249637360638008,0.120992438402027,-0.200126549089327,-0.439589071087539,1.36072570527904,-1.17762584472075,0.0826391573064029,1.42500857706182,-0.126529689179733,0.705728618893772,1.32922526285984,0.85300620063208,0.712600798811764
0.487340074032545,0.0993533693253994,-0.259776186197996,-0.0995855815708637,-0.0752005458343774,-0.26972420993261,0.28837774512358,-0.094388153264299,0.297170548746362,-0.134894199343398,0.990136771928519,-0.750773846637458,-0.136433333856985,-0.974823150085285,-0.589926458895206,1.22934694681317,0.0898291349876672,0.24926354479976,-0.392603933578357,0.125851090298966
-0.0483390183653682,-0.129423966165632,0.293069123988971,0.20668797637336,0.164821328828111,0.00990999117493629,-0.100909693026915,0.0275593749247491,0.144017880409956,0.178252910636365,-0.415401727426797,-0.174202677095309,-0.6100576040335,-0.825928612612188,0.836585311219096,-1.36318889795803,-0.351618095068261,-0.115933678345755,1.2474515363574,-0.57291295286268
-0.254832625156268,-0.188166637672111,-0.347431909758598,-0.370375266997144,-0.376770158065483,-0.167182449437678,0.0704939651302993,0.227066309843212,0.193585481308401,-0.0807099840603769,-1.16566361999139,0.270052353618667,-0.739554605679587,0.791652665706351,-0.429020326584578,0.284059972967952,0.80432665371336,1.23321084212512,0.838730011833832,-0.759797040838748
0.128753583645448,0.406103967688978,-0.250760086346418,-0.396568690193817,0.350437753135338,-0.237584717804566,-0.0815203486941755,0.167350318701938,0.247069397941232,0.263442110270262,-0.900897837476805,-1.38277724292129,0.501252575078979,-0.0084211234934628,-1.18142494442873,0.95116435457021,-0.254186259582639,-0.14609181904234,1.45841335435398,1.29291856521741
0.476340886205435,0.322466933401302,0.395150036551058,-0.4756103111431,-0.0827448868658394,0.0791985781397671,0.14207033556886,0.0173585624434054,-0.222739237407222,-0.162439562100917,0.539193908683956,-0.595704838167876,-0.461382754147053,-1.03550068591721,0.77490843529813,-0.971908991457894,0.683473065728322,-0.625007908092812,0.0852284089196473,-1.10979366372339
-0.129942365922034,-0.119870044291019,0.150809358805418,0.433606274193153,-0.168651457643136,0.104751440836117,-0.17436492824927,-0.0326743538025767,-0.188750426983461,0.0684965757653117,0.935234407894313,-0.877286760136485,-1.03365915035829,0.890647893073037,-0.946569483261555,-0.502389975590631,1.39020505850203,-0.0675906704273075,0.425045051146299,-1.01227156282403
0.0633730250410736,-0.331866675289348,-0.447103793267161,0.211154798511416,0.400788512080908,0.293808076065034,0.179858333989978,-0.263076056353748,-0.0331445722840726,0.163898081844673,0.716761977877468,-1.2893923970405,-0.341026037698612,1.20512917055748,-0.469896180555224,-0.746212643338367,1.29787681647576,1.16840819804929,1.41229025647044,-0.549594116862863
-0.307409986387938,0.385880565037951,0.405512847471982,-0.198403882328421,-0.143831520574167,0.264955422375351,-0.0295115644577891,0.109132489655167,-0.259420907590538,0.242081421380863,-0.577437782194465,1.10908532934263,1.16065698070452,-0.00306057021953166,0.306140511995181,-1.41311383224092,0.902096992358565,1.41147376270965,-0.148744608275592,0.105946266325191
0.34790765075013,-0.0397082406561822,-0.231087612221017,-0.491939397994429,0.474370392970741,-0.150828976510093,0.0813377839978784,0.129567061224952,-0.246139425644651,0.0783547831233591,0.570664682658389,0.0093698117416352,-1.02601417293772,0.116016301559284,0.919173299102113,-0.421153680654243,-0.567887278273702,1.03025679755956,0.321821090066805,-0.599697214085609
0.160578488372266,0.488264323910698,0.298156786244363,-0.395389038836583,-0.324920780956745,0.185294416872784,0.112942826841027,0.254859400168061,0.00889720413833855,0.172249540546909,-1.41184545471333,0.352504977257922,0.0259495123755187,0.47386843780987,-0.486518035875633,-0.0284825486596674,1.32168421475217,-1.25044929259457,-0.00216632382944226,-1.11777148791589
-0.340751245850697,0.136692061554641,-0.0334182910155505,-0.498157751047984,0.197771754348651,-0.0880322232842445,0.278160850983113,-0.0576499710325152,-0.129418393643573,-0.190843653772026,1.48968460550532,-1.36126123904251,-0.38254585582763,0.568601153790951,1.41206410853192,-0.833352411864325,0.880867777392268,0.0499529975932091,0.418371314881369,-1.17309926287271
-0.273496821522713,0.201007564319298,-0.127254970371723,0.302260107826442,-0.398911268915981,0.121315771015361,-0.165864237584174,-0.250881378678605,-0.290756974322721,0.14455744237639,-0.162864735815674,0.240334611386061,0.0380143728107214,0.340451696421951,-1.42449557525106,-0.075951446313411,-1.28025476471521,0.575260962825269,-1.38435584446415,-0.5430824062787
0.0901787707116455,-0.487670118687674,0.351234944537282,-0.253509644418955,0.425539037911221,-0.234147525206208,0.278730509849265,-0.178599893348292,-0.0933172673452645,-0.0892754421103746,0.764898121822625,-1.19866220257245,0.843908258713782,-0.445291572483256,-0.677246451610699,0.386952672852203,-0.255137803964317,0.999813697300851,-0.917140808422118,0.345174498623237
-0.00962151633575559,0.152045483002439,0.459325241623446,-0.355103174690157,0.415049475384876,0.0549596500117332,-0.235364086506888,-0.166683276090771,0.137885446893051,0.00838057184591889,1.20156462443992,-0.156215860974044,-1.43988512456417,0.0353408893570304,1.34759492170997,1.13159120175987,0.346705138217658,-0.991121657425538,0.714893379947171,-1.1823116268497
0.345154505223036,-0.0661228003446013,0.432203995762393,0.300953034311533,-0.431662201182917,0.0271835897583514,-0.0137818654999137,0.0270404211245477,0.0537744810339064,-0.208855310780928,0.542942916043103,-1.2220381423831,0.494151515420526,0.2840173272416,-1.09480189858004,0.0612910359632224,0.871920998906717,-0.717607968254015,0.698362018447369,0.505267575150356
-0.257839980535209,-0.291661527939141,0.473776587750763,-0.130028849700466,0.316219437634572,-0.0204565585590899,-0.251741654472426,-0.289902025228366,0.00879554226994517,-0.0151918413117528,-1.36350339953788,-0.26320758741349,0.699507699580863,-1.02766580390744,0.609228688292205,1.02729209326208,-1.40629833564162,0.421838698675856,-0.748220899840817,0.21056173578836
-0.0136112661566585,0.300218569813296,0.0684801233001053,-0.224044374655932,-0.0221183132380247,0.143863371480256,0.138837655959651,0.120557973068207,0.179020356014371,-0.0729810400865972,-0.924894163850695,-0.293817806057632,-0.126969458302483,-0.802713965065777,0.0915284897200763,-0.381113447947428,0.282961470074952,-0.796919774729759,0.518159262835979,-1.32438034052029
0.222228802507743,-0.0742360430303961,0.0521941939368844,0.29356939275749,0.0665647962596267,-0.146574554499239,-0.091731938906014,0.226785060111433,0.279175912309438,0.034117279574275,-1.04711327911355,-0.970550845144317,-0.872952797217295,1.02370470855385,1.13314279750921,-1.45308955572546,0.0995138108264655,0.202248995192349,1.03450620174408,1.07388084568083
-0.354197791777551,-0.15516970329918,-0.229734198888764,0.22875652462244,0.244166878983378,0.0653254919685423,0.248626930871978,0.0848411343991756,-0.0842894992791116,-0.154486828437075,-1.10892675211653,1.27622113656253,0.211685461224988,-0.321031927596778,-0.155456046340987,-1.44475551391952,-0.751888442086056,-0.760598740540445,1.31497860210948,-1.03601263440214
0.211616263492033,-0.0391932979691774,-0.110583960311487,0.334186668042094,-0.0377019145525992,-0.251260606013238,-0.223987780837342,0.195331915514544,0.0896606268826872,-0.00394497513771058,-0.0261323929298669,1.30119697703049,-0.252983664628118,-1.20191175676882,0.874899297952652,1.20976605126634,-0.978286693571135,0.310288550332189,0.902130870614201,-0.0971620744094253
0.29958918876946,-0.347920696716756,0.105703772744164,-0.411700915778056,0.00378686422482133,-0.286640575155616,-0.253648446779698,-0.130485130799934,-0.175652385083959,0.0323119645938277,0.152988268062472,-0.749866444151849,-0.677932865917683,-0.132561766309664,-1.46061570569873,1.0201247096993,0.559615626465529,-0.99462684430182,1.45406639180146,-0.615495637524873
0.360136155039072,-0.0613929955288768,-0.470740956254303,0.465798377990723,-0.294305509189144,0.113920295191929,0.274629071122035,0.0941349190659821,-0.0565325758885592,0.201051841629669,-1.47145145642571,-0.7181715820916,0.489265990443528,0.0435890655498952,-0.632344605401158,0.0560209513641894,0.389694946585223,1.48391284444369,-0.124590531690046,-0.286456615431234
0.418840176658705,0.0148954475298524,0.115865929517895,0.440057964529842,-0.441953075816855,-0.16544435955584,0.069212740380317,0.019894954841584,0.0774573176633567,0.268621698394418,-0.471893049543723,-1.24852902302518,-0.370536999078467,-0.142817159648985,-0.855150318704545,-0.527559204725549,0.880593778565526,-0.821501366095617,1.05974623491056,0.844496924662963
0.0245351258199662,0.247827867278829,-0.435578441713005,-0.102345664286986,-0.237610309850425,0.209349029045552,-0.122784645622596,0.0290112500544638,-0.144295218586922,-0.158092579431832,-0.752594672609121,0.836242909077555,-1.24226295878179,-0.049302953062579,1.3041137647815,-0.145617286674678,0.637735165888444,1.42834778758697,-1.21533929184079,1.31653610290959
0.199606223963201,-0.353616218781099,0.294675064273179,-0.24234359851107,-0.0929632207844406,-0.160675774002448,-0.01588548081927,-0.181125511787832,-0.273977305367589,-0.0176604422740638,0.103825405938551,0.593409379245713,0.637852894607931,-0.389202769612893,-0.306431222939864,0.823497915873304,0.734210678609088,-0.705062643857673,-1.11355711449869,1.18648159923032
0.222921366570517,0.400301924906671,-0.0278290014248341,0.0212045114021748,-0.47189799672924,-0.00149999829009173,0.114616902312264,-0.176452583586797,0.287653561821207,0.153013871842995,0.31935348152183,-1.05740221193992,-0.934395850868896,-0.593014676822349,-0.0929496930912137,0.343204793287441,0.984544737031683,0.809868117095903,-0.961954504949972,-0.852511858334765
0.272951619932428,-0.348615838214755,0.376873852452263,-0.383404042106122,-0.309328037314117,-0.136063504451886,0.198186458693817,0.191081113368273,0.0439275221899152,-0.14607767011039,1.27339522819966,-1.14638633234426,-1.29690083535388,-1.10390165867284,-0.0020161725115031,1.49674741644412,0.787913347827271,0.241526453755796,0.925346101401374,-1.02710975334048
-0.224296713247895,-0.0880167088471353,-0.403622276848182,0.0126244463026524,-0.015559883788228,0.182917082263157,0.267048647208139,0.0746170052792877,0.242800323106349,0.00955225517973302,0.0192611657548696,0.765755563275889,0.391206571832299,0.359772834694013,0.0712567633017898,-0.170766512397677,-1.05338481045328,-0.958958410425112,-1.05073545710184,-1.13145160325803
0.272126513300464,0.489181286655366,-0.389899448957294,0.351108253467828,0.0818976948503405,0.252797535946593,0.063417830877006,-0.125221963506192,-0.0459704572800547,0.0962061690632254,-0.836797805037349,-0.452280561905354,-0.753575471229851,0.95390739175491,-0.357227568514645,-0.989040810149163,-1.02599667641334,-0.73981981119141,0.807304161367938,-0.956487657269463
0.00791035150177777,-0.204197130864486,0.427508651511744,0.363385388394818,-0.163134386762977,-0.00681412476114929,-0.271553201414645,0.0986328106373549,0.0246697939932347,-0.0980845715850591,0.257754978490993,-0.978932673577219,1.36784946941771,-0.235643006628379,-0.44111783313565,-0.437410949030891,-0.865185506176203,-0.766765808220953,-0.849759040866047,0.327481535961851
-0.139966058311984,-0.141198034398258,-0.215579793555662,-0.0561568129342049,0.48196357418783,0.214616566244513,0.285587389022112,0.0532913440838456,0.29842337812297,-0.0757903423625976,1.33721580170095,1.43299521901645,0.680011049145833,-1.01298262900673,-0.822621670318767,0.347763909492642,0.430565248243511,0.463919948553666,1.44460761733353,1.07095283665694
-0.172367641702294,-0.00415493152104318,-0.000268894480541348,0.0520139955915511,0.435608255676925,0.204797718906775,0.224553807126358,-0.0885648972820491,-0.0154110540635884,0.194173405179754,-0.279316615546122,-0.982801368227229,0.659043018473312,-0.882492428412661,1.35812114551663,-0.0467251699883491,1.16523686726578,0.461822219425812,-0.491984038380906,1.07556771486998
0.199005792615935,-0.376199814258143,0.224565484793857,-0.310125801479444,-0.468843334587291,0.20196994934231,0.211648621642962,-0.0428498034831136,-0.0507514106109738,-0.233151707053184,-0.624737435253337,-0.0112782823853195,0.689606270520017,1.33692185115069,0.414849119726568,-0.0777672354597598,0.586294803768396,-1.04812409821898,-0.213072085753083,-1.09750853385776
-0.375604137545452,-0.304356565698981,0.108211775775999,0.140103425132111,-0.357063886011019,-0.108677880372852,0.277890598587692,0.138334111031145,-0.216199153102934,-0.116213309811428,1.12362072640099,0.939382161945105,-0.476661721011624,-0.636601464590058,-0.926463432144374,-1.10984991677105,-1.4309278477449,1.15001638443209,-0.58768248022534,-0.663458069320768
0.163771219551563,0.462685640202835,0.476834342582151,0.470941397128627,-0.164292554371059,-0.247468318836763,-0.272073450358584,0.265892093349248,-0.10991451786831,0.249785714177415,-0.487808028236032,1.28425240167417,-1.11693032551557,0.181844755075872,0.971370334737003,-1.05633702082559,-0.315533702960238,-0.891257039504126,0.908155829412863,-1.43576354300603
0.331485697068274,-0.455406547989696,-0.441347890067846,-0.134472009958699,-0.188970785122365,-0.0821300325449556,0.259229211509228,0.0952146590687334,0.0213403013069183,-0.253692275332287,-1.19998126686551,0.990357929840684,0.407139783259481,0.0219120781403035,0.941158213187009,-0.770946106407791,0.744081956567243,-0.950760601088405,-0.973878088407218,-0.222175864269957
0.209934767568484,-0.328479240648448,0.185577304800972,-0.483469104627147,-0.401554210111499,0.146999072749168,0.0385605957359075,-0.141300373803824,-0.138680794928223,-0.0154439633712172,-0.177738851867616,-0.449096448719501,-0.573717839783058,0.0779868259560317,-1.11849059304222,0.0845383652485907,0.900661777239293,-1.20357543812133,1.02405753429048,0.322481810348108
0.325451615964994,-0.408357644220814,0.3322838768363,0.155823837732896,0.499444014858454,0.0372169160284102,-0.0705076850485057,-0.00910898772999646,-0.217153690103441,-0.210865899268538,-1.13851460418664,-0.915825670352206,-0.426711835199967,-1.13592312508263,-1.05532946297899,-0.891429268755019,-1.49710863665678,-1.43825032305904,1.20361375669017,0.501468760427088
0.179934245534241,0.316551091615111,0.46014453121461,0.337877857033163,-0.205901505891234,0.0375527287367731,0.276719475584105,-0.0228288013022393,-0.14015392404981,0.20040289722383,0.735335498582572,-0.203596093459055,0.77908926922828,-0.080032650148496,-1.13506033527665,0.305658637080342,0.0474721190985292,1.31978887505829,0.627736555645242,-0.398230149876326
-0.460261074826121,0.341452226275578,0.499571898020804,0.172601900063455,0.0578446292784065,0.20674625239335,-0.0613628023769706,-0.192941744858399,0.27413983005099,-0.272165375947952,-1.42395516112447,0.263331566238776,0.00123319029808044,0.0471998769789934,-0.334788465639576,1.16355412267148,1.30983469169587,-0.335945272352546,1.28920715209097,0.422643746249378
-0.126181034836918,0.23967410530895,-0.36670186650008,0.172915087547153,-0.135497484123334,-0.207902967464179,0.278588449722156,0.119738236488774,0.138412474142387,-0.136153647350147,0.625614148098975,-0.0809600944630802,-1.13356290757656,0.0146436877548695,-0.993615669663996,1.33006038540043,0.77202155906707,-0.432815771782771,1.10392675828189,-0.978016776032746
0.111969326622784,0.331432758364826,-0.378792094765231,0.112661482999101,0.464448643382639,0.213881146442145,0.193001491203904,0.100395925249904,-0.20153520712629,0.210855910275131,0.847374280449003,1.15435660164803,1.49734618049115,1.1385602101218,-1.37285045650788,-0.80657608481124,-0.0573511628899723,-0.0889885509386659,1.47261426108889,0.881933083059266
0.349529015365988,0.131989856483415,0.303521997760981,-0.284143775003031,-0.291566986124963,0.217260088026524,-0.0127135054674,-0.0529068622738123,0.00316986395046115,-0.214923836337402,-0.494052008260041,-0.157203119946644,-0.564999590395018,-0.117541446816176,-0.817993901437148,0.489498669980094,-1.48787407809868,-1.25685714650899,-0.953167604282498,0.0844882009550929
0.117652216227725,-0.321483723819256,-0.0659025663044304,0.20656298706308,-0.206519118743017,0.133486807532608,-0.201399145647883,-0.246788254659623,0.0845700260717422,0.229180140187964,-0.950771324336529,1.36999994027428,-1.14679309003986,1.27475114143454,0.980831599328667,1.3796871858649,-0.0247098624240607,-0.448047054000199,0.983572983881459,-1.24706088518724
-0.1185982322786,0.0154160191304982,0.222446592058986,-0.46590951224789,-0.297418305650353,-0.0239169239066541,0.257364175887778,0.127771462267265,0.147222532471642,-0.223637844761834,-0.648719521472231,1.04713609954342,0.70973992953077,-0.47919376892969,1.26188298244961,0.266160365659744,-1.30115032265894,0.774617784423754,-0.816917455522344,-0.117482397006825
0.322203724877909,-0.337906038621441,-0.221425864612684,-0.062130585545674,-0.254941598512232,0.0448103413917124,0.161564107937738,0.0380030804313719,0.156952078314498,0.0959455850534141,0.675240872427821,0.920811312971637,0.366798161761835,0.826579584740102,0.102036207681522,0.3739651045762,-0.439110370120034,0.913106222636998,1.29830220225267,1.09437538683414
-0.420937773305923,-0.0418589725159109,0.450948355253786,-0.0230951847042888,0.239223726093769,0.108590509369969,-0.184710697922856,0.151540874876082,0.12536971452646,0.283396221231669,0.79546198155731,1.44023277028464,-1.24571557156742,-0.750735393958166,-1.09072661027312,0.284408623119816,-1.26511584757827,0.0256591835059226,-0.494741166941822,-0.992807958740741
0.424549419432878,0.079222220228985,0.259296608623117,0.44338544155471,0.458951400360093,-0.0797103642951697,0.153717788821086,-0.162420336250216,0.168997094733641,0.134296011272818,-1.26793290884234,0.973993670661002,-0.113038142910227,-0.079307240433991,-1.30091033619829,-1.34654066129588,1.10386634292081,-1.30497537902556,0.418132696766406,0.0977285604458302
-0.327140587149188,0.111145159928128,-0.191444590454921,0.448872122913599,0.343446395825595,0.172277884092182,-0.166681151418015,-0.100648467661813,0.00512141981162129,0.0941259659361094,-0.0265205085743219,-0.181366223143414,1.30529425106943,0.622409919742495,0.700899386778474,1.0652596517466,0.754532806808129,0.369244541740045,0.133870889665559,1.06726154708304
0.329350667307153,0.35867030126974,-0.365212904056534,-0.464367701206356,0.126432996010408,-0.0429108354728669,0.124077396048233,0.0658473210409284,-0.121489860629663,-0.224384781718254,-0.0764827178791165,1.13453874900006,-0.558392449049279,0.736281365621835,-0.362925243331119,-0.453114706557244,0.227825102861971,1.20797321945429,0.335230024298653,0.230753273935989
-0.1058065793477,0.389202757971361,-0.161436602473259,0.489078925456852,-0.298196622869,-0.235216283518821,-0.215203693276271,0.0979989930521697,0.213977603148669,0.290290626883507,-0.244489339878783,0.825353560969234,1.3630481113214,0.0891141565516591,-1.18636333546601,0.894737005932257,0.630697509041056,0.405838778475299,0.00194234191440046,1.22059019934386
0.466699554817751,-0.140228820499033,0.0422609806992114,0.290840350789949,-0.420074155321345,-0.0740023273508996,0.286225404962897,0.0604552093427628,0.272778887674212,-0.00265397178009152,0.57395272445865,-0.446468143723905,0.825684362556785,-1.03147210855968,0.798578031593934,0.509723864961416,1.41993992496282,-0.0816585165448487,-0.819189053960145,-1.13291821978055
0.326671612681821,-0.202549585141242,-0.442768036853522,-0.388265587389469,0.497097374871373,-0.178678946988657,-0.0673253978602588,0.0244265920948237,-0.109104684088379,0.0169295165687799,-1.21670638304204,-0.98666078899987,1.33370866044424,-0.572725715115666,-0.536603589076549,-0.671614348422736,0.471069736406207,-0.0680940505117178,0.692716222722083,0.807900827145204
0.14866650220938,-0.332809493411332,-0.00181913212873042,0.0154101587831974,0.283982377499342,0.214797487249598,-0.153444812586531,0.198529409710318,0.24422240559943,-0.0265036239288747,-1.00243946746923,-0.355298720765859,-1.41704366519116,-0.54710020381026,0.982856740476564,1.09095820016228,1.16742708929814,-0.947443661978468,-1.25110554951243,-1.00995559198782
0.487443728605285,-0.0149329744745046,-0.132716283900663,0.127314639743418,0.331103819422424,-0.163263485161588,0.228449765173718,-0.173411048110574,0.149915527040139,0.266232884768397,-0.692642913898453,0.139516085386276,0.883017929038033,-0.853408634662628,-0.303998133167624,-1.19773301901296,0.544959462946281,1.41853810334578,1.28684661258012,-1.10607879376039
0.0502601743210107,-0.355609246762469,-0.285505644977093,0.492565309628844,0.284110969398171,-0.187217932054773,0.148632319970056,-0.195366940414533,0.16239229333587,-0.260441127838567,-0.037749067414552,-1.07395826652646,1.33653125795536,-0.92891258164309,0.341762887313962,1.00770529755391,0.484225301770493,-0.578404636820778,0.250762908020988,-1.20149876363575
-0.381825865712017,0.0900170330423862,0.0956278918311,0.450872784946114,0.423600425943732,0.192829145444557,0.215841467119753,-0.227919760392979,0.231004510028288,0.190181405749172,-1.11985279619694,-1.03335930244066,1.33447118801996,-1.40635685320012,-0.987603973830119,-0.505976008716971,-1.06295683700591,-0.235465260688215,-0.936993982410058,0.842631633393466
-0.203849107958376,-0.0639257302973419,0.0972140366211534,0.471094027394429,-0.0250265414360911,0.0903427321929485,-0.173384412098676,-0.259313459694386,0.26964056789875,-0.132516008941457,-0.149929857579991,1.24868133477867,-0.333903156453744,0.921041284454986,-1.27565308660269,-0.428632444934919,-0.82737886835821,1.27367244847119,-1.38024455797859,0.338904249714687
-0.156779868761078,-0.150807691272348,-0.0767332441173494,-0.397437033709139,-0.415694441180676,0.0228893706109375,-0.0547599328681826,-0.154454836528748,0.171538982307538,0.173656842950732,0.728283737087622,0.550511325476691,-1.19198746536858,1.34173184051178,-0.806898585520685,-0.0642481839749962,0.992606749758124,-0.768113436643034,-0.863755549304187,0.561940176878124
0.0235409340821207,0.402097698068246,0.177017909707502,-0.092565389117226,0.350757929962128,-0.185411506472155,0.0484200121834874,-0.0797908248379826,0.0330819774884731,0.0311421846505254,-1.30460141552612,0.930625991430134,1.24661185196601,-0.573370150057599,1.01408092724159,-0.825337851187214,1.18575501115993,1.12982550775632,1.15258027310483,-0.698423430556431
-0.0447067739441991,-0.0283989086747169,0.402036507846788,0.179733050055802,0.32929094391875,0.119942007679492,0.177705788193271,-0.0337978407740593,0.117791817616671,0.0326413634698838,-0.62703742319718,-0.20459439069964,1.2355343545787,1.2631216859445,0.35885839140974,-0.713360871188343,0.975481282453984,1.31507543055341,-1.31607524910942,0.858919252641499
0.364395486656576,-0.222383469808847,-0.361054417444393,-0.451548830606043,-0.0545319309458137,-0.149491240829229,0.0912573568057269,0.139312994666398,0.144080757116899,-0.0254335506353527,-1.38363791420124,0.281013577245176,1.13012584461831,-0.871688096551225,0.311100223800167,-0.94693884300068,-0.305715680122375,0.987622569082305,0.316527260933071,-0.54152058949694
-0.272650129627436,0.135241832584143,-0.260120907099918,0.340244540246204,0.263117020716891,0.0668627330102026,-0.0698443880304694,0.202454161131754,0.0838682812638581,-0.165500386012718,-1.06262329523452,-0.364580205408856,-0.396897917613387,0.752333299722522,0.745469902642071,-0.980823130114004,0.981768677942455,-1.27402085834183,0.655252792406827,0.554373348131776
-0.132879488868639,0.0906898069661111,-0.164203500840813,0.0542082244064659,-0.446257908828557,0.0605350694619119,-0.171253673220053,-0.111030112020671,0.16363354367204,-0.171052329149097,-1.08783082268201,-0.823344262316823,1.22140134754591,1.03770472761244,-0.559236981673166,0.99800168001093,-0.906435630982742,0.450774428900331,0.639030837686732,-0.721752339508384
-0.0488706768956035,-0.104724802309647,-0.357548818457872,-0.0313425099011511,0.341119368793443,-0.124287535110489,-0.136037673521787,0.0905653041321784,-0.0467896556016058,-0.295464056404307,0.484110023360699,0.129727395018563,0.4254689225927,-1.49596154526807,0.0138874514959753,0.580608150456101,-0.269159654388204,1.37893560575321,-0.430240191752091,-1.40779112814926
0.41180613823235,-0.457492612535134,-0.0817364777904004,-0.199517493136227,-0.422847198089585,0.0465530693996697,0.0482618423178792,0.0987064125481993,0.222015441767871,0.213673601858318,-0.0115625637117773,-0.0682703533675522,-0.625366513850167,1.28444497170858,-0.021018813829869,-0.38498751539737,-0.391039227833971,-0.0358671513386071,0.822729015955701,1.14752276404761
0.130228904774413,-0.213774050818756,-0.460772861959413,0.365102048963308,-0.172389987390488,-0.0059904595836997,-0.273270209832117,-0.188979433150962,-0.101644422020763,-0.0682623019907624,-0.53299434366636,-1.24634752934799,-1.01124361669645,-1.30778903653845,1.34310660883784,0.766008081380278,-1.30237150099128,0.104322434635833,-1.01788669405505,1.40341438329779
-0.114073938690126,0.0141901329625398,0.126930854050443,0.146611277246848,0.496529889060184,-0.185495652258396,0.239476944878697,-0.0968748550862074,0.0861614721827209,0.0240630602929741,1.16599287302233,-1.01662135636434,-0.127133335685357,0.499028249178082,0.907466779695824,0.429626635042951,1.30630158050917,1.05795487202704,-1.02801182353869,0.274717639200389
-0.465891693485901,0.0415163713041693,-0.131605767179281,0.193994082976133,0.473536961246282,-0.0305681152269244,0.0740863228216767,-0.143884150916711,-0.293039541039616,0.152779468148947,1.01851797779091,0.654108942020684,-0.685824798652902,1.26976378331892,0.934253172716126,-0.406362190609798,1.15332388691604,0.563458175165579,0.0929530095309019,-0.509913383983076
-0.477936179609969,0.144976864568889,0.0320195616222918,0.484172530239448,-0.315877774264663,-0.159785167174414,-0.174995353398845,0.100118056777865,0.190777930151671,0.248924921359867,0.585268627619371,-0.640978136798367,-0.0814194150734693,0.895604482619092,0.584446913329884,-1.20044171344489,-1.2519987327978,0.8901137416251,-0.457840127404779,1.41255373251624
-0.158231391105801,-0.245650697499514,-0.0270110806450248,-0.391802362864837,0.378538047429174,0.276930321380496,0.111791393207386,0.11096904091537,0.272457535006106,-0.042201279848814,-0.374976862454787,0.358745147008449,-0.961750747868791,0.747098390478641,1.16745776915923,0.532424968667328,0.478804609039798,-0.685844241874292,-0.495976681821048,-0.278960986062884
0.327185143949464,-0.453315503196791,-0.428399379365146,0.0329992496408522,-0.235951002454385,-0.0244814976118505,0.262681519333273,0.25853009861894,0.197115139849484,-0.188444340135902,1.01369872083887,-0.0610319066327065,1.21332256263122,1.19076928426512,-0.948917865520343,-0.777613637270406,0.229765616822988,-0.842201194027439,-0.869770925492048,0.024952293606475
0.202627184800804,0.252972526708618,0.176967852050439,0.0504549413453788,-0.270125491311774,0.184704396408051,0.286422394635156,0.283635339746252,-0.171204032795504,0.14836612790823,-0.72484361124225,0.58952202508226,1.26097871549428,0.82870250637643,0.836747255176306,0.235070222290233,0.0163407346699387,0.880712083540857,-1.38695448590443,-0.898765973746777
-0.168322004145011,-0.161179000278935,0.331034975824878,0.30885525397025,-0.053945509949699,0.107100280188024,-0.162883108668029,0.245844718487933,-0.12860312378034,-0.179122660355642,-0.436890589306131,-0.90439423173666,1.34352375101298,-0.869012676179409,-0.438331848476082,1.26777526829392,-1.21276539727114,-0.0888267857953906,-0.367754366481677,1.32909012841992
0.0639142747968435,-0.102489073295146,0.485046000452712,0.3374397251755,0.296040733112022,0.196568410098553,0.161838837107643,0.0560288070235401,-0.214858686598018,0.175545144360512,0.651143760653213,0.661553955171257,-0.740725237643346,1.12819096958265,1.30059804115444,-0.982650549849495,-1.14148275973275,-1.10771805164404,-1.42311276658438,-1.18565153097734
0.235666741849855,0.0537796728312969,0.340733940014616,-0.220881341025233,0.282978181261569,0.299225252028555,-0.230833737691864,0.265750089520588,0.0717900283634663,-0.0380149433389306,1.43656885810196,-0.497482302831486,1.12965582311153,-1.4448698060587,-0.67100744554773,0.959141290280968,-1.31727759819478,1.11207098630257,1.41269761417061,0.827167789684609
-0.0605381759814918,0.373538649873808,0.370945459697396,0.363781838212162,0.116843795869499,0.0728998336941004,-0.0708315898664296,0.0314326444175094,-0.275788579601794,-0.0998153430875391,-0.856653098249808,-0.717144365888089,-1.41119074006565,-1.40523747727275,1.16773332213052,0.953688086941838,-0.897556690732017,-0.719060416566208,-1.06006455724128,0.0279839923605323
0.120012832805514,-0.0133888877462596,0.288596679456532,-0.229073785478249,-0.414125257404521,-0.0337121295277029,-0.0181406789459288,0.149724295036867,-0.136234581610188,0.276927946787328,0.995133364805952,0.301987922284752,0.185661043971777,-1.42002656729892,-0.481954095186666,-1.08685576287098,-0.825775668025017,0.0994862881489098,0.686160790035501,0.186852342216298
0.463504339102656,-0.438819209113717,0.391128119314089,0.405766391195357,0.358266696101055,-0.0384462262038142,0.0689644717611372,0.0936146799009293,0.205428822152317,0.273957999888807,1.4000863765832,1.09045062214136,-0.261776464758441,-0.822290998650715,-0.286670528585091,1.41303234407678,-1.30543457879685,-1.00720455427654,-0.969791943440214,0.585798472166061
0.230041773291305,0.0233441859018058,-0.24515743041411,-0.386464729206637,-0.242988992249593,0.0937953445594758,0.116172549175099,-0.0187140107620508,-0.297941464930773,-0.297368657262996,0.155486351810396,-0.629843286238611,-0.367780870059505,-0.350940869422629,1.13992925360799,-1.09445291315205,-0.305129139684141,-0.107284096302465,0.776027213316411,-0.64550748327747
0.189259408740327,0.289834283292294,-0.128498936071992,-0.0955589008517563,0.332775316666812,0.297761518042535,-0.184131826786324,-0.00238978271372614,0.25111086233519,-0.0227851008530706,-0.703760652802885,-1.19342620437965,-0.989902972010896,1.26853185030632,1.27009787689894,-1.17412876174785,-1.43289927556179,-1.14748164801858,1.03876150050201,0.215027956757694
-0.0585248747374862,-0.0673429362941533,0.067665017908439,0.193471520440653,-0.0290178831201047,-0.289582020789385,0.0108166063204408,0.142092859419063,0.169752676505595,0.113791648065671,-1.12474146718159,-1.44309409428388,-0.462891249451786,-0.370714151998982,-1.44649941567332,1.22494661528617,0.567105500260368,-0.223902457393706,-0.747834019130096,0.986275816569105
0.0117753641679883,-0.158108030213043,0.447795722866431,-0.086158407619223,0.445980870164931,-0.0659762345720082,0.106037652259693,0.234201765060425,-0.209150106227025,-0.134216978866607,-0.482012916589156,-0.0469823924358934,1.48715453222394,-1.26568156806752,0.0464982676785439,0.738259147619829,1.21883191424422,-0.509302681311965,1.2740911510773,-0.22942575160414
0.138634894043207,-0.157117389375344,-0.124645655276254,-0.152563308598474,-0.325140247354284,0.123756359377876,0.020208774972707,0.29706245069392,-0.264301943778992,0.221135221933946,0.133319690823555,0.0629234290681779,-0.687540224287659,0.218035222264007,-0.308244359213859,-1.38586730347015,1.37681353418157,-1.02470118482597,0.714308979688212,-1.2811213361565
-0.276307837571949,-0.28872429439798,0.490541818086058,0.10458661429584,-0.27820059331134,-0.0377378722652793,-0.16601197659038,-0.0956809727009386,-0.172568486910313,0.234289730200544,-0.68922510696575,-0.197531597223133,-0.0506337324623019,0.30987387872301,0.052739130333066,-0.343024907168001,1.00259830313735,-1.12882680818439,1.05136714386754,0.613168503390625
0.174353341804817,0.25887662707828,-0.194120133062825,0.246046255808324,-0.0116791368927807,-0.193964185053483,0.0289247398730367,-0.213521143002436,0.261526420852169,0.0815147177316248,1.19591148197651,0.630812544375658,0.310882391408086,1.13248567166738,-0.0980025564786047,1.15039303922094,-1.17224551644176,-1.08254399034195,1.24272215296514,0.915425550425425
0.0247349315322936,0.464604512089863,0.172266153385863,-0.00570015283301473,0.25008356012404,0.10266255280003,0.170862447330728,0.00426296666264536,-0.0181399620138109,-0.284316753968596,0.243194768205285,1.14506053947844,0.559280461398885,0.916024577105418,-1.0805389622692,-0.584670267999172,-1.45984539482743,0.709336817963049,0.109597167000175,-0.108357879566029
-0.421298753935844,0.466641794191673,-0.137128203874454,-0.154279353562742,-0.0752258878201246,-0.154516308987513,-0.255559310177341,0.12205747012049,0.255649990215898,-0.00781390615738931,1.38608882250264,0.644977188901976,-0.382852005539462,-1.4245401090011,-1.09604132082313,0.602765854680911,-1.0078076608479,1.26929342583753,0.120270526735112,-1.30061469390057
0.0968619380146265,-0.0847375337034464,-0.498850755160674,-0.113699835725129,0.203273459570482,-0.0944120203144848,0.168577688187361,-0.256676340568811,-0.0350174822844565,0.0923392205033451,0.718614268815145,-0.529355061007664,0.839478462701663,1.24251276743598,0.0844725463539362,-0.191890003625304,1.02394871762954,-0.123272144934162,-0.158184733008966,-1.31689871032722
0.169429505011067,-0.355201792437583,0.473626869730651,-0.0997211360372603,-0.195414686109871,-0.144219399243593,-0.253567006392404,-0.0573893174529076,-0.165939914016053,-0.169264079304412,0.110480421921238,0.257591735338792,1.08397030457854,-1.10876099299639,-1.02379513601772,1.06547230132855,-1.40492411772721,0.802342073293403,-0.0091254583094269,-1.01175095862709
-0.0958108305931091,-0.223041913006455,0.0470221161376685,-0.324477491201833,0.292059449944645,-0.158472822932526,0.203122353320941,0.0785700267646462,-0.226699231518432,0.150737094786018,-0.194126409944147,0.0698791765607893,1.19118293887004,0.402478559408337,0.251590664964169,0.578047177987173,-1.10639312071726,-0.727819203631952,1.4587208640296,0.60380000830628
-0.133668449241668,0.380643569398671,-0.210942938923836,0.0334144500084221,0.00961615913547575,-0.269120538281277,-0.0261674732901156,0.0952906038612127,-0.175807466357946,0.190433777030557,-0.767511236714199,0.126897016307339,0.389985023299232,1.07258959533647,-0.896193384658545,-1.39597722399049,-1.0524267477449,-0.648701635887846,-0.697620105464011,-0.792692437302321
0.425413373159245,-0.0659429368097335,-0.386395783862099,0.305670490255579,-0.121220329310745,-0.229184534680098,-0.267223780229688,0.184216032363474,-0.0730383027344942,-0.0486269605346024,0.0939629485365003,0.60817286465317,0.0661545807961375,-0.953876327723265,-0.232092430349439,-0.0207873964682221,-1.2108221759554,0.648152927868068,-0.613586358726025,0.710348019143566
0.220548698445782,-0.297105980571359,0.482536948053166,0.447472167899832,0.186835567932576,-0.0718021587934345,0.207454275386408,0.000439455639570929,-0.223980343993753,-0.125963247567415,1.32168710511178,1.20890578161925,0.580518434755504,1.319956142921,-0.651965830475092,-0.287841294659302,1.16742383572273,-0.619563187938184,-0.997346000047401,-1.49876211863011
0.270521823782474,-0.37777012377046,0.123335287440568,-0.421559898881242,0.315692390548065,0.0851087252609432,-0.277292157942429,-0.190044965688139,-0.176266713347286,-0.00833068094216288,1.47723137168214,0.756912095239386,-1.12314510298893,-0.612397862831131,0.216784702381119,-0.897206289460883,-0.926048438530415,0.64357599732466,0.551803944865242,-0.234344312455505
-0.345219894312322,-0.218082307605073,-0.141875094268471,0.0478226344566792,-0.209863225696608,0.0566724554635584,0.271836294885725,0.0189553534146398,0.0750602519139648,-0.0273946284782142,-1.33071275590919,0.343137051444501,1.33326127636246,-0.702994421124458,-1.49648027960211,-0.700320191681385,0.10834931046702,0.855311858933419,-0.84835966816172,0.617553879506886
0.255047416780144,-0.0312948715873063,-0.480021409923211,0.070496101398021,0.0341962624806911,-0.0991440238896757,-0.103416985552758,0.220041719544679,-0.00237229331396521,-0.165604422893375,-0.293791263364255,0.877878938103095,1.38975138729438,0.441149140242487,-0.579618723364547,-0.42058274243027,0.209962145425379,-1.46554681356065,-0.851949581410736,0.625440523261204
-0.162584449164569,-0.148209346923977,-0.101229913532734,0.235556660685688,-0.226919014705345,-0.064821090688929,0.252301044110209,0.205837165284902,-0.244732212089002,-0.141163279954344,-0.678319289116189,-1.4776459929999,-1.44574286229908,0.62494924874045,0.346625806996599,1.34775630547665,1.30769808311015,-0.3424268939998,-1.28935934859328,0.99356191791594
-0.398087095469236,-0.120309020858258,-0.298791846260428,0.14922299538739,-0.217844270402566,-0.0272351391613483,0.131241790344939,-0.0494995546527207,0.152736124629155,0.20286927795969,1.1687736720778,-0.800362941110507,-0.213674500817433,-1.04992646165192,-1.21721885190345,0.211002212483436,-1.24254742939956,1.25544005725533,-1.20180504536256,-0.147273822454736
-0.205696501303464,-0.223232647171244,-0.173543777316809,-0.308571200817823,0.00600455072708428,-0.0337483245413751,-0.0792267210781574,0.194686669763178,-0.156632106145844,-0.0541106805671006,0.486689629498869,0.574776562163606,-1.20919864811003,0.781926898285747,-0.323456152807921,-1.29457728588022,-0.0252228488679975,-0.65895566297695,0.17359254648909,-1.08562610694207
0.338849359191954,-0.137345147086307,-0.425337839871645,0.498776879860088,-0.286810148740187,-0.220080582099035,0.223686131509021,0.0502938823308796,0.252563894167542,0.0868607679381966,-0.730262042954564,-0.37227646401152,-1.22157381358556,-1.01318583567627,-0.262304900446907,0.455187446437776,1.13018227997236,1.33058048528619,-0.880179912317544,0.0706989958416671
-0.142445475561544,-0.0681692732032388,-0.146138563053682,-0.0293693272396922,-0.310796772362664,0.132846105471253,0.174524983204901,0.177939364593476,0.135046430490911,0.100917080836371,-1.24724125606008,1.03194859600626,1.16711571486667,-0.557466907426715,-1.25464841444045,-0.671297819120809,0.922846617875621,-1.18142918567173,1.29491236503236,-0.833754628663883
-0.453566445270553,0.327045924263075,-0.342068133642897,-0.112398348515853,-0.428980021039024,-0.186448654672131,0.122224162565544,0.0794996927026659,0.229604451684281,-0.122020309511572,0.183521112659946,0.400140176061541,-0.509796950267628,1.14332866924815,-0.00264656217768788,-1.30438580852933,-1.02659720415249,0.267476502573118,0.0242101263720542,-0.195653070230037
-0.186091473791748,0.220354308374226,-0.0451835389249027,-0.434261160437018,-0.430051685543731,0.216541309235617,0.0465492781251669,0.00601093154400589,-0.25909674083814,0.113211191771552,0.0609326809644699,1.35739758540876,1.078640188789,-0.0283527618739754,0.959422907559201,-1.36372338607907,0.500273206271231,-1.49790416657925,-0.755533666815609,1.06730385893025
-0.403926839586347,0.327506906818599,-0.0973417386412621,-0.132212258642539,0.495610282290727,-0.226709360210225,0.0817645013798028,0.0692034433130175,0.0923803734127432,-0.16835202164948,0.0409179038833827,1.2541593129281,0.7697185263969,1.42173731373623,-0.830642410553992,-1.4252752061002,-1.24950391380116,0.0545104395132512,0.521528566488996,0.852240187581629
0.369375344365835,-0.441348095657304,-0.223972498439252,0.369782943744212,0.220359246945009,0.289323082286864,0.0643648406490683,-0.0821572670247406,0.0580534797627479,-0.123853922914714,-1.39062709640712,0.625391469569877,-1.31878350418992,0.380675041582435,-0.975952055538073,0.158665081718937,1.01316236006096,-0.151632085908204,0.89192255702801,0.22958366246894
0.350667577236891,0.451055565848947,0.427055207779631,0.213612713152543,-0.3457192548085,0.18915073662065,0.0591739157214761,-0.0811156417708844,0.263052277872339,0.159278234001249,-0.0892012026160955,-0.0632860762998462,-1.33556882478297,0.973383611999452,-1.37050635740161,-0.810000695753843,-0.289355553919449,0.593045701738447,-0.674451473169029,-1.0407890053466
0.487895433558151,-0.337562107481062,-0.394958522869274,-0.291095924796537,-0.123460188973695,-0.256001741951331,-0.153269040724263,-0.114062311733142,-0.0956368365325033,-0.122584414249286,-0.176676803966984,1.33851373381913,-0.139413694152609,-1.0254111669492,-0.696630247402936,-0.842483822721988,0.124847916187719,-0.528186178067699,-1.25770502281375,1.39791480847634
0.468511012615636,0.0843014065176249,-0.135758735006675,0.171525066718459,-0.39623318426311,-0.269576951349154,-0.158810122171417,0.105132488440722,0.19020633478649,0.0588307302910834,0.179633356863633,1.09068776504137,0.223640813492239,0.489497366594151,-1.37851163372397,-0.758974657393992,0.648485586745664,0.786474040942267,0.865646504564211,0.445259833009914
0.00318156601861119,0.324896907433867,0.403891624184325,-0.0802251514978707,0.397297699935734,-0.0179172931239009,0.122301875939593,0.181138475239277,0.274230626318604,0.222636738885194,-1.29934213799424,-1.07124602096155,1.43856540438719,0.982414152240381,0.250845511676744,1.08256918773986,1.17458032281138,1.2585156946443,0.367550217546523,0.485686834668741
0.181392213096842,-0.40501460316591,-0.400750510394573,0.193339477526024,0.111030448460951,0.249138410808519,0.12025864943862,0.259990179212764,-0.137341476324946,-0.170577966654673,0.739802948897704,-0.87353008473292,-0.445303200278431,0.871135226916522,-1.45778579777107,-0.435475814156234,0.727391845313832,-0.431903544813395,1.10241200658493,0.932435665279627
-0.436180954100564,-0.0548273243475705,-0.298708465648815,0.492283088387921,0.151960267219692,0.188992074038833,-0.151299435691908,-0.00680984077043834,-0.118499543750659,-0.214280312089249,1.1697407530155,-1.34630878712051,0.235232581151649,0.893932426348329,1.3035879379604,-0.577581028919667,-1.44728366564959,-0.628601164324209,0.0183303330559283,0.370275833643973
-0.445401581702754,-0.232425294350833,0.117770588025451,0.157701467396691,0.148452805588022,-0.131656483747065,-0.176638376433402,-0.216876416746527,-0.148601810261607,-0.063551723677665,-0.476945313625038,-1.31843611272052,-1.29355673887767,-1.41956074582413,-0.675533848581836,0.364942678017542,0.409121498465538,0.90511621744372,-0.650766099337488,-1.25270829722285
0.0120094453450292,-0.372536884620786,0.251865162979811,-0.1842610926833,0.136152035556734,0.133796110935509,0.186278527323157,0.215276929736137,0.240961880749091,-0.154420200409368,-1.37198899732903,1.01360964844935,-0.104025606997311,-0.186150746885687,-1.39636822370812,-0.436364080756903,-1.04976336029358,1.26703199185431,0.66706487420015,-1.49327459209599
0.370690822834149,0.22460707067512,0.211927338968962,0.00854970258660614,-0.028120853472501,0.114453543629497,-0.246451468952,-0.00930523881688716,0.208920546853915,-0.296039215894416,1.15282064024359,0.125613644253463,1.19923198409379,0.491577544016764,-0.870867863763124,1.20862140879035,0.515946101630107,0.28924787719734,0.277667646529153,-0.345024262089282
-0.0977817119564861,0.107440420426428,-0.271710147848353,-0.36174474703148,-0.0203729819040745,-0.247476037871093,0.211208159197122,0.191330285556614,0.0458858768921345,0.0228922598529607,1.04055101866834,-0.913000284461305,0.325249689398333,0.342770188115537,1.12892277399078,-0.524254251038656,0.265148382866755,-0.617875506402925,1.1282446172554,0.899880097713321
0.439660175936297,0.489576301537454,0.461093743564561,-0.479583986802027,0.0186854980420321,-0.0538872954435647,0.231941523542628,0.191518363310024,-0.0757513757329434,-0.22589138187468,-0.154945757472888,-0.396385848289356,0.843413858441636,-0.726832448272035,0.470202733296901,0.721550771500915,0.0962590291164815,-1.1833979326766,-1.45515951630659,0.708576850360259
0.174389061518013,-0.100178426597267,-0.261108364909887,0.343413051450625,-0.00330252549611032,0.288421393744648,-0.122069145832211,-0.0663111944217235,0.0241027871612459,0.279796674242243,0.818744204705581,1.41271761688404,-0.36382472072728,0.964896365767345,1.31198485731147,-0.743745767511427,0.659525846829638,0.312651870539412,-1.43725031521171,-0.0258135956246406
-0.38886243593879,-0.40041138115339,-0.154702856205404,-0.291555105708539,-0.0182482053060085,0.135233536362648,-0.167162468936294,-0.2331233818084,0.0625763112679124,0.135168524505571,-0.901398732326925,-1.0072964115534,1.49795750202611,0.97036750568077,1.31513517536223,-0.792115531861782,0.987699264893308,-1.12541804113425,0.859559203265235,-1.1648682213854
0.315970327006653,0.0258566350676119,0.458292491966859,-0.485125995241106,-0.32073743455112,-0.0973129739519209,0.135328271985054,0.209225672716275,-0.00225546648725866,0.102391098858789,-0.326875339262187,-0.00800336874090135,-0.413800545735285,1.43796713696793,-1.10590475611389,1.13904971675947,0.41735722264275,-0.474908374948427,-0.489234494045377,0.466825209092349
0.0711160290520638,-0.22615056228824,0.0702741760760546,0.121137053472921,-0.115884504048154,0.188271319074556,-0.297837021248415,0.173270781431347,-0.189364491496235,0.123544212989509,-1.09219240746461,0.554530683439225,0.0975479695480317,-0.013624349841848,-0.404378773178905,1.09391315840185,-0.047190452227369,-0.993365200934932,0.92431242344901,-0.778650261461735
-0.312596353236586,0.116564065217972,-0.138011820148677,-0.388591666007414,0.490322120254859,-0.0816524367313832,-0.0149386125616729,-0.262074600392953,0.109722072863951,0.263926520990208,-0.11975236935541,-1.23721164255403,1.27622072934173,-0.120732334675267,0.566514024976641,-0.221414292231202,1.12620301335119,-0.679665579926223,-0.936063725268468,1.47605628683232
0.480490824440494,-0.15908349561505,0.0135585672687739,-0.430696797324345,0.169592373073101,-0.00942864767275753,0.0872839509509504,-0.00950090694241223,0.269503766298294,0.0646616044454277,0.560340422904119,0.134826822672039,-1.01178946089931,-1.0092276907526,1.45265678828582,0.87891187844798,0.62624378898181,-1.37412341823801,0.58035309961997,-0.4278586122673
-0.2961647992488,-0.043162037152797,0.22646146803163,-0.266644271556288,0.421594374347478,-0.111793954577297,0.0978292103391141,0.218247113283724,-0.27326848693192,0.238240369129926,0.495615171734244,0.442304742056876,1.31558154872619,0.49078839761205,-0.244812409859151,-0.34690698212944,0.0726931351236999,0.225485901581123,0.429480988299474,1.03295281226747
0.329422709299251,0.0289453691802919,-0.457157934084535,0.219498452497646,0.0737187576014549,-0.010631527332589,-0.256987963663414,-0.222201066138223,0.0347158099059016,-0.0856911040842533,-1.13785891863517,-0.0671246708370745,-1.47696671937592,-0.818055351264775,-1.12661079573445,0.291200284380466,1.44266343489289,-0.756286772433668,-0.0760272732004523,-0.994912790833041
0.115559922764078,0.202262706356123,-0.369397474918514,0.205655308905989,-0.303759015630931,0.0225072474684566,-0.00890468778088688,0.196903296746314,0.175792913418263,-0.168744808388874,0.743853634223342,0.962947601219639,0.715762114617974,0.177510524634272,1.44407072849572,0.538182479795069,0.697642321698368,-1.01973078539595,-0.475297554396093,-0.840203350642696
0.22986675077118,0.0715495673939586,0.230628028744832,0.443158021429554,-0.221035439055413,0.148105509253219,-0.148067458346486,0.241639836318791,-0.0911968667060137,0.0957324581220746,-1.46732112905011,0.947669541696087,1.32173352828249,-1.12489886116236,1.22250341554172,0.690280107781291,1.43751113838516,0.664398937951773,-0.366018787957728,-0.035959423519671
-0.322490396909416,0.402254352113232,-0.211860313778743,-0.462417158298194,0.404335273895413,-0.165537843061611,0.027166050625965,0.152363546658307,-0.170477668102831,-0.269108180841431,-0.924269772833213,0.673034850507975,0.471008899854496,-0.774501799838617,0.0804759319871664,0.297924787737429,0.729652873473242,-0.613193199271336,0.745436375727877,-0.998616335447878
-0.370312048122287,-0.0702620344236493,0.0495912455953658,-0.40031322510913,0.170871118549258,0.208432319713756,-0.188117859419435,-0.229388605663553,0.0128418961074203,0.0681652958504856,1.48728012666106,0.0807734965346754,1.24121863231994,0.928939855657518,-1.39194842311554,0.0767667009495199,-1.44756409619004,-0.820189070887864,0.469911033986136,-0.631935192039236
0.217379933223128,-0.316526508424431,0.233002858469263,0.220163417048752,-0.0194472037255764,-0.230095567647368,-0.0788502068258822,-0.0941467061173171,-0.278533259080723,-0.160923626320437,-0.403147503035143,0.784166694385931,0.781864794669673,0.899615477537736,-0.863494928693399,-0.604462050134316,0.565015150001273,-1.04835082450882,-0.416189925279468,-0.150436430471018
-0.280460168607533,0.122788253240287,-0.278342482401058,0.37870420422405,0.184958048863336,0.2211443584878,0.187369589461014,-0.182324463687837,-0.0817634099163115,0.250798942521214,-0.499639718094841,-1.33752895379439,0.988971843151376,0.268900755560026,1.45478278677911,-0.148963117506355,-1.17653446854092,-0.77002800651826,-0.34063866105862,-0.38056893995963
0.172889727167785,0.0660849518608302,-0.481562281725928,0.101068952819332,-0.450088101672009,0.223851385619491,0.219791157077998,0.181954166432843,-0.165697569446638,-0.243948130868375,-1.04825571505353,-0.704085421515629,-1.0407190953847,0.618779809679836,0.795376018853858,-0.313929928466678,0.599750601919368,-1.05281401053071,1.03787432215177,1.11691636196338
0.0361228846013546,0.0857533500529826,0.386693209642544,0.267831305973232,-0.398482884513214,-0.128471981780604,-0.0133260190486908,0.148206343548372,-0.263864450203255,0.202176132425666,0.447154064197093,-0.0830939321313053,0.487948735943064,0.92829205119051,0.892303699627519,0.833342464640737,0.658336529508233,0.508807823527604,-0.306924040429294,0.558858027448878
-0.171719609294087,0.413512267870829,-0.132721428293735,0.326776368077844,0.453630067175254,-0.2772983844392,-0.213955939700827,0.210757160838693,-0.068752794759348,-0.14763359259814,-1.21129280375317,0.139037304790691,1.3527151287999,0.0773332100361586,1.15371856489219,0.421813318273053,0.489261056296527,-0.93315498623997,-0.474948684219271,1.47493114275858
0.424078041920438,-0.415885035647079,0.393906974233687,-0.199121769284829,-0.440349756972864,0.0658006999175996,0.249706203583628,-0.149016646295786,0.185203696321696,-0.124837667355314,-0.872790164547041,0.913380542071536,1.05189252924174,-1.24109336547554,-1.08810528181493,-0.27135293581523,1.18099543475546,-1.22575594880618,-0.651217316044495,1.0063350351993
-0.156192488502711,-0.296369753079489,-0.444498533615842,-0.428720424417406,0.322191766696051,-0.0569448839407414,0.293158262036741,0.298089438630268,0.0787273372057825,0.268094497220591,-0.919566759606823,1.39345660689287,1.10961249517277,0.955665125045925,-1.25211995956488,1.12679100176319,1.45519895246252,0.558978594839573,1.32326282258146,-1.15599588258192
0.484906949801371,0.129160249372944,0.416517653269693,-0.467635648557916,0.168858530698344,0.084300327161327,-0.274931828957051,0.278014410054311,0.0111466370522976,0.266665938869119,0.0766062391921878,0.548890116624534,1.12727796030231,0.889846682315692,-0.718998851487413,0.230268667219207,-1.16467586089857,0.402192269219086,0.304227571003139,-0.0958149579819292
-0.016565314726904,-0.400012915488333,0.170945381047204,0.00734530831687152,-0.141814977861941,0.0832896564155817,-0.23412061999552,-0.1826007546857,-0.11133509860374,0.0884005975909531,1.23377918824553,1.44815715984441,-0.44959207973443,1.38590023037978,0.692401399835944,-0.3915092011448,-1.08079617773183,-0.572185739642009,-0.180936192395166,-0.0299558839760721
-0.0677428997587413,-0.448791802162305,-0.366972649469972,0.00348328100517392,0.328389212721959,-0.0689957988448441,-0.0249853878747672,0.227700293948874,0.0531533677596599,0.156061301613227,-1.44204397522844,0.299323185347021,0.977650122949854,-0.217999184271321,-1.19938816130161,0.616304906085134,0.361308378400281,0.278138186316937,0.689020634628832,1.0129492173437
-0.205300400266424,-0.471618024865165,0.162898331647739,-0.284151162253693,0.218597581377253,0.00722566642798483,-0.257527285907418,-0.293847560696304,0.158318761037663,-0.191720760986209,1.32212128769606,0.167669596849009,0.620934512000531,-0.216981480130926,-0.503234283998609,-0.371902051381767,0.867530178744346,-1.45156521373428,0.535494727548212,1.00077415793203
-0.257481835084036,-0.122495245886967,-0.450510541675612,0.388118117116392,0.300570748979226,0.1386198382359,0.0632022814359516,0.212758795777336,0.0887049616780132,0.196078928746283,0.453543475829065,1.21493332623504,0.702210918534547,0.732760805636644,-0.332799507770687,-1.15519997267984,-0.664791857125238,-0.582468554377556,-0.660935099003837,-1.49187365965918
-0.26106143463403,-0.305147943552583,0.388278307160363,-0.133787746075541,0.254938701167703,0.10214588069357,-0.0686024692375213,-0.116517941979691,-0.226952197216451,0.2608398841694,-1.34760689525865,-0.380357074085623,-0.27978189708665,-0.0197580442763865,0.715700044529513,-1.25833774753846,0.724181143334135,0.171160021796823,1.40411799587309,0.799507509917021
-0.170470591867343,-0.204089256934822,-0.0612791774328798,-0.461064402479678,-0.29655797011219,-0.0917063900269568,-0.262060911487788,-0.08998983213678,-0.148083980474621,-0.262199673196301,0.641089586075395,1.2282273969613,1.49907808215357,-0.702593355439603,0.54685795144178,-1.01393890497275,0.669948948780075,1.08367428230122,1.14784179953858,-1.22247523348778
0.229968111030757,0.160202466882765,0.206889672670513,0.0689944250043482,0.262973530683666,-0.277535252971575,0.0900808070786298,0.277681136084721,-0.274350940156728,-0.0418555477168411,-0.853729746770114,0.858240205328912,-1.27342666382901,-0.234526074724272,-1.12569379876368,0.42695800261572,1.47069573425688,0.933372090803459,1.11841697478667,-0.595026860246435
0.13443076540716,-0.0974516444839537,-0.395779265090823,-0.391283522825688,-0.207738647470251,-0.295590857835486,-0.115801639622077,0.0491131753195077,-0.174498438136652,0.0320739719085396,1.01806669961661,-0.898837341461331,-0.657382520148531,-1.18501156079583,-0.82809255248867,-0.939415945205837,0.839897362980992,0.496389515697956,0.482505153631791,-0.748446750920266
-0.431620688876137,-0.444427928421646,0.112417077179998,-0.0843554800376296,-0.112655466655269,-0.090400215703994,-0.0516175725962967,0.17116783442907,-0.209610946197063,0.0389322736300528,0.992460280191153,-0.0657718868460506,0.25500769726932,1.30009609856643,-1.18453648290597,0.6827747002244,-0.136182621354237,-0.949310090392828,0.709565406432375,0.777726147556677
0.490183590678498,0.0725459163077176,0.19620222505182,0.24640895309858,-0.19173302478157,0.262195111205801,0.280952206626534,-0.148717392235994,-0.0718253193888813,0.103918035747483,-1.45816755853593,-1.4422059932258,0.681455753277987,0.835733032319695,-0.272802752908319,-0.13130343798548,-0.913895698729903,-1.0748042576015,-1.38816938269883,-0.831292283954099
-0.220362894469872,0.2470490753185,0.188773846719414,0.156179393641651,0.293154534185305,-0.142570260213688,0.0675018497742713,0.261288162181154,0.145590404374525,-0.130732264230028,-0.4938362413086,-0.856908451532945,-1.42750669782981,0.795036351308227,0.0777834858745337,-1.10859804530628,-1.38047350686975,-0.844393915263936,-0.144975289469585,0.991172381211072
-0.481889474205673,-0.133185075828806,0.267131309723482,0.0897463411092758,-0.0876746075227857,0.217329642735422,-0.178668392496183,-0.253531121928245,0.235057210503146,-0.0954120493959635,-1.27713235421106,0.0671160402707756,-0.963445817353204,-1.0751908281818,1.11715166852809,-0.540586460614577,-0.0739836380816996,-1.24317552312277,-0.841474932152778,1.42517396388575
-0.214541016146541,-0.37760275695473,0.0269741439260542,-0.157389921834692,0.0150549754034728,0.0678974719718098,0.0735094404313713,0.0330623322632164,0.175281009357423,-0.177929487498477,1.32357973186299,1.22194201103412,0.12581471982412,-1.48269163328223,1.12832300062291,0.00040127313695848,-0.68400491704233,0.527429302688688,-1.13469017297029,-0.034918682416901
-0.392203773139045,0.35946949897334,0.369800907326862,-0.30973061779514,-0.235344384796917,0.0827175927814096,0.0138328403234482,-0.0816181441303342,-0.0450262678787112,-0.0505366008728743,-0.522154603153467,0.876559720141813,1.18104843632318,0.85793109680526,1.06351414415985,0.744024204555899,1.31498477607965,-0.707469765096903,-0.196050200611353,-0.582708002999425
0.222079419996589,0.0502562506590039,0.40912243607454,-0.366994356969371,0.0889538100454956,-0.282526647113264,0.242662348877639,0.11735341893509,0.040212579863146,-0.26304341359064,0.776314493268728,-0.449360184604302,-1.21670856373385,-1.16511802445166,0.0649391636252403,1.22123988764361,1.22567693050951,0.102573263458908,0.964812241494656,1.4006206355989
0.0998700659256428,-0.217837721807882,0.036464303266257,0.437643815763295,0.341525041963905,0.0210034215822816,0.0560245199594647,-0.212518363399431,-0.164202979719266,0.286575697129592,-1.28602057183161,-0.579980521928519,-1.01677448814735,0.761868634494022,-1.0463039400056,0.363631340442225,-1.10036503057927,1.10318244947121,-0.49804733810015,1.21719716442749
0.494686811231077,-0.0181314691435546,-0.22149579343386,-0.121154664782807,0.266542337834835,-0.104734712094069,-0.244324339320883,0.135154646169394,-0.227691085729748,-0.130519190942869,-0.233886763919145,-0.17724593100138,-0.269831181038171,0.108400044031441,0.580490664811805,1.17822112189606,-0.167651397641748,-0.498766455100849,0.409739390714094,0.0771140246652067
0.468054224271327,-0.468220352893695,-0.0747072596568614,-0.246019728016108,0.273250980768353,-0.0876589081250131,-0.208989395946264,0.286804548930377,-0.1551240012981,-0.125400102557614,0.318850485607982,-0.601388104492798,-1.26662071910687,1.18760548811406,-0.542236392153427,0.388493028469384,-0.127221361035481,0.782541335793212,-1.49595188722014,-1.406784967985
0.0917906938120723,-0.338002191856503,-0.256327181588858,-0.311197529546916,0.199047540780157,-0.24576665670611,0.17317117494531,0.188072742149234,-0.140773973241448,0.190022227820009,-0.0520941191352904,-0.195524488342926,-0.24419328616932,0.514051885111257,-0.437663144432008,0.483774597756565,0.37568193487823,-0.187405237695202,0.23893003561534,0.114064353285357
0.183588504092768,-0.27371185971424,0.120658417232335,0.292317418614402,-0.206776985665783,0.260673172445968,-0.0490304751321674,0.0884743738453835,-0.254560729349032,0.026575465220958,0.606091066729277,0.73404444521293,1.06125548668206,-0.100858796853572,-0.372599078575149,-0.0831732577644289,1.29169463273138,-0.101213046815246,0.192739493446425,1.22001870861277
0.414060198469087,0.0822667961474508,0.499225033214316,-0.328346686204895,0.0781860027927905,0.225961868651211,-0.28138098414056,0.0312452372163534,0.175595109863207,-0.0623289642389864,0.748110987944528,0.391187309520319,-0.923816107911989,-0.346206484129652,1.08432888658717,1.36520751938224,0.289673908380792,0.50600917940028,-1.36276564816944,0.401564792264253
-0.495547400787473,0.298298718174919,-0.00381139316596091,-0.417967189801857,-0.127980666700751,0.0556070464197546,0.173419236950576,-0.270982225192711,0.0300180554855615,0.0157283016946167,0.994470770470798,-0.183093648171052,1.46615270781331,-0.733827949035913,0.784131119493395,0.831433786544949,0.681572685018182,0.822217452339828,-1.460600663675,0.504012130200863
0.250071374466643,-0.316083287587389,0.269495327956975,0.280323090497404,0.455283876508474,0.170764941908419,0.0833818555343896,-0.0853949926793575,-0.242954173777252,0.248159753903747,-1.37806210946292,0.815525254234672,1.41446337592788,-1.18783358274959,0.219839212484658,-0.0780762943904847,1.06350978137925,-0.845329042291269,0.406981782987714,-0.325194543460384
0.491371963173151,0.271750982617959,0.390619401121512,-0.1039563564118,0.428798327222466,-0.134437190042809,-0.022572472365573,0.114425077149645,0.0812876396812499,0.267924180021509,1.09826479665935,-0.792616479098797,0.77575409389101,-0.12976875831373,1.04599751997739,-1.17256041895598,0.264527798630297,0.491269112331793,-0.357265959028155,-1.14785945951007
0.389212911017239,0.0637158341705799,-0.308285636594519,-0.298520168988034,0.174394079018384,0.140399522753432,-0.0924056511372328,0.109731122944504,-0.0150979627389461,0.0212596450466663,-0.951395104872063,0.406466903630644,-1.03897144063376,0.823478452395648,0.186359636485577,-0.283359038410708,1.38503036904149,1.09204795584083,0.854928294662386,-0.47354670194909
0.108329225098714,0.10756323998794,0.396735010435805,0.390306601999328,-0.446700383443385,0.185631769616157,0.285106552345678,0.250588535377756,-0.279688639193773,0.00118564185686409,-0.710058511001989,1.41754348296672,-0.0378914892207831,-0.64287124411203,1.03932593017817,-0.782754407264292,-1.2301673409529,0.728280696552247,0.0238432351034135,0.153671365929767
0.0447961997706443,0.298167822649702,0.206526797497645,0.00707503105513752,-0.357447416288778,0.0425651462282985,-0.119984514545649,0.124257329385728,-0.0521864006761462,-0.161810442712158,0.347638968145475,-0.513472750782967,0.811840321635827,0.179059501737356,-0.885984365595505,1.41887655691244,0.368587580043823,-1.27046280051582,0.582693843869492,-0.315580450231209
0.361956047592685,-0.0382808684371412,-0.0828360370360315,0.294481755699962,-0.487976607866585,0.151288784388453,-0.289442980801687,0.0934933385811746,-0.143979759374633,0.217626450536773,-0.851285949116573,0.518648551544175,-1.46864303201437,1.14037836296484,-1.4352112475317,0.241442226804793,0.461475590709597,-0.0933183019515127,-0.393926596501842,0.973914157133549
-0.278883596882224,-0.0713506129104644,-0.342145259026438,-0.100248380331323,0.0377905343193561,-0.0656264437828213,0.143681650143117,0.0555182633455843,-0.0508856734726578,0.111499825492501,-0.306925277458504,0.809210245264694,-1.32643707934767,0.595136063173413,0.81428361358121,0.678398854332045,1.20695200958289,-1.19270166987553,1.4861870741006,-0.341033794451505
-0.407691050088033,-0.017782615730539,-0.445218243869022,-0.131007331423461,0.236664277734235,0.0205068941228091,-0.215867815632373,-0.0554502728395164,0.0961785666178912,-0.088585147401318,0.917095896787941,-0.802016718545929,-0.374104573857039,0.448488982161507,-0.0847720499150455,-1.48007115139626,-0.0267110515851527,0.267191080609336,0.923444717656821,1.23236924596131
0.167837864020839,-0.291556970914826,0.364469921216369,-0.202345754485577,-0.0631870038341731,0.0294580947607755,0.112802851153538,-0.0666710263118148,-0.00127985989674928,0.0339116284623742,-1.20055743050762,0.0475329654291272,-1.31298885773867,0.472013491904363,-0.460372020257637,0.617949506733567,-0.994502683868632,-0.85300308605656,-1.2417588843964,1.05431988369673
0.287045120727271,0.294795772293583,0.380015115020797,-0.379771586274728,-0.126916475128382,0.120767137594521,0.0778918916825205,-0.270775611698627,-0.174947671126574,0.139828289207071,0.754799639806151,0.214810326229781,-0.450271861162037,-0.609619877301157,0.359970772638917,-0.602518351050094,-1.43386993347667,0.0635120677761734,-0.246822513174266,-0.241633218247443
0.479372192639858,0.249586880207062,-0.39516490069218,0.434439435834065,0.295829081209376,0.132461694907397,-0.133121794089675,0.111773786600679,0.0596454081125558,0.269720281055197,0.335812231292948,-0.946303971111774,1.27707955241203,-1.07240166398697,-0.423103371402249,-0.75041813752614,1.40150761348195,-1.00485027604736,-0.764397247228771,0.366263387957588
-0.22168354364112,0.0736740755382925,0.0760538172908127,0.314155590953305,-0.0621007529553026,-0.0160365147516132,-0.215217517968267,0.143967831227928,-0.278913766751066,-0.0378617947921157,0.808838849421591,-0.546862483257428,-0.0653559768106788,-0.928480229806155,0.309997575357556,-0.996879963437095,0.623288327129558,-0.858086020918563,-1.24354990152642,-0.85236556478776
0.0815561760682613,0.449942021630704,-0.169543292606249,0.488818414276466,-0.166269598063082,-0.0584222385194152,0.033749244036153,-0.164383779605851,0.0445937803946436,0.246880969125777,0.938759232871234,-1.43425325676799,0.906748286448419,0.652278759051114,0.702448145253584,-0.150996445678174,-1.35710852220654,-0.164581394987181,1.27239301661029,-1.11760722007602
-0.35888240323402,-0.366653241217136,0.0526739968918264,0.444148904876783,-0.457001874456182,-0.165273413714021,0.246539192274213,0.228252127859741,-0.172528838273138,0.24471934796311,0.930291824508458,-1.25159235089086,-0.155161464354023,-1.19293247326277,0.137427112553269,0.658943671965972,-0.702922370284796,-1.17939203535207,-1.203914496582,0.143319840542972
-0.246358764590696,-0.288082123035565,0.413632740266621,0.365473670419306,0.0800661325920373,0.0451674784999341,-0.110703909024596,-0.156767561472952,-0.255431962106377,0.222344208089635,-0.134919388219714,-0.73435509740375,0.00148008414544165,1.05239432863891,0.346255502197891,1.21095385635272,-0.688978894148022,-0.255020707380027,1.2091671503149,-1.0185386929661
-0.196882926626131,0.0963356555439532,-0.199064971646294,-0.266699147410691,-0.483849678654224,-0.0467184504959732,0.0931818296201527,-0.189020486455411,0.117194010224193,0.102538191480562,-0.111328151542693,-1.45963530382141,1.35507268784568,0.354863885091618,-0.315053573576733,-1.04007756756619,-0.414108815370128,-0.338798160664737,-1.32794478675351,0.0251043196767569
-0.0682285525836051,0.425879064481705,0.267706857295707,0.0716493332292885,-0.00093224341981113,-0.19723830060102,0.0101411795709282,0.22624882995151,-0.17197430706583,-0.188471273565665,0.350319238845259,0.26264300965704,1.1980645833537,0.973986727651209,-0.387617636471987,-0.822543722111732,0.818926744395867,-0.117453683400527,-1.12816773355007,-0.163894404424354
0.0467570510227233,0.20705865137279,-0.37264447286725,0.238164505222812,-0.246352797374129,0.192819280363619,0.186685029650107,0.256051458232105,0.195570485573262,-0.139306318759918,0.234183898195624,0.231479556765407,-0.529790181666613,1.38291425979696,-1.19570412696339,0.885347253642976,-0.402532063890249,-0.294107362395152,0.331542894244194,-1.00632740068249
0.0745756002143025,-0.142934061354026,0.12883910164237,0.48900997871533,0.0465445229783654,0.0557203881908208,0.0567254317458719,-0.241230759071186,0.0689091277308762,-0.124572827015072,-0.233380530495197,-0.450679806992412,-0.178186359582469,-0.103527541039512,-0.754985429579392,0.135332799749449,0.693316478049383,-0.320891548879445,1.06976624764502,0.56962878559716
-0.135722863487899,-0.170959721552208,-0.0200714401435107,0.0491737243719399,0.415877176448703,0.130062302062288,-0.181384922191501,-0.28211901714094,0.128161065559834,0.298456117277965,-0.276304145576432,1.10815796954557,1.20564950304106,0.769732768647373,-0.479844708228484,-1.46457520849071,-0.689647666644305,0.813422384206206,-0.51468824967742,0.0739676167722791
0.446089870296419,0.175891889957711,-0.290265246061608,-0.0101317388471216,-0.373035157797858,-0.0899162377696484,0.214131123293191,0.238516368018463,-0.296511710900813,0.205039145518094,1.30121541861445,-0.945300308056176,-0.455045118927956,0.687487940769643,1.08062431169674,0.618375390535221,1.42468833667226,-0.303725608158857,-1.11918927216902,1.16049662372097
-0.37537077232264,-0.259362596552819,0.166245075874031,-0.37201975658536,-0.290821231203154,0.0408424794673919,0.13643781398423,0.227224659640342,0.0927068105433136,-0.270138376392424,-0.371422932716087,-0.385080162668601,0.328861192334443,-0.901490175398067,0.372453741263598,0.363630983512849,-1.24120472185314,0.97907200246118,0.414875156013295,-0.0821774108335376
0.0817683457862586,0.26705405022949,0.386613973183557,0.408659792039543,0.481156126363203,0.282257179124281,-0.13421246255748,0.0337271800730378,-0.166388120083138,0.141091597639024,-1.49114714493044,1.14143544598483,-1.36900950036943,-0.176018290920183,-1.3537570356857,-1.03927358868532,1.47048613708466,0.505174609366804,1.12629491323605,-0.958954808302224
-0.197430999251083,-0.311430783942342,0.326271240832284,-0.495829240651801,-0.29549697577022,-0.17690175245516,0.132050076266751,-0.0781629921868443,0.0783286888618022,-0.137646249867976,1.02908680192195,-0.638839528430253,-0.761759597109631,0.875988623360172,-0.795640405733138,0.262901339214295,0.584921264089644,-0.654731646878645,1.43694794294424,-1.33397612627596
-0.287304816069081,-0.30821691150777,0.263192150974646,0.316589208785444,0.426815692568198,-0.0553364861290902,0.229538978403434,-0.0330175888258964,-0.179098559869453,-0.240861278492957,0.622545550111681,0.413309053983539,-0.107335728127509,-0.383838499663398,-1.15641701524146,-0.959787951316684,1.26738965325058,-0.692405067617074,-0.433800767641515,-1.21710229036398
-0.0816484114620835,0.223721449263394,0.0633990990463644,-0.333023040089756,-0.163812843849882,0.100026537291706,-0.0845475261099637,-0.0733567411545664,0.209874848043546,-0.27424134761095,-0.530932262074202,0.437762513989583,-1.36632356210612,0.957695315591991,-0.576233705040067,1.09983765520155,-0.794614115729928,1.16526439692825,0.838097013998777,-0.696579246316105
0.278662764001638,0.0397709659300745,-0.14542345283553,0.00341371376998723,-0.0156757449731231,0.257443849230185,0.285471756337211,-0.257979570189491,-0.252910274080932,-0.174748254474252,-0.284822050016373,0.654575749766082,0.226249910658225,-0.846109075471759,1.39888811646961,0.689550949260592,0.340516330674291,-0.767091299872845,0.473476355429739,0.455098568927497
-0.343039317289367,-0.446098819142208,-0.317279631504789,0.0542876350227743,0.127155288821086,-0.1262969548814,0.0916526061482728,-0.245384015282616,-0.0848496375605464,0.264489662786946,-0.274154498241842,-0.170934066642076,-0.510972631629556,-1.20942042628303,0.961990144103765,-0.693036834709346,-1.17557495436631,0.330417215125635,-0.244166274089366,-1.23505665594712
-0.00389734376221895,-0.127173990011215,0.43521414604038,0.15995803847909,0.337104776408523,0.233128620218486,0.19278347119689,-0.042566841468215,0.237899038614705,0.000753712747246005,-1.48993532150052,-1.34198959032074,0.544302402064204,-0.216669449815527,-0.484918992267922,-1.41237884480506,0.284851849079132,0.575464236550033,1.26874200697057,-1.48904749145731
-0.154128223657608,-0.294375840108842,-0.331996045541018,0.400351763004437,0.381786020239815,0.206517487345263,0.199835513485596,0.0536433286964894,-0.0366433271672577,-0.241975474962965,-0.998128420673311,-0.591028195107356,-0.560835028532892,-1.4795041938778,0.620735154021531,-1.39551071939059,-1.39865398127586,0.47664466383867,-0.00914576416835189,-0.31948200892657
0.390301220584661,0.158473485382274,0.427097922191024,-0.0447761367540807,0.15071904216893,0.141109902597964,0.0946969024837017,-0.240190511662513,-0.257284755818546,-0.0299036894459278,-1.4301782862749,-1.47958368086256,-0.165736076887697,0.0305567441973835,0.0934972115792334,-0.0644028405658901,1.01804336439818,0.866426048101857,1.19273896794766,-0.375679312041029
0.390530010918155,0.199541348498315,-0.256248622434214,0.465906124562025,0.386967080412433,-0.204884782852605,-0.173655466502532,-0.281411211937666,-0.200153269479051,-0.29786993348971,-0.609915843000636,0.0521688815206289,0.719449177617207,0.199946800014004,0.686498458497226,1.10102737834677,-1.22167423088104,-1.26459548156708,1.22583411843516,1.37332929787226
0.307636910816655,-0.110287101007998,-0.22482094517909,-0.438411614624783,-0.175462409621105,-0.270034348033369,0.225098262587562,0.265142623381689,-0.288494155649096,0.00420395848341287,0.713500211946666,-0.626257618423551,-0.639483020408079,-0.00642284075729549,0.402001746464521,-0.254341727122664,0.953942301683128,-0.966229654848576,0.80458004004322,1.43671701801941
0.127037532394752,-0.368883896851912,-0.117874782299623,-0.313317097024992,-0.388650944689289,-0.0904633115977049,-0.155038397619501,-0.205164623865858,-0.197769102780148,-0.194313340773806,0.245721381157637,0.00983415101654828,1.37288984376937,1.03097364236601,1.26712346076965,1.12890345929191,-0.108235804829746,1.27095395489596,0.0606421453412622,1.01243404531851
-0.489218167262152,0.232027703197673,0.276893133763224,0.238364797085524,0.330355696380138,0.19165534931235,-0.191600283561274,-0.0845091154798865,0.0402700083330274,0.0341875394806266,1.27020574710332,-1.17945697484538,-1.05030306964181,0.162952073849738,-1.38004827545956,0.609143035719171,1.08985571656376,1.42467148066498,-1.35107995360158,0.937860467936844
0.0201222724281251,-0.40680309641175,0.414007261162624,-0.0232399962842464,-0.16176130855456,0.0897114906460047,-0.142840809049085,0.016426746128127,-0.0502628759946674,-0.227634132932872,0.573026785394177,1.3283317910973,-1.10653396812268,0.439089535502717,1.04351662681438,-1.46704259561375,0.274075431050733,0.435516200959682,-0.800898761255667,-0.272757692495361
0.130251894704998,-0.181942939059809,-0.0940211538691074,-0.0520543740130961,0.390425458550453,0.223481061402708,-0.118382018152624,0.125816623214632,0.202746927877888,0.0501226981636137,-0.691584627376869,1.13479125732556,-0.393592776032165,1.27659286069684,-0.0968069576192647,1.40091674029827,-1.03410540707409,-1.43690250255167,0.0261262427084148,1.24606505013071
-0.408918062224984,0.125826127827168,0.217124610906467,0.338388406438753,-0.412058365764096,0.138808940816671,-0.117911857645959,0.254002266889438,0.0738356358837337,0.202236421778798,0.624503439757973,-0.131804877659306,0.547131089726463,-1.09539230517112,0.195439115865156,0.495415126439184,0.842829581117257,-1.34699854371138,-0.241695310687646,-1.14735785289668
0.165805021766573,0.0389573180582374,0.284585301531479,-0.12647367361933,0.0300423228181899,-0.126294712862,0.263019283069298,-0.195019730692729,0.210620372090489,0.0756895104423165,1.38948748097755,-1.16221089335158,-1.31172948377207,-0.345133462222293,-0.639234165893868,1.12576209940016,0.200426326598972,-0.952108688419685,1.09570467844605,0.514772095251828
0.0840639239177108,-0.192770506488159,-0.217823496554047,-0.272926461417228,0.187750597251579,0.207648963807151,0.0432486665435136,0.0407235300634056,0.135826065950096,-0.110081772599369,0.514969438780099,-0.441113350214437,1.05263255280443,0.36024633818306,0.709170935908332,-0.523307274095714,0.726676030782983,-0.41469696094282,0.208143562311307,-0.798785262973979
-0.366261435672641,0.237730700057,0.310547375818714,0.0656731908675283,0.115440546069294,-0.0467670620419085,-0.0398635634221137,-0.233060363167897,0.20487034516409,-0.193272069375962,0.839057848323137,0.0275894065853208,-1.20361565588973,1.08633490861394,1.01387107651681,-1.24130893754773,1.17546341288835,0.155881015118212,-0.448884448735043,1.08631601091474
0.166590098990127,0.331393382744864,-0.250988135812804,-0.0640178751200438,0.432181840529665,-0.00548579622991385,-0.226124979509041,0.201956020994112,0.249988423101604,-0.0339706394355744,-1.3100250356365,0.749578784918413,-0.906178266741335,0.966964350314811,1.10069641331211,-0.648812277708203,0.767206745222211,-0.960087507264689,-0.335529960226268,0.455985705368221
0.0670387339778244,-0.358976253308356,-0.41230437066406,0.480865482473746,-0.0545361700933427,0.187679505581036,-0.132481291797012,-0.120881218649447,0.243333348724991,-0.090001953067258,0.0569769779685885,1.08483825484291,1.42202214268036,0.183486364083365,-0.300588214304298,-0.811594245722517,-1.42981549934484,0.505123317008838,1.01850719656795,1.48241230845451
-0.109138368163258,0.493549801409245,0.18903932813555,0.11775482352823,0.36758848419413,-0.00184614965692165,0.275668795499951,-0.195468896906823,0.281091614300385,-0.131290460145101,1.38694993732497,-1.08301750640385,-0.690251401159912,0.119821813423187,0.308960838709027,1.17776584834792,0.499058218672872,0.908761924831197,0.971898559480906,0.803091745823622
-0.3390821905341,-0.182816753862426,0.119697866495699,-0.480764325708151,-0.0937782730907202,0.188345619337633,-0.276626220764592,-0.219610493956134,-0.249043695721775,0.0357607851270586,-0.323056552559137,-0.175385062582791,0.333446765318513,0.900494020432234,0.401753750396892,-0.114912803750485,1.24551072204486,1.39810858550481,0.760664178756997,-0.271582866786048
-0.0377800825517625,0.240336516406387,0.419210078660399,-0.166873501148075,-0.216984760016203,0.0391237428411841,-0.085184498783201,-0.037989194272086,0.203093895502388,0.110833640769124,-0.731777447741479,-0.0502055792603642,0.724943492095917,-0.526385105447844,0.690339988097548,0.402173423906788,0.887250493979082,-1.14126938232221,-0.414937881287187,-0.08898227638565
0.244539012899622,-0.0330708145629615,-0.381404034327716,-0.139454795280471,0.131097859470174,-0.10801558974199,-0.22558861495927,0.0819137691054493,-0.0293927726335824,0.154443977214396,-0.860547021729872,-1.48960884008557,-1.1042643848341,0.483082338469103,-1.12229749490507,-0.92412828700617,0.174557234393433,0.0150262950919569,0.618434284580871,0.389358997810632
0.401829030364752,-0.00932381604798138,0.0225360582116991,0.310318168951198,-0.390019795391709,0.140318845538422,-0.172936386102811,0.282795851351693,0.257478860579431,0.269247388187796,-1.14763404219411,-1.26537734339945,-1.27017697552219,1.2027579958085,-0.0775267838034779,0.967680501518771,1.24324146704748,-0.261861674487591,-1.28424279461615,1.03007412166335
0.115332528250292,0.146565193077549,0.332076637307182,-0.0213743741624057,0.164357741596177,0.0505349082872272,0.283362510753796,0.0276513283140957,0.18001641179435,0.0601169368252158,0.00116089009679854,0.800626414362341,0.394015615805984,1.07607736880891,0.343068465823308,-0.940347841009498,0.185584531165659,1.15277729043737,-1.35273714107461,0.19684358406812
0.471482963068411,-0.257174252299592,0.484585335012525,0.228700235718861,-0.226003763033077,-0.0619037237484008,0.287099774507806,-0.14554436551407,-0.0101392672397196,-0.198013552743942,-1.317239533877,-1.32947994000278,-0.594264519168064,1.47467901231721,0.743225657846779,0.791415156796575,1.18413168168627,0.897696230560541,-0.169042275287211,-0.086765150539577
-0.222757083829492,-0.204240816179663,0.270143162691966,0.470274127321318,-0.0719481173437089,-0.253713777149096,0.0597392519004643,-0.204780898662284,0.269865249143913,-0.247186147933826,-0.383523138938472,-1.19930994138122,0.256595977116376,-1.41954531683587,-1.36726952204481,0.302178373094648,1.46995385969058,0.44123403984122,-0.729796635685489,0.357205590466037
0.154836802510545,0.363562405575067,-0.406820389442146,-0.160060745896772,-0.480341262184083,0.0558471890632063,-0.0987519099377096,-0.0939235569443554,0.13585845110938,-0.0434882974717766,-1.36639746814035,-1.01938716787845,0.618712730007246,0.71685048379004,0.840953207574785,-1.32804751396179,0.581968040205538,-1.38624728098512,1.3865867012646,-1.11114068585448
-0.00400234013795853,0.238442636094987,0.031036721309647,-0.014530727872625,-0.0771667477674782,0.252555519808084,-0.274451451329514,0.214863574225455,-0.00100142676383258,0.290915416041389,-0.622454503783956,-0.0327340448275208,0.79678266774863,1.254906199174,0.512508847285062,1.49632194335572,-0.805582134285942,1.38948440621607,0.705320052802563,-0.53462434373796
0.0891683849040419,-0.204246374312788,0.370593438157812,-0.496095297392458,-0.161018384154886,0.255621451372281,-0.17619175426662,-0.0325680993497371,0.299102086946368,0.0265801245812327,0.267016291385517,0.129113808274269,-0.567464603343979,-0.120418096426874,-0.0539005687460303,0.315018215216696,-0.844438425265253,-1.16560666356236,1.27990966639481,0.867925552418455
0.360697855474427,0.348110449267551,-0.180589783471078,-0.0907584624364972,0.318543323781341,0.276262652641162,0.234298173571005,0.0114377697464079,0.0108633602969349,-0.286881605582312,-1.4903971797321,-0.0185927033890039,-1.44204704859294,-0.6398257445544,0.694223914761096,-0.791840414050967,-1.25277650286444,-0.680904384003952,0.276904414175078,1.10097917751409
0.0287838808726519,0.382465776521713,0.406602202448994,0.353821577504277,0.0311664473265409,0.13662660238333,0.103596558608115,0.0575012975838035,0.0541899721138179,0.257432219479233,-1.04445669846609,1.11340188304894,1.15923628443852,0.908767099957913,0.412717902800068,0.217023558681831,0.47266783285886,0.170008365064859,-0.189076600363478,-0.62028892384842
-0.0360542046837509,0.3010941920802,-0.344265941996127,0.183279753662646,-0.42807757970877,0.00721731861121955,0.179707398544997,-0.245399761246517,-0.248580473195761,0.239096124842763,1.14895500498824,-0.734542953316122,-0.0148853017017245,-1.21812799922191,0.809477921342477,1.12172600696795,0.596908983774483,0.871106398059055,1.28524267184548,1.05452260212041
0.343963997671381,0.314310643589124,-0.396540987072513,-0.381308030337095,-0.461257829330862,-0.100201629800722,-0.189456256711856,-0.0885634148027748,0.124010964017361,-0.0196062457747758,0.211224982514977,-0.143670579884201,0.129602236440405,-1.49939370620996,1.46302244486287,-0.397562820464373,-0.424631215631962,-1.37431581574492,-0.841285149101168,-0.741107907844707
-0.249788722489029,-0.0927222711034119,-0.451656009536237,0.33091097464785,0.14790943544358,-0.167544316034764,-0.204433406190947,-0.00192814352922144,0.196566237369552,0.0173364502843469,1.47658888064325,0.844108035089448,-0.483092003501952,1.05930396588519,1.24425016902387,-0.170569877140224,0.527939606225118,-0.8598529973533,-0.982310808263719,-0.718308506067842
0.0165598138701171,0.0754878933075815,0.0466579857748002,-0.468966097338125,-0.434510145103559,0.245544580277055,-0.122010820917785,0.0173314384650439,-0.265787558164448,0.193646881124005,-1.04502065805718,0.866377653088421,0.38795701903291,1.28763911034912,0.35114588169381,-0.105790455825627,0.803876816527918,0.856229464989156,-0.807236495660618,0.900690398644656
0.306009904015809,-0.0487694758921862,-0.37207730836235,0.372450503287837,-0.225634721806273,0.150905101653188,-0.0874966872856021,0.13156674974598,0.00567133440636097,-0.23648449270986,-1.41312246071175,0.19090827810578,1.14791019656695,0.477794843958691,-1.19166758609936,0.275000151945278,0.21348707517609,1.36788256466389,1.39632223709486,-0.553364923456684
0.0821006561163813,0.158598426030949,-0.131702423095703,0.264108538627625,-0.463101632893085,0.0994045566301793,-0.160256746318191,0.092964876210317,-0.0199564711656421,0.111725897574797,-1.43343442236073,-0.830578938592225,-0.264356014318764,-0.384658847702667,1.43989319074899,-0.16223292471841,1.10426014708355,-1.3751254118979,-1.27568807546049,-0.439812598982826
0.206159481080249,-0.364554058993235,-0.45838202140294,0.491926016751677,-0.410588034661487,-0.233218551054597,-0.280532993003726,-0.217074078088626,-0.175352885853499,0.04807597710751,1.44141581794247,-1.16132405307144,-0.0329568546731025,-0.615815112367272,-1.43560696695931,-0.614895446458831,-0.301909633912146,1.38228439399973,0.226233248831704,-1.01373230293393
-0.0973343562800437,0.412938153836876,-0.313237919006497,-0.479088350897655,-0.413335396442562,-0.159995388519019,-0.181514441594481,-0.0522244883235544,-0.0225784704554826,-0.260439607920125,-0.807197369635105,1.24144613952376,0.703924121567979,1.24943551956676,-0.720742823788896,-1.04991467669606,-0.126481116749346,-0.937057858100161,-1.11716724559665,-0.295177201973274
0.345194479217753,0.15755070769228,-0.460330979432911,-0.463288009399548,0.200080737005919,-0.0412547055166215,-0.121506487810984,-0.122037874348462,-0.116056963987648,0.141808133712038,0.540319270687178,-0.913633218035102,-0.779710871167481,1.14331506611779,0.10827158158645,1.09767122170888,-1.31155704287812,0.289643686031923,-0.441407464211807,0.91600688570179
-0.324851997196674,-0.102501373039559,-0.167489197338,0.29058920731768,-0.496963117271662,0.181357637839392,0.270579397492111,-0.111457423260435,0.0155196487437934,-0.283707324648276,-0.0958715078886598,-0.847220517927781,-0.618772578891367,-0.199162587057799,-0.854005380766466,0.384373870678246,1.3114093397744,-0.157547142589465,1.43741068686359,1.08979879855178
-0.320132558699697,0.339660023106262,0.488387566525489,-0.432195972651243,-0.323380928486586,0.105620177881792,0.0852540209423751,0.109377553733066,-0.141625221446156,-0.12705602645874,-0.953026769449934,0.154742962913588,-0.076648275135085,-1.46229667123407,-0.353375781560317,-1.10004066070542,-0.710472035687417,-1.40345728886314,0.576681001810357,-1.39290458103642
-0.273763763252646,0.151632103370503,0.0365210119634867,0.113777752034366,0.0346828000620008,-0.22665926059708,0.27203534678556,0.198910468211398,0.086858335789293,0.0356786190066486,-1.02350844838656,-1.30057742376812,0.853284910786897,1.32653367170133,0.287964277435094,0.259007495362312,0.887578267604113,-1.15810897643678,-1.24391017318703,-0.236227508168668
-0.253670706413686,-0.223054368514568,-0.232329968595877,-0.437953570624813,-0.286927678622305,-0.298370118392631,-0.146267456235364,-0.225552461855114,-0.27116274330765,0.166649610456079,0.241461124503985,1.45927488128655,-1.19130047480576,-0.410666555631906,-1.0913619264029,-1.40330800367519,0.4109071274288,-0.0967643524054438,0.435271949507296,0.517462915973738
-0.473837277386338,-0.393449417548254,0.200915192021057,0.142696770373732,-0.324517697328702,0.0252802094444632,-0.230537000158802,-0.0879310173913836,0.239518233854324,-0.257289324933663,0.436153213726357,-0.580509218852967,-0.084508656989783,-0.32915092818439,0.556454289006069,-1.28544240631163,0.994623569073156,-0.905587596120313,-0.415123254060745,-0.990911529399455
0.158787336666137,0.213180088903755,0.35650666244328,0.342512939590961,-0.0346055666450411,0.0525699934456497,0.118693239334971,-0.259446534141898,-0.108145151194185,-0.134913182538003,1.26155880675651,-1.25225512054749,-0.620084371883422,-0.179135460639372,-1.2547700072173,0.435151809593663,-0.456403394462541,1.4557252144441,-0.557892294600606,0.264278845628724
-0.0903244880028069,0.413980027893558,0.13566108699888,-0.113335549132898,0.22887770505622,-0.294210591819137,-0.0039804018102586,-0.243797051813453,0.0145683439448476,0.129165478097275,0.574316988699138,-1.35382871911861,0.0368920094333589,-1.19304335885681,-0.456436245935038,0.723521072650328,0.216396396746859,-0.330587736563757,1.45672102714889,-1.20595672004856
0.0130152606870979,0.332047879230231,-0.371461579110473,0.454319096170366,-0.0937140958849341,-0.0187784403562546,0.200906175887212,-0.20897273439914,-0.186266654217616,0.165250542433932,-1.24808657867834,-0.969284503022209,-1.08925238787197,-0.27413668949157,0.43717667972669,-1.15006495197304,0.193280184874311,-1.09098585345782,-0.161572654964402,-0.204286749009043
-0.431866376195103,-0.043173759477213,-0.166287866421044,0.0975842357147485,-0.336429293267429,0.155094726663083,0.0614791099447757,0.238876050431281,0.278063123859465,-0.144160898867995,0.809610743075609,-0.917865949915722,1.48661454347894,-0.352632032241672,-0.872386177070439,0.319910830585286,1.16637632343918,-1.2085167223122,-0.0218896928709,1.23946426576003
0.422752276528627,0.332163407700136,-0.241577713284642,-0.151560419937596,0.173064884031191,0.193906833278015,-0.241020599193871,0.228756703762338,0.0723088687285781,0.0393298101145774,0.0589480872731656,-0.548097927588969,-0.000965350773185492,0.505963881500065,0.374644346768036,-1.39871111791581,-0.166349045466632,1.2487468784675,0.625235782703385,1.01011851173826
0.44715604907833,-0.459333571139723,0.313761856872588,0.344605127349496,0.0632824478670955,-0.038425529608503,-0.13505076225847,-0.172077226638794,0.18007246227935,0.264264721423387,1.0672747339122,0.0298940227366984,1.03429411863908,-0.938782285200432,0.630879128817469,-1.14056022511795,0.808181718690321,-1.47342709754594,0.20055301557295,0.847639756975695
0.352027029497549,-0.155328451888636,0.463037227746099,-0.118956953985617,-0.385557968867943,0.135761418147013,0.00338566345162689,0.143280695658177,-0.214785271324217,-0.269341493351385,1.19139051251113,-1.42577414307743,0.913654099451378,-1.44258307409473,-0.514751971699297,-0.590077474247664,0.453776784008369,-1.34645679756068,1.49186976416968,1.37352933268994
0.0947341381106526,-0.425793489208445,0.103157676756382,0.121655522845685,-0.177603089017794,0.106432327022776,0.251765042636543,-0.0902956732548773,0.158149189688265,0.183841515658423,-0.897434229729697,-0.104360688244924,-0.872665568254888,0.755318885436282,1.46476369793527,-1.19846537802368,0.00867335451766849,-0.601218198426068,0.360205023083836,0.630432283272967
0.330553408712149,0.114873058861122,-0.301549766445532,-0.442252971464768,-0.417570155346766,-0.171559782000259,-0.0444504297338426,0.206977552967146,-0.11301765977405,0.240567872766405,0.436615092214197,-0.132223239401355,0.265228509670123,1.15477117407136,-1.13638506643474,0.498728758888319,-0.566851914860308,-0.33183306036517,0.535382368834689,-0.52008673385717
0.368263914017007,-0.147826335160062,0.00149931106716394,0.019756643101573,-0.0726043004542589,-0.118430963438004,0.264723967853934,0.275387657387182,-0.102393695153296,-0.231307823304087,-0.181418562540784,0.147822692524642,0.520495416596532,-0.542170954635367,-1.41039655334316,-0.258337115636095,0.946570424130186,0.739948951173574,1.13333909958601,0.26530595915392
-0.0139327466022223,-0.271080477628857,0.459407310234383,-0.37884554779157,0.150527569232509,0.273459526291117,-0.0853273007087409,0.0202358293812722,0.262396205635741,0.10429759430699,0.799674631096423,-1.20247361459769,-0.50282562430948,-1.43382078269497,-0.009824532084167,-0.102079688105732,0.45899294083938,0.648324080044404,-0.347912887344137,0.246308569796383
0.0058733532205224,-0.483933862298727,0.417234831955284,0.315843526273966,0.0139997969381511,0.0680606356356293,0.193310371180996,-0.00338050886057317,-0.0555012029595673,0.168565940391272,-0.103918259963393,0.672130038030446,-0.151161006186157,-1.35466162674129,-1.17582320119254,-1.11703661154024,-0.766629344550893,0.808059453964233,-0.284098680596799,-0.355983902234584
-0.0451996026095003,-0.494639955693856,0.410597922513261,0.326113959774375,-0.147287507774308,0.0344107083510607,0.212672654958442,0.273702333401889,-0.0431367733050138,0.228057814808562,1.46758231404237,-0.533952374244109,-0.322544053662568,-0.250088562257588,0.6567708842922,-0.280457399552688,-1.37640756019391,-0.916437371168286,-1.45841115759686,-0.391806265572086
-0.1026708597783,0.236625214572996,0.380320601398125,-0.0347162559628487,-0.105937368934974,-0.166448465315625,0.0732221877202391,0.0416683237999678,0.221027152938768,0.220392561005428,-1.32164747617207,0.596794375916943,0.115404220065102,-0.158831792883575,0.00279579916968942,-0.93513258243911,0.229563700268045,1.37945213145576,-0.188973563723266,1.44122270308435
0.467468141112477,-0.185625788522884,-0.441063169855624,-0.326575112296268,0.487569117918611,-0.208424266101792,-0.277915013814345,-0.233214509580284,0.200940545741469,-0.0960255384910852,-0.213712899712846,0.583243661094457,-1.28979839477688,-0.534563505789265,-1.04934608051553,1.36113637383096,0.772437451640144,-0.557199559640139,0.577376511180773,0.982732211938128
-0.358659705147147,0.262917899060994,0.146153119392693,-0.470862054498866,-0.366055896738544,-0.217962727462873,-0.0150266050826758,-0.238026585476473,-0.127345790946856,-0.0582434264011681,-1.12094315188006,0.500871996860951,-0.902175987605006,-0.781116227153689,-0.453141471371055,-1.23952038399875,-0.603818036383018,0.418023514095694,-0.111758603481576,-1.24947436340153
-0.208455439656973,-0.476985461777076,-0.184221786912531,0.214292204473168,0.43569247587584,-0.102030041953549,-0.256473057065159,-0.259792314330116,-0.0925696856807917,-0.0542350078001618,1.43157762405463,0.655760874738917,-0.126507829176262,-0.461128801340237,0.141925901407376,0.321480351034552,-0.0831621433608234,-0.570966687519103,-0.276251811766997,-0.191818412393332
0.235789355356246,-0.00908244680613279,-0.335954525275156,0.179669664939865,-0.08895975491032,0.135321091488004,-0.286315135890618,0.23835242218338,0.111969665391371,-0.0198157644364983,0.672885769978166,1.42547564744018,0.512908883392811,1.457317187218,1.17694396781735,-0.0767083663959056,0.726728512672707,-0.240743078989908,-0.11405101348646,0.808032869361341
0.027412983821705,-0.293634380912408,0.103960052132607,0.449125475017354,0.158454565098509,0.0669407115317881,-0.112222083890811,0.251776586472988,-0.180711886240169,0.0546240787021816,-0.707320583285764,1.21893582050689,0.623411567648873,0.901944173499942,0.932060980936512,1.20606410969049,0.995334493461996,0.0430113708134741,-0.624022426782176,-1.31455902149901
-0.452639907365665,0.166415452957153,-0.0599036207422614,-0.367528971051797,0.157824695110321,0.167112928116694,-0.0159446433652192,-0.0918783901724964,0.135697869071737,0.250382696092129,0.273172266315669,-1.18199117132463,-1.19263405795209,1.37270221975632,-0.403880334924906,-0.126961336936802,0.569897359935567,-0.964470345759764,1.46441302844323,-1.02417085622437
0.192931448342279,0.158283060416579,0.296899223467335,-0.350297980709001,0.473454902181402,0.0332229799591005,-0.107098026014864,0.176709994068369,0.0640661987476051,-0.119833969278261,0.185089908074588,-0.23447916470468,0.484363712836057,1.13762949127704,-0.59160136221908,0.59162337728776,-0.749676271341741,-0.768421409418806,0.675922418944538,0.590345298405737
-0.159837670391425,0.101257046684623,-0.26690545049496,0.169080875813961,0.151818628422916,-0.183799290424213,-0.214495946886018,-0.0568582262378186,-0.229196030180901,0.263502457039431,-0.0701383359264582,-0.938258906593546,1.28924941574223,-1.24028899124824,1.48019212810323,0.527883297298104,-0.164143162546679,1.33778931386769,-1.48150832788087,0.0365623498801142
0.0098638313356787,0.487142046447843,-0.406830140156671,0.200523527571931,-0.359052148647606,-0.0626138003077358,0.25991476024501,-0.0345899352338165,-0.192848563799635,0.294504842162132,-0.339296371210366,-0.107343401061371,-0.462706589139998,-0.332086031092331,-0.633487002924085,0.420689295977354,-1.20662398030981,-1.1879064689856,-0.464696645038202,1.46970513998531
-0.290093544172123,-0.211128370370716,-0.21596039715223,0.249919106718153,-0.333343971753493,-0.282344734109938,-0.177141074929386,0.12731690229848,-0.100471055461094,-0.186302586598322,1.4298823736608,0.494958092691377,-1.15318639227189,1.18236098089255,0.113458518404514,-1.28264969098382,0.601758335949853,-0.339792968239635,-0.215717318700626,0.248803670983762
-0.0858342396095395,0.235202558105811,-0.100561673054472,-0.217515380587429,0.281503308098763,0.235170654673129,-0.243509586062282,0.261480604670942,-0.170761696994305,0.100487106246874,-0.200971708400175,0.0964258045423776,-0.242810211377218,-1.30019069253467,0.411000709980726,-1.06742061115801,-0.402896605432034,-0.902214209083468,-0.118536984315142,0.594683811999857
0.138130825478584,0.0658473828807473,-0.400578214554116,0.0241231578402221,0.0276146470569074,0.052307566953823,-0.167021164856851,-0.0757202653214335,0.0761022405233234,0.226473053684458,-0.435763418208808,0.884258354315534,-0.927736224839464,-0.0435183746740222,-1.11052385601215,0.21829472668469,0.944822501158342,-0.934904880356044,-0.817091682460159,1.45522530865856
0.378130987053737,0.230887161334977,-0.100005123764277,-0.217564115533605,0.235299406806007,0.117641083337367,-0.110258700465783,-0.23051782711409,0.197551377117634,-0.288864260818809,-0.201158146373928,1.39324529282749,-0.935894901165739,-1.43444496556185,1.37224340625107,0.051205791765824,-0.0219340862240642,1.33709277911112,0.346041917335242,0.654455472249538
-0.407076221192256,0.253763322485611,-0.150645862333477,-0.239875299390405,0.0431077829562128,-0.242184802796692,0.229900181572884,0.145061229262501,-0.0551269150804728,0.293066045455635,-0.175410468131304,-0.945511801633984,0.367861546576023,0.498649856541306,-0.234783310443163,0.872777091572061,1.18639477738179,1.32325615617447,-0.0700620145071298,-1.22975330636837
0.18288501421921,-0.122367584612221,0.116348930867389,0.165595999918878,-0.486083617899567,-0.181495720753446,0.0465191426686943,0.0730568573344499,0.0945580223109573,0.295223683817312,0.143235613591969,1.20374062727205,-0.101979771628976,-1.23186930036172,0.805558187188581,-1.41483653127216,0.883123107952997,-0.685081760399044,0.369431580416858,1.1277528880164
0.148473154054955,-0.453739316901192,0.473515924299136,0.490307801170275,0.213055362692103,-0.261007955297828,0.206530894618481,0.223941229982302,0.264791798824444,-0.0799931603483856,-0.961878431495279,1.36107064294629,-0.379291288554668,-1.14381301263347,-0.252957993652672,0.0795274490956217,0.784930723719299,1.287947159959,1.28531251545064,0.040910768089816
-0.221781794214621,0.465481185121462,0.321642668219283,-0.125196062261239,-0.498391944682226,-0.0859059874434024,0.196388937486336,-0.0401506768539548,0.140290383249521,0.0558143180329352,-1.20551289408468,0.96772537752986,0.0501319330651313,-1.15265803621151,-0.563871258404106,-0.0880385362543166,0.795153790852055,0.981131616281345,0.818755453918129,-0.0279210135340691
-0.022865064907819,-0.363488172413781,-0.299545832211152,-0.0624409161973745,0.0237088818103075,0.156658630259335,-0.204746369412169,-0.103430162742734,0.228594203526154,-0.267796654533595,0.817607003962621,-1.3502826418262,0.648018322885036,-0.0314486904535443,0.0910070864483714,0.528411916689947,-1.23306150664575,0.243337252177298,0.768530600471422,0.79257443966344
-0.000878997379913926,0.42249737191014,0.379967597778887,0.197064092149958,0.297620877856389,-0.0290021231397987,-0.183749999664724,0.290776184666902,-0.249359060637653,0.142610862292349,-0.54287092667073,0.413849917240441,0.612806567223743,-1.28336798865348,-1.30345416767523,-0.220340263098478,-1.06962098018266,-1.3697131506633,0.863242074614391,-1.33704225579277
-0.0258493409492075,-0.35794162703678,-0.33626744733192,-0.214053972158581,0.448045069817454,-0.11540503911674,-0.189951224857941,-0.13600652134046,-0.0342175768688321,-0.14900013897568,-0.902724981307983,-0.156863695476204,1.007586393971,1.18022417463362,1.26199277909473,0.854172696126625,-1.37800725619309,-0.115533492062241,-0.610209535807371,0.242498341016471
-0.130233236355707,-0.010779521195218,0.481198712950572,0.031558379298076,-0.418409251142293,-0.145334190549329,0.154479524726048,-0.00774616431444886,-0.145364017272368,-0.16371986749582,0.512616579886526,1.44964901497588,0.818209170363843,-0.679583623073995,-0.299678040901199,-1.28647013241425,1.4571137863677,-1.14228060445748,0.751950838370249,0.0127306587528437
0.201287340605631,0.0383590988349169,-0.496487862896174,-0.333806158276275,-0.259324982762337,-0.123108390206471,-0.0511097432579845,-0.0398063908796757,0.00702039040625096,0.20579356206581,0.775320758577436,0.451351940631866,0.431428760988638,-1.11747433268465,-0.472828898811713,0.423474801471457,0.672158878063783,0.235744974575937,0.345264316303656,0.913759486516938
-0.177889899816364,0.0388112768996507,0.129424187354743,-0.303802094887942,0.267151752486825,0.0745116807986051,-0.0696163420099765,0.0273095956072211,-0.273528125043958,0.00616558492183683,-0.768199058482423,-0.79189284844324,0.147895601810887,0.452435832470655,0.0824144370853901,-1.21812854614109,0.161891370546073,0.577893210807815,-1.40406755567528,-1.16958860470913
0.356140046846122,0.0929177133366466,0.393620612565428,-0.00643272954039276,0.334275229368359,0.295135265076533,0.0113056546077132,0.134807608975098,0.0639283163007349,0.218683929461986,-0.985071908449754,-1.01719093043357,0.550820312462747,-0.303143426310271,-1.1487290058285,0.0657290595117956,1.22060468886048,0.181571370223537,0.189728368772194,-0.0839783241972327
0.225117344874889,-0.30047644698061,0.360816576052457,-0.0790825982112437,0.0499488732311875,-0.0886383805889636,-0.265396571019664,0.23338408106938,0.153718764195219,0.131186893908307,0.998004443943501,0.186356518417597,0.0959520007018,1.27903206925839,-0.536680628545582,-0.858365442138165,0.930754677392542,-0.607931534294039,0.381326110800728,1.13529248605482
-0.296100176870823,-0.451151851331815,0.470109536545351,0.253557220101357,-0.171572924591601,-0.288485905202106,-0.141020270716399,-0.197961840592325,0.22131451992318,-0.0343795596621931,-0.71977740386501,-1.07457570196129,-1.31093206582591,-0.162352117476985,1.28883502981625,0.529849003069103,-0.551231773104519,-0.366104865213856,-0.7438386362046,0.757329465821385
-0.452630975516513,-0.300536287249997,-0.291834262432531,-0.114893319550902,0.355764113133773,-0.0734689607284963,-0.282816310599446,-0.196025316836312,0.0990528321359306,-0.266689034644514,-0.964106449624524,-1.3724169137422,-0.704040560172871,1.38453245535493,1.34573325142264,0.214377975091338,-0.121583481319249,1.05653552734293,-0.356751272454858,-1.22467637085356
-0.116268983343616,0.215039778035134,0.0297324561979622,-0.298021884867921,-0.116840697592124,-0.064157383935526,0.229243170144036,0.17531987442635,0.127062227670103,0.106597911659628,0.958026472711936,0.825053847860545,-1.35236490005627,-1.43084900756367,-1.01557717868127,0.2226332584396,-0.461406217189506,0.991775957169011,0.667053069686517,-0.19478769809939
-0.063342840410769,0.287688567768782,0.401847417699173,-0.23014327371493,-0.0962784511502832,0.159961054846644,-0.0583568721078336,-0.0522154632490128,0.291986054135486,-0.250981946988031,-0.369163133902475,0.525010318262503,0.520420050714165,-0.804713959805667,-0.91825407743454,0.168850564397871,-0.0699486408848315,-0.591353137046099,-0.354014994576573,-1.04880305752158
-0.41809897008352,0.126452286029235,0.479265921050683,-0.311988638248295,0.393725080648437,-0.019440642837435,-0.226984724868089,-0.290443058498204,0.138308333745226,0.070405042776838,-0.55809447937645,-1.22191370325163,-1.48021102230996,0.733975653536618,0.550605081953108,0.136926014441997,-0.326541005400941,1.07260259566829,-1.30550793302245,0.970711925067008
0.393866080092266,0.166675538057461,-0.218148539308459,0.101081536384299,-0.310797692276537,-0.0595771639142186,-0.0816986116580665,0.0275445529259741,0.180085606779903,0.167409950913861,-0.379396572941914,-0.843535131309181,0.477027773391455,-0.351755525451154,0.32560986187309,0.840852390043437,0.563924753805622,1.13908098195679,-0.916513740085065,-0.455277662258595
-0.273546106880531,0.269876249134541,-0.0815266850404441,0.418952911160886,-0.0722845990676433,0.233032655809075,0.0992699990049005,-0.208868134533986,0.177492420142516,-0.0893155911471695,-0.996071533067152,-0.477609444642439,1.39566044253297,0.768322600750253,-0.285399026703089,0.646902704844251,1.28181516914628,0.251193000935018,0.610730584245175,-0.575056323548779
0.376319876872003,-0.480782066704705,-0.0325621177908033,0.378132685320452,-0.132861563470215,-0.0149191344156862,-0.184706467017531,0.157152285380289,0.164322705287486,0.022747278213501,-0.0499380833934993,-0.189039960270748,0.573437534971163,0.512919543776661,0.604500933084637,-1.27148260362446,0.658877663081512,0.405955139547586,0.705891266232356,0.692932361969724
-0.162524874554947,-0.308222517138347,-0.404673336539418,0.356454933295026,-0.392867248971015,-0.231928645865992,-0.20178937073797,-0.120030882675201,-0.0713611527811736,-0.16824984094128,-1.22033288958482,-0.286121017998084,0.948505128733814,1.37870934954844,-1.2597728013061,1.06514381524175,0.0155038114171475,0.548796219052747,-0.908044314477593,-0.233981063822284
-0.248947707237676,-0.0699107120744884,0.348643598845229,0.384409461636096,-0.281271914020181,-0.260260666022077,0.0126318444963545,-0.00287524522282184,0.0750292599666864,0.18320111813955,-0.334156021010131,-0.205905079375952,0.62687238981016,-0.705886953044683,-1.45780827733688,0.234852683963254,-0.356847112532705,-0.769098764983937,0.575784869492054,0.742676969384775
-0.341311317402869,0.367141350405291,-0.356089571490884,0.161939437733963,0.0573651248123497,-0.192702582338825,0.197119237761945,-0.0361681995447725,0.244802880613133,-0.0962051941081881,-1.15487750968896,-0.168959187576547,-0.38914274261333,0.565582928946242,0.988005337072536,1.0747532104142,-0.545972570311278,-1.08978768694215,-0.0915787448175251,-0.0705671946052462
0.0945467355195433,-0.42383346054703,-0.0115394578315318,0.0752982348203659,0.247389282332733,-0.0331379941664636,-0.16136231739074,0.0487337802071124,-0.132833740767092,0.069540001032874,0.790303263813257,-0.411242733942345,-0.81442107190378,0.62061216426082,1.16584980650805,1.22147438745014,0.458932265639305,-0.297184258466586,-0.325854453491047,1.26816080021672
-0.0962631760630757,-0.336281543597579,0.0434207199141383,-0.271098345285282,-0.490587938111275,0.283434746973217,-0.215111424028873,0.206142388097942,-0.0948001327458769,0.0154686740599573,-0.149729379219934,-0.987415257375687,-0.19006784632802,0.909189973259345,1.12097554514185,-1.37943770200945,1.36474732984789,0.401915908092633,0.0150938748847693,-0.898797280155122
0.408771111862734,0.0507096129003912,-0.243473225738853,0.464839555555955,-0.251575969858095,0.00177799011580648,-0.0545583703089506,-0.0215581519994885,0.291255742963403,0.0437626409344375,-0.191374571761116,-0.945813184138387,0.891362564871088,-1.08192909322679,1.24286368419416,0.112734266091138,0.559005284914747,-0.135594168445095,0.849672860233113,-1.46236360631883
0.214829082600772,-0.0208979400340468,0.3580790781416,0.373387065250427,0.346060774289072,-0.0269052844494581,0.122317819716409,-0.0991001094225794,-0.0536255133803934,-0.117460887506604,1.19425652478822,0.346323431236669,1.18560583074577,0.945824487833306,-1.14113217056729,-0.2893903744407,-1.48720486974344,-1.24920044839382,-0.147808857494965,-0.490367356454954
0.388668749248609,0.217367551056668,-0.186021521221846,-0.382478975923732,0.434024471323937,-0.163226122967899,-0.086902545299381,0.0871882442850619,0.212099216831848,0.131743804039434,-1.05967267602682,-0.727357188938186,1.27656224858947,-0.533837996190414,-1.01958659291267,-1.33074603346176,1.00876693055034,-0.559348058653995,-1.35384520702064,-1.13361719576642
-0.274586956948042,-0.415760866831988,0.150015577441081,0.294926165835932,0.207856328459457,0.0741254394873977,-0.189849708834663,0.19806435839273,0.180204053409398,-0.292430627346039,0.0985173038206995,0.652297633700073,1.113230306888,-0.381072896998376,-1.04618884949014,-1.42616097838618,1.11869688495062,1.25611848430708,-0.440383988432586,0.2365560780745
-0.112652614712715,-0.0759363889228553,0.12258985475637,-0.0655215678270906,-0.0561579391360283,0.226063443068415,0.107655650563538,-0.242765981331468,-0.256524326093495,0.135391751490533,0.17354050045833,0.28370445035398,-0.411878654966131,-0.766685050679371,-0.319790991023183,-1.42292402288876,0.216766223777086,-0.544929370516911,-0.184036791091785,0.838999139377847
0.183579343836755,0.28798884851858,0.434553544269875,0.0289375076536089,-0.354183500399813,-0.201630166824907,-0.10779023040086,-0.0438241438474506,-0.286533114267513,-0.011317247338593,-0.830009908648208,1.06143918517046,0.122623186558485,0.243193836417049,0.777864986099303,0.496035631047562,-0.634332176763564,-0.974317052168772,-0.743923970963806,1.43543137656525
-0.236855103401467,-0.424271994037554,-0.0578635348938406,-0.496318911202252,-0.177205827319995,-0.244255271321163,0.16911155031994,-0.26714424546808,-0.0575837491080165,-0.0148118144832551,-1.4366675647907,-0.444990736199543,1.28385719284415,1.18560465867631,-0.966131574008614,-0.305368894245476,1.1870861153584,0.165490503888577,-0.88733539567329,0.152431171154603
0.0201996953692287,0.464161864481866,0.480023605981842,0.340282113058493,-0.375275439117104,-0.0819403679575771,-0.196991007216275,0.181470438139513,0.0354255386162549,0.127688872860745,0.0196531377732754,0.309008402517065,-0.752725432394072,1.42799167754129,0.474636303959414,1.04555965494365,0.055361813865602,0.320612942799926,-1.14413358061574,-1.31891195406206
-0.276853897143155,0.476686796173453,-0.037147827912122,0.210945691214874,-0.291985355084762,0.192294383933768,-0.0866838256828487,0.146441748132929,0.154367457563058,0.13826431883499,-0.345132204936817,0.901286829030141,-0.738635445479304,-0.141620529815555,-0.77608834952116,0.868524292716756,0.0925983663182706,-1.44878474855796,-0.90931037440896,0.511731512378901
0.0240005718078464,0.458409678190947,-0.00851458520628512,-0.234838519478217,-0.197837779764086,-0.23094801614061,-0.0329226447734982,-0.0408734779804945,0.119880913384259,0.118514732038602,-0.208929450251162,0.999926196411252,-0.942848095670342,0.491810515522957,-0.815100959502161,-0.896359903039411,0.744006459368393,0.691427676938474,-0.0824948460794985,-1.46829384821467
0.23685954278335,0.228572340216488,0.153877346543595,0.373281338950619,-0.397701035486534,-0.186606196314096,0.262801460316405,-0.0957671713549644,-0.169562670215964,0.0491693515330553,1.02088760747574,0.838360742898658,1.45680960430764,-1.21034376975149,0.762196659576148,-0.696439769351855,0.28724686615169,0.34666371694766,-0.502143196295947,0.430531267309561
-0.352502376772463,-0.0740171598736197,0.449347684858367,-0.0727514193858951,-0.201662961393595,0.197378707397729,0.0774161351379007,0.181611458631232,-0.245342905540019,0.0473174087237567,-0.821872758446261,-0.808753598481417,-0.347196832532063,0.975859685568139,-0.0193409537896514,-0.280849532224238,-1.24040677305311,-0.352967258077115,1.03386482549831,-0.0136852960567921
-0.225450253579766,-0.403410338098183,-0.298527801642194,0.44228025036864,-0.171063099754974,0.271508952230215,-0.220846149791032,-0.292648577084765,-0.0293689923360944,0.205131676560268,-1.18890444212593,0.427392127225175,-0.993793357629329,-0.862014958402142,0.590017037233338,0.159727077931166,-1.15115282032639,1.39189676684327,0.0715893669985235,-0.7372164898552
-0.295640513999388,0.21202167449519,-0.127230205340311,0.223911321023479,-0.172528997529298,0.0316804085858166,0.102956834854558,-0.154732387745753,-0.0578465228900313,-0.0228376389015466,1.22971341270022,0.672002705745399,-1.12296983250417,-0.833270216826349,1.44847945589572,-0.296839225105941,-1.4228606808465,-0.694398187799379,0.0264649882446975,-0.584360848646611
0.153543986845762,0.410120912129059,-0.457291522994637,0.347911219578236,0.230709647526965,0.0924301582854241,-0.121448982227594,0.259035551128909,0.184827473619953,0.223084371350706,1.28823062963784,-0.601585313910618,-0.042626433307305,-0.0923249744810164,-0.915102279279381,0.425694496370852,0.524830829584971,1.40566099947318,0.323495023185387,0.244717843830585
0.0444743116386235,0.108406165847555,0.084779841825366,0.102958337636665,0.356812670361251,0.01415721536614,0.0501637872308492,-0.149267567927018,0.0506632336881012,-0.175637382315472,-0.888527916977182,0.881366703892127,0.32205906836316,-0.278746486175805,-0.496335228905082,0.142216225387529,-1.39186040544882,1.29225737554953,1.22873077914119,0.106271373806521
-0.263831843156368,-0.257949246559292,-0.221976130036637,0.127998578594998,-0.153641853947192,-0.106618724483997,-0.257622558390722,-0.101324316160753,0.146714446227998,0.281839285511523,-0.926736871479079,1.37969878851436,1.14959919825196,1.43688283511437,-0.416262259008363,-0.491169923683628,-1.36327825882472,0.0658646996598691,-0.471510676201433,-0.434656438417733
-0.00164937903173268,0.486226708861068,-0.0233376102987677,0.460738054709509,-0.405252707423642,0.0427107398863882,0.231259440863505,-0.0425380038097501,-0.0264977702870965,0.0566336188931018,0.794960270868614,0.230526742525399,-1.05123462947085,-1.36805113521405,0.201234872220084,-0.854111673077568,1.02566626039334,-0.133713718503714,1.04727086587809,-1.0065053764265
-0.336905346019194,0.198164377827197,0.310289298882708,0.4167699245736,-0.0157313768286258,0.238051597913727,0.258613216225058,-0.0850030607543886,-0.155525790620595,-0.246044862270355,1.21815964719281,0.740847885143012,0.868051252327859,-1.32881654170342,0.626473508309573,-0.768246685853228,0.638727833982557,-0.675287225050852,-1.44505444471724,-0.745137541322038
-0.400346806738526,0.408403766807169,-0.491316155996174,-0.0890230725053698,-0.0664716335013509,-0.285248939925805,0.0941186236683279,0.00590630639344453,0.217201444180682,-0.155553608480841,1.11650960985571,1.22016286756843,-0.172311537433416,-1.38734304788522,0.579092256026343,1.23166675935499,0.989893223159015,-1.24640171835199,-0.401729400269687,-0.291386101394892
-0.0543302111327648,0.0355365336872637,0.260183131555095,0.395639122696593,0.0928172271233052,-0.0205658548045903,0.215987938363105,0.123352168360725,0.294924393016845,0.147924452601001,-0.350280151935294,-0.00137002137489617,1.30024732975289,1.13694268791005,-1.46714607579634,1.00653921766207,-0.286668122978881,-1.432672891533,0.197937187738717,1.19239725032821
0.49104532180354,0.23606225522235,0.000270287273451686,-0.375199987320229,0.356877249432728,0.0702696899883449,-0.0196851472835988,-0.139601865503937,-0.0511682680808008,0.074215436540544,0.976226364495233,0.781477316049859,0.986299904761836,1.2508419721853,1.19884476670995,-0.188866804121062,-0.742800648557022,0.703546642558649,0.638124822406098,-1.44170788465999
-0.126444585155696,-0.241097911028191,0.231857681879774,-0.191293996293098,-0.0722183417528868,-0.176655423128977,0.00348439319059252,-0.287930836435407,0.108044518483803,-0.226123496051878,-0.707550910999998,0.275930541800335,0.214504687814042,-0.502936383476481,-1.3627963133622,0.757169513264671,-0.503987296717241,0.0767627656459808,0.538362324004993,1.35659667290747
0.180648414650932,-0.371834266930819,0.214534177677706,-0.433975108433515,0.190952921984717,0.170908960467204,-0.120481704454869,-0.059310748334974,-0.277127787005156,0.159960717195645,0.955651247408241,-0.321092224214226,0.270059411879629,0.143215780612081,-0.887012657476589,0.384172035846859,-1.35852912766859,-1.18035972118378,-0.181231185793877,-0.437563132261857
0.373121190583333,-0.345889400690794,0.329028984066099,-0.412521664053202,0.202961985953152,-0.221303394623101,-0.277319833170623,0.244582969648764,0.0717570126056671,0.065041027078405,0.0237280307337642,-0.23506232094951,-1.17760910186917,-0.0820236378349364,-0.606925432803109,-0.980726431589574,-0.654100304469466,-1.1008107913658,0.316228695446625,-1.16881209891289
0.00881976587697864,0.169415068114176,-0.0932623227126896,0.350267671747133,0.44004894583486,-0.0581002037040889,0.0781280086375773,0.28044829107821,0.264012324018404,0.0467146269511431,0.610833247192204,0.911703682970256,-0.888503852533177,0.769159283023328,-0.396814863430336,0.563177069183439,0.606999832671136,-0.503018933348358,-1.06727188196965,-0.800900946138427
0.373462066752836,-0.330823890166357,-0.391975193051621,0.074427081970498,-0.352470253128558,0.280621463572606,0.0941248754505068,-0.0409864536020905,-0.113644074462354,-0.11266155699268,-1.11191019066609,-0.412417890736833,0.613667043624446,-0.668616806622595,0.0731196894776076,-0.738453846657649,-0.209100265754387,-0.00896055065095425,0.849374127807096,-1.03166230372153
-0.145549463573843,0.0747466024477035,-0.0422384748235345,0.224764405051246,-0.293352637439966,-0.12828317983076,-0.256570049095899,0.041537881270051,-0.0251321132294834,0.18749680314213,1.13135973969474,0.368551164167002,-1.04277011496015,0.302965278737247,1.2407218425069,-0.562369004124776,-0.996010433183983,0.817812610650435,-0.811528905294836,-0.991341766202822
0.103581994771957,0.123148928862065,0.265192533610389,0.252392450580373,0.298474854091182,-0.0321106212213635,-0.265384953003377,0.154708547098562,0.294953379034996,-0.292929760599509,-0.86535889771767,-0.135012627812102,-1.30817431840114,-0.255880493670702,-0.81579277664423,0.905501288361847,-0.208969003753737,0.407573884120211,-0.36712482268922,1.19135070615448
-0.455440057208762,0.0919693282339722,-0.460623198421672,-0.108140529599041,-0.111293522873893,0.0744086512830108,-0.171007874049246,0.189728392520919,0.127301611192524,0.011017665406689,-0.984385577263311,-0.737182189710438,1.38640896440484,0.648213588399813,-1.04357007751241,0.634253703290597,-1.36538105271757,-1.46024982864037,-0.338539927499369,0.183748951647431
-0.172955902526155,0.262748927343637,0.0400563555303961,-0.108921648003161,-0.252287856303155,0.169510445790365,0.116332731116563,0.256764408107847,0.0345033086836338,0.189435013756156,1.38867168291472,-0.859716167673469,1.0804106562864,1.39036632073112,0.414627408608794,-1.29235913045704,-0.418227150337771,-1.31815384374931,0.919350863434374,-1.19214976904914
-0.422483034199104,-0.276661672629416,0.10829751403071,-0.412237836048007,0.442442771978676,-0.0862941197119653,0.175019376073033,0.242491927184165,-0.0635048869997263,-0.0310769589152187,-0.13723114784807,-1.30322602484375,0.717318091308698,-0.120413911761716,-1.44199043093249,0.995962785556912,0.155390967847779,-0.477702896576375,0.331965370802209,0.266153257805854
0.497008733684197,-0.198289829539135,0.398564816452563,-0.273656929610297,-0.409751571482047,-0.0700483862310648,0.0817117797676474,0.044412287324667,0.175752629013732,-0.268078427296132,0.684023862937465,-0.0739435397554189,0.361142498441041,0.890786272706464,-0.731186019256711,0.985775789245963,0.0909943906590343,-0.91093485779129,0.331203109351918,-1.40727568301372
0.0192265773657709,-0.218267015414312,0.320843848865479,-0.138508015312254,-0.454047424718738,-0.0264507043641061,0.0518271475564688,-0.13350644451566,0.250684246933088,0.0169946396257729,1.14678904716857,-0.2359414184466,0.137276983587071,1.43361356528476,0.26986903580837,-0.973263399442658,-0.513639151118696,-1.01117600966245,1.07034078100696,0.444009509403259
-0.39407619042322,0.32439456647262,-0.289006566628814,0.476828892016783,-0.295165506890044,0.075877082766965,-0.249536117026582,-0.0416892740875482,0.0944123335182667,0.274255555076525,1.33165028505027,-0.105165166547522,0.0640933436807245,0.0717312202323228,0.675929350079969,-0.622751594055444,-0.396377765340731,-0.926946307299659,-0.0133050447329879,-0.209073393372819
-0.186701610451564,-0.134144695708528,-0.0623811613768339,0.413915437180549,0.464725736062974,0.0483006871305406,-0.215480994712561,-0.0774954825639725,-0.0841512828134,-0.00258262418210509,0.372905136086047,1.44432451575994,-0.397185316309333,1.36086635990068,-0.411070886068046,0.783717622049153,-0.684492823434994,-1.18691188003868,1.29464495647699,-1.20250498806126
-0.274071338586509,-0.43468322372064,0.0010155476629734,-0.305970087647438,0.225924449507147,0.0443495278246701,0.276270273607224,-0.204476005397737,-0.206478039175272,0.254630830977112,0.61941257561557,0.702096310677007,-0.914770195260644,0.680963681777939,0.430834245169535,-0.347558801528066,1.17478455416858,0.0575084988959134,-1.47620250773616,-1.05963033623993
-0.228713167598471,-0.427687589544803,-0.320312570780516,0.177285427926108,0.19246503803879,-0.00326573490165172,-0.212372860545292,0.0254978500306606,0.0111555414274335,-0.0889555522240698,-1.17042213329114,-0.130264056148008,-0.725970551837236,-1.34575796476565,-0.930832323851064,-0.488879787968472,-0.374240084085613,1.01947949174792,1.17419281136245,-0.439250321360305
-0.275199950672686,-0.279867719858885,-0.440570156555623,0.104374952148646,0.0828024761285633,0.184760731877759,0.12488183118403,-0.145849786140025,-0.077692929469049,-0.0356631942093372,-1.24921381473541,-0.732577960705385,0.0158668903168291,0.763113829772919,-0.0111986298579723,-1.18988458905369,-1.4596594395116,0.147563096601516,0.555895515019074,-0.518169870832935
0.122820169199258,-0.177000728435814,0.100343941710889,-0.418062441982329,-0.128250770736486,-0.0208678398281336,-0.0407780217938125,0.283946512592956,-0.228032089071348,0.188311760360375,-0.479358226060867,0.3625293597579,0.0920943079981953,-0.0312918601557612,-1.17259754939005,1.3461218518205,0.421868245583028,-1.3059522646945,-0.970183521509171,-0.946180120809004
-0.187480442691594,0.189007814507931,-0.413933311589062,-0.477713241707534,-0.0390889684204012,0.195271216984838,0.0206140086986125,0.146439064946026,0.0379627224057913,-0.0270670454017818,-0.167774423025548,-0.717485471628606,-0.497889365069568,-0.751740794861689,-0.982387760421261,1.04665763257071,1.11318054911681,0.171382288215682,1.32432593218982,-0.549004083266482
0.011473894584924,-0.0917386994697154,0.405791407683864,0.0344720913562924,-0.123487857868895,-0.0400538268964737,0.154421730805188,-0.265035852603614,0.0391345001757145,-0.272520459070802,0.402211556676775,-1.39538883813657,-1.2729077800177,1.07379158679396,0.424564781365916,-1.04587063542567,-0.34117461880669,0.420620203251019,-1.04111780924723,1.14303992385976
-0.372537571936846,0.326334957964718,0.311660918407142,0.113434222294018,-0.314246952068061,0.277889884868637,-0.0700067577883601,-0.0538928010966629,-0.286155529785901,0.0563246271573007,-0.809127860236913,1.4906974285841,-0.0181915643624961,-0.457864390918985,0.33867015154101,-0.747932973783463,1.33980928757228,-0.160074961837381,-0.536520444788039,-1.24316457286477
0.0957795230206102,-0.256305613089353,0.299651054898277,-0.335859853075817,0.0485305495094508,-0.162642211932689,-0.0761628326028585,-0.0350990704726428,0.226664942409843,0.276327794417739,-0.159679795615375,0.865551283350214,0.203959234524518,0.54311680351384,0.375477909576148,-0.887454108567908,-1.02654594602063,-0.0645796512253582,0.783566101687029,-0.0768075347878039
-0.36225693137385,0.423346486175433,-0.0714440350420773,-0.034726778510958,-0.0248803154099733,0.236380210379139,-0.137704256828874,-0.035346840089187,-0.278469552006572,0.0917532524093986,-0.299790265504271,1.35077637294307,0.217177899554372,0.907848487375304,-0.724213137757033,0.590267819585279,-0.779127967078239,0.583976794034243,1.28865107847378,0.402019698405638
-0.00359417055733502,0.057970073306933,0.344914348563179,0.353947322815657,0.345444470876828,0.0797273660078645,0.221726256050169,0.254913311870769,0.0307813259772957,-0.200972825009376,1.46928748860955,0.207307605072856,-0.973204848356545,-1.24181565572508,-0.660473550204188,0.889169921167195,0.124859807314351,-0.938377618789673,-0.978436757577583,0.265824874397367
0.18538448237814,-0.49906616541557,-0.367890415946022,-0.48710381379351,-0.124964013230056,0.20767275961116,-0.168207109021023,-0.0853981076739729,-0.0562440400477499,0.00262315236032007,0.428628116380423,-1.29996641376056,0.564603993203491,1.34219130291604,-0.795904079452157,1.3041545022279,-1.37294873432256,1.10133013338782,-1.17782831657678,0.721555856522173
-0.194282065844163,0.445927694207057,-0.370742604136467,0.413804014911875,-0.0642205106560141,0.226491298014298,0.264678832422942,-0.297923860978335,-0.129208711115643,0.0222843593917787,-1.39878034964204,1.15042184502818,0.663632715353742,0.0868738512508571,0.0421698060818017,0.153484927956015,-1.09506156505086,-0.358713198686019,-0.972282073460519,-1.34055845299736
-0.0487911805976182,-0.319280747091398,0.279044782510027,-0.278833924327046,0.346337962429971,-0.170789289101958,-0.0954175948631018,-0.0672243320848793,0.0957562829833478,0.17564926086925,-0.946006718091667,1.02499143546447,0.0630645928904414,1.24683728744276,-0.523600670043379,0.35373178543523,-1.34118803031743,0.542441183002666,0.691406509140506,0.708387619117275
-0.138786204857752,-0.104391289176419,-0.17924149450846,-0.255480944411829,0.120860136812553,-0.105738701624796,-0.00852121054194865,-0.0932394768577069,0.102852723095566,-0.0517667408566922,0.1230522939004,0.521858891705051,-0.732488807290792,0.643241739599034,-1.25606319517829,-0.443820137763396,0.372817118419334,-1.06855915929191,0.0943160536698997,-0.00930089363828301
0.276768559124321,0.0865989848971367,0.323451160918921,0.388337226817384,-0.273699096171185,-0.0195194459985942,-0.12717443536967,0.238309409189969,0.159269087808207,-0.0870198051910847,1.46473963768221,0.429645320400596,0.151895589893684,0.979246234986931,-0.0524122801143676,-0.620647836942226,-0.746501410380006,0.850098827853799,-1.38028437970206,0.932679883204401
-0.41381388483569,0.447844775626436,0.0232646258082241,-0.233479505870491,-0.174693127395585,0.097915624268353,0.13686532555148,-0.0240568801760673,0.0256578045431525,0.115775491017848,1.02414382179268,0.920910329092294,1.19868028862402,-1.34837944828905,-0.911734741413966,0.628878828138113,-1.00855211983435,0.475706838537008,-0.484816781943664,0.951164639554918
-0.341481469105929,0.345100174192339,0.211653134087101,0.183321354910731,-0.295258818892762,-0.277377599431202,0.181751936674118,0.169978862861171,-0.146345729101449,0.111989940516651,-1.4294745340012,0.339627916691825,-0.602949827676639,-0.175222210586071,-0.367329250322655,-1.20329696405679,1.26174330990762,0.651706621516496,-0.770327678415924,0.444404483539984
-0.13849136675708,-0.0927155055105686,0.458017657743767,-0.0331188552081585,-0.359709885669872,-0.147916973987594,-0.148758112080395,0.264759057154879,0.00425026123411953,0.164103194419295,0.9190175361,0.842999869259074,-0.986293730093166,0.788734592031687,1.06129026808776,-0.123284074477851,0.332937777740881,-0.321548585314304,0.756688211811706,0.712073653936386
0.123977035749704,-0.0496419502887875,0.186984739499167,-0.00221742480061948,0.460898818681017,-0.247085305117071,0.264023539004847,0.13011113894172,-0.0828706372529268,0.0206494976766408,-0.840353447478265,0.514512013876811,-0.424455074127764,0.859092073515058,0.760308665921912,0.333228745730594,-0.230459581827745,-0.725629141554236,-1.24612908577546,0.470177833456546
-0.459841967560351,0.0762997665442526,0.428186071803793,-0.337718667229638,-0.0906508197076619,-0.253396951407194,-0.193605499528348,-0.229849950643256,0.0907872032839805,0.0687507688533515,1.24065967462957,0.199613601900637,0.701921246945858,-0.0850188445765525,1.10486870049499,-0.0933582647703588,1.45775654911995,0.973365732003003,0.721035527531058,0.0544739838223904
0.296730187255889,-0.475637705298141,0.126865910366178,0.00719258608296514,-0.421471646986902,0.217388523509726,-0.137716164579615,-0.168264058185741,-0.0450876118149608,0.225112196244299,0.695626094704494,-0.213483522646129,-0.192067343741655,-0.480329958256334,0.137630975805223,-1.12073453958146,-1.39848648989573,0.451871487312019,-0.0870150402188301,0.747329868609086
0.392299904488027,-0.371806070907041,0.126981774810702,0.0568123352713883,-0.235614782432094,-0.0936883181333542,-0.185968684963882,-0.273643460310996,-0.0935275377240032,-0.268622790975496,1.49154790397733,-1.0763325789012,0.147308215498924,-0.6887733314652,1.48869374091737,-1.40476843924262,0.391363237285987,-1.03175769047812,-1.15808631316759,-0.232932268409058
-0.440821481635794,0.312886741710827,-0.232356386259198,-0.440157439326867,-0.399109958205372,0.0218005457427353,0.00310943378135564,0.0899665761273354,0.114524385519326,-0.133404024783522,-1.29686301061884,-1.25651449640281,1.11410349304788,0.248579872772098,1.45664890785702,1.43549277540296,-0.860412101028487,0.638388590421528,0.587620654609054,-0.708166223019361
-0.128299852367491,-0.103444148553535,0.339189365040511,-0.495325873140246,-0.492694798391312,0.255781942186877,0.14611591855064,-0.0899551703128964,-0.126715968037024,-0.0365322166588157,-1.00371797103435,0.37180497078225,-0.0214907876215875,0.304540424142033,0.339691977482289,1.19906339957379,-0.587786529678851,0.712388097541407,-0.424983726348728,0.295455887680873
-0.132943569915369,0.166578267933801,0.461871098726988,-0.278277956414968,0.0321646686643362,0.192452842695639,-0.065680391388014,0.290591280302033,0.016404730360955,0.289157322887331,1.33659818465821,-0.625538906548172,-1.05143200024031,-1.21094870776869,0.803529986646026,0.432171121006832,-1.28241582051851,-0.930825295625255,-0.816973361419514,-1.41104255849496
0.358474844135344,-0.0485020705964416,0.0112015944905579,-0.222719315905124,-0.40820822911337,0.111610559793189,-0.157240068353713,-0.04635871485807,0.199602819699794,0.11271314509213,0.996715913526714,-0.963677044026554,1.36512245144695,0.46093437820673,1.10151917953044,1.11131530115381,1.45203512278385,0.648867856711149,0.446684733498842,1.4513249702286
-0.300394873367622,-0.329495677724481,-0.299796421080828,-0.24224604992196,-0.336180881829932,0.19906058460474,0.235942295053974,0.103692343505099,0.189484195411205,0.150131503818557,1.30728790909052,-0.512609293917194,-0.489395071053877,-1.43277666368522,0.624384605325758,-0.933932652929798,1.37478525401093,0.609325599158183,0.710794395999983,-1.37809055973776
0.22814733767882,0.341084049316123,0.261789066717029,-0.284764329669997,-0.422029834939167,-0.230856769485399,0.105360741354525,-0.173699587304145,0.233851583255455,0.1032021981664,-1.43014044896699,-0.609459213679656,-0.789712549885735,-1.42427934031002,-0.780981903662905,-0.540779819944873,0.453366400441155,-0.171767499530688,-0.993414619239047,0.824540315195918
0.139954269863665,0.271830642595887,0.454111705766991,0.203004173468798,0.0757951491978019,0.127167580230162,-0.229355376726016,-0.0486754077952355,-0.297401501750574,0.140522782551125,-0.10673741530627,-1.17886267625727,1.10810401104391,0.0304710427299142,-1.04072649171576,-1.42235799017362,0.786349723348394,-0.887982201296836,-0.519411495421082,-1.06275204336271
0.208651446737349,0.467053932370618,-0.0529248209204525,0.0842315366026014,0.292845329735428,-0.108108772756532,-0.0221312263514847,0.229735327418894,-0.217261411808431,-0.241253645159304,-1.09088483615778,-0.288852874422446,-0.27835576585494,-0.569670301862061,-1.17320364410989,-0.172169097466394,-0.164077778812498,0.487733551533893,0.430320374434814,-0.919792949454859
-0.421138899168,0.374487268039957,-0.338005780475214,0.335616799769923,0.42388246092014,0.115487223118544,-0.188310863496736,0.0923742500133812,-0.216607111645862,-0.159710229886696,-1.1332109675277,-0.623094980372116,-1.21845218748786,-1.49520164402202,0.941089517204091,0.638204854214564,-1.20663184393197,-0.0521747914608568,-0.348165064584464,-1.20037377811968
0.249710411997512,-0.160239762859419,-0.278357720701024,0.368671362521127,-0.191938268020749,-0.0304843386635184,0.0252398894168436,0.256977954832837,-0.257844904856756,0.100678313802928,-0.174108072649688,-0.916840732796118,-1.26996624469757,1.42097048275173,1.09098354284652,1.42170095723122,1.10767465294339,-0.262542232638225,0.433464383007959,0.684336313745007
-0.479989524465054,-0.327427475946024,-0.119730465114117,-0.406794731272385,0.485623933607712,0.136733673233539,-0.271971302339807,-0.0768891365267336,-0.251472102245316,0.104741267021745,1.42223218479194,-0.473329378059134,-0.777389191556722,-1.25109062972479,1.30248995684087,-1.32655342365615,-0.367478738771752,-1.13887397549115,0.473566916305572,1.04439871315844
-0.324884307570755,-0.025235895300284,-0.280048797372729,-0.236161657143384,-0.171888487646356,-0.263848910015076,0.261589667061344,-0.244083940749988,0.0073808924295008,0.203200974455103,1.3818371607922,-1.13532763416879,0.906560924369842,0.195502517279238,-0.731045399559662,0.548406071495265,-0.771104958839715,-1.49412207375281,0.274279611418024,1.47189225791954
0.38718677405268,-0.394961711019278,-0.223758212523535,-0.0176105352584273,0.128841669298708,-0.170879109017551,0.116939093498513,-0.258566125156358,0.156671352870762,0.122199707245454,1.00002650613897,1.49089251458645,0.48325948859565,1.08416540455073,0.0519660087302327,0.41543643688783,-0.270914104767144,0.515322556486353,0.813176204217598,-0.680080380756408
-0.136109886923805,0.109541787998751,0.127440135227516,0.0715257541742176,-0.36441527470015,0.205326642142609,0.127736480534077,0.115961963636801,-0.130609902832657,0.294418933382258,0.730477168690413,0.799415985820815,-1.10450150608085,-1.46023806394078,-1.38112614350393,0.121192868566141,-0.677500806050375,-1.46749324654229,-0.209665305214003,0.188307845033705
